393249,4 289 0 14,625 -82 0 0 0
393250,2 291 0,5543326 27,4375 -87 0 0,2513174 0
394249,2 59 0 18,3125 -78 0 0 0
394498,9 105 0 18,9375 -80 0 0 0
395499,4 293 0 25,4375 -82 0 0 0
395749,6 58 0 19,75 -81 0 0 0
386498,8 292 0 11 -86 0 0 0
386748,8 292 0 12,1875 -88 0 0 0
390249 285 0 9,625 -87 0 0 0
391499,1 294 0 12,1875 -85 0 0 0
391749,1 292 0 12,5 -85 0 0 0
392749,6 159 0 31,125 -86 0 0 0
392999,2 292 0 16,9375 -83 0 0 0
393998,9 100 0 17,875 -78 0 0 0
394249,3 286 0 20,875 -81 0 0 0
395249,6 292 0 16,125 -80 0 0 0
395499,8 294 0 14,375 -82 0 0 0
386499,1 56 0 11,375 -87 0 0 0
390249,3 162 0 10,1875 -89 0 0 0
391499,3 295 0 1 -83 0 0 0
392499,3 286 0 14,625 -85 0 0 0
392749,3 158 0 16,9375 -83 0 0 0
393748,9 100 0 18,6875 -84 0 0 0
393999,1 292 0 16,5625 -77 0 0 0
395000,1 289 0 16,625 -85 0 0 0
395249,6 291 0 32,0625 -77 0 0 0
396249,5 103 0 12,1875 -86 0 0 0
407076,3 192 0 3,125 -85 0 0 0
407074,5 306 0 9,4375 -84 0 0 0
386998,4 60 0 9,4375 -86 0 0 0
389498,8 284 0,5163019 8,9375 -86 0 0 0
389499,2 286 0 9,75 -88 0 0 0
391999,4 286 0 40,6875 -82 0 0 0
393249,1 147 0 13,3125 -80 0 0 0
393248,8 291 0 13,3125 -81 0 0 0
394248,9 287 0 18,3125 -88 0 0 0
394499,3 285 0 15,875 -76 0 0 0
395749,8 296 0 21,8125 -78 0 0 0
407076 190 0 12,0625 -84 0 0 0
407076,3 191 0 1 -85 0 0 0
389998,5 162 0 9,75 -88 0 0 0
390998,6 293 0 11,9375 -87 0 0 0
391248,9 296 0,519641 5 -86 0 0 0
392249,5 59 0 26,6875 -87 0 0 0
392249,4 288 0 20,375 -84 0 0 0
392499,3 283 0,5684612 16,5625 -83 0 0 0
392499,7 285 0 24,4375 -88 0 0 0
393498,6 292 0,5431529 15,4375 -86 0 0 0
393499 292 0 15,3125 -80 0 0 0
393748,8 292 0 13,9375 -78 0 0 0
393749,2 292 0 21,375 -82 0 0 0
394749,2 162 0 20,125 -79 0 0 0
394999,4 286 0 18,3125 -79 0 0 0
387248,5 296 0 9,125 -88 0 0 0
390998,7 55 0 1 -86 0 0 0
391249,2 292 0 19,0625 -89 0 0 0
392249,6 287 0 32,9375 -85 0 0 0
392499,4 286 0 18,3125 -86 0 0 0
393498,9 291 0 16,5625 -82 0 0 0
393749 291 0 19,25 -80 0 0 0
394749,4 286 0 15,625 -78 0 0 0
394999,3 61 0 19,375 -82 0 0 0
395999,6 294 0 17,6875 -82 0 0 0
396249 102 0,6740909 15,75 -85 0 0 0
403226,5 201 0 0,625 -88 0 0 0
403225,5 197 0 1 -89 0 0 0
387248,4 297 0 10,6875 -89 0 0 0
390998,7 57 0 1 -85 0 0 0
391999,6 289 0 6,875 -87 0 0 0
392249,6 287 0 32,9375 -85 0 0 0
393248,7 56 0 11,4375 -87 0 0 0
393498,8 291 0 14,9375 -80 0 0 0
394499,7 286 0 16,5625 -86 0 0 0
394499,2 287 0 19,25 -80 0 0 0
394749,3 162 0 15,1875 -76 0 0 0
394749,4 286 0 17,25 -79 0 0 0
395749,7 295 0 13,375 -85 0 0 0
395999,6 297 0 19,3125 -81 0 0 0
403227,3 197 0 16,25 -82 0 0 0
386499,2 57 0 10,8125 -85 0 0 0
390248,8 289 0 10,1875 -86 0 0 0
391499,1 55 0 5,5 -81 0 0 0
392749,2 287 0 14,625 -81 0 0 0
393999 100 0 12,5625 -75 0 0 0
394998,9 162 0 19,0625 -87 0 0 0
395249,5 293 0 32,0625 -77 0 0 0
403225,3 198 0,5718223 1 -88 0 0 0
386748,8 55 0 9,75 -86 0 0 0
390498,5 56 0 1 -89 0 0 0
391749,1 292 0 35,625 -84 0 0 0
391999,3 287 0 29,3125 -86 0 0 0
392999,2 289 0 15,25 -81 0 0 0
393249,4 288 0 18,3125 -88 0 0 0
394249,1 290 0 17,125 -78 0 0 0
394249,2 288 0 12,8125 -75 0 0 0
394499,2 285 0 17,5 -81 0 0 0
395499,4 294 0 21,6875 -78 0 0 0
395749,7 298 0 22,875 -89 0 0 0
403224,5 198,5406 0,5402648 12,0625 -81 0,5406189 0 0
403226,1 198 0 7,75 -82 0 0 0
391498,8 99 0 13,25 -86 0 0 0
391749,2 292 0 43,625 -81 0 0 0
391749,4 297 0 5,875 -84 0 0 0
392750,4 292 0 16,8125 -89 0 0 0
392999,5 149 0 15,1875 -81 0 0 0
393999,2 103 0 18,3125 -86 0 0 0
393999 56 0 21,0625 -80 0 0 0
394249,1 287 0 16,8125 -76 0 0 0
394249,2 287 0 17,6875 -79 0 0 0
395249,5 292 0 17,8125 -83 0 0 0
395499,6 293 0 27,4375 -80 0 0 0
403226,7 91 0 12,1875 -81 0 0 0
386498,8 61 0 11 -86 0 0 0
390249 155 0 10,6875 -88 0 0 0
391499,1 292 0 11,5625 -85 0 0 0
391499,1 293 0 5,125 -81 0 0 0
391749,4 292 0 6,4375 -86 0 0 0
392748,9 150 0 14,4375 -82 0 0 0
392998,4 285 0 22,875 -89 0 0 0
393999 58 0 20,4375 -78 0 0 0
394249,3 286 0 20,3125 -81 0 0 0
395249,6 292 0 31,5 -77 0 0 0
395499,2 294 0 15,25 -88 0 0 0
403226 198 0,5129123 8,8125 -82 0 0 0
387248,7 290 0 9,75 -88 0 0 0
389749,6 291 0 10,6875 -87 0 0 0
390998,8 58 0 1 -85 0 0 0
392249,5 286 0 22,875 -82 0 0 0
393498,8 292 0 14,9375 -80 0 0 0
393748,4 290 0 22,25 -85 0 0 0
394749,4 287 0 14,5625 -76 0 0 0
394749,4 287 0 16,5625 -79 0 0 0
394999,4 286 0 18,625 -80 0 0 0
394998,9 288 0 17,3125 -88 0 0 0
395999,5 296 0 15,6875 -80 0 0 0
396646,9 262 0,5080166 4,75 -89 0 0 0
403225,9 197 0 12,4375 -82 0 0 0
386998,8 62 0 8,9375 -86 0 0 0
386998,4 292 0 9,75 -88 0 0 0
389498,9 287 0 9,625 -87 0 0 0
390748,5 292 0 1 -86 0 0 0
390748,6 291 0 1 -87 0 0 0
391749 288 0 12,6875 -88 0 0 0
391999,2 286 0 21,5625 -83 0 0 0
393249,2 288 0,5116847 12,3125 -80 0 0 0
395499,8 294 0,5330791 14,5 -86 0 0 0
395749,7 295 0 20,8125 -79 0 0 0
403225 198 0,5422966 1 -87 0 0 0
403226,5 198 0 7,375 -82 0 0 0
386749,5 60 0 16 -87 0 0 0
390499 45 0 9,4375 -86 0 0 0
391499,1 294 0 13,125 -85 0 0 0
391749,4 99 0 7 -85 0 0 0
392749,3 59 0 14,25 -86 0 0 0
392999,2 59 0 14,4375 -82 0 0 0
393999,4 102 0 24,4375 -84 0 0 0
393999,2 293 0 17,8125 -78 0 0 0
394249,1 290 0 16,0625 -77 0 0 0
394249,2 105 0 19,25 -80 0 0 0
395249,7 293 0 16,375 -80 0 0 0
395499,9 293 0 14,1875 -81 0 0 0
403225,3 91 0 1 -88 0 0 0
387248,7 292 0 9,75 -88 0 0 0
390998,6 293 0 4,9375 -85 0 0 0
392249,7 288 0,5203419 35,625 -84 0 0 0
392500,2 158 0 8,625 -87 0 0 0
393498,9 292 0 19,3125 -82 0 0 0
393748,8 291 0 21,125 -81 0 0 0
394749,3 287 0 14,9375 -77 0 0 0
394999,3 162 0 20,5625 -83 0 0 0
395999,5 294 0 15 -81 0 0 0
396248,3 294 0,537639 12,1875 -86 0 0 0
403224,6 91 0 39,25 -82 0 0 0
391249,1 293 0 11,125 -85 0 0 0
391499,1 294 0,5146677 13,125 -85 0 0 0
392499,7 287 0 23,25 -82 0 0 0
392747,4 288 0 1 -89 0 0 0
393748,7 292 0 16 -80 0 0 0
393999 102 0 19,5625 -80 0 0 0
394999,7 287 0 19,75 -80 0 0 0
395249,5 57 0 16,375 -79 0 0 0
396249,1 293 0 13,875 -83 0 0 0
386499,3 291 0 13,75 -85 0 0 0
386499,1 60 0 14,625 -85 0 0 0
390248,8 162 0 10,1875 -86 0 0 0
390249 162 0 11 -86 0 0 0
391499,1 293 0 4,8125 -81 0 0 0
392749,1 288 0,5016474 13,3125 -80 0 0 0
393999 292 0 12,9375 -75 0 0 0
395249,6 293 0 35,125 -76 0 0 0
386498,5 55 0 10,6875 -87 0 0 0
386749,1 288 0 11 -86 0 0 0
390248,6 162 0 11,4375 -89 0 0 0
390498,6 154 0 9,5625 -85 0 0 0
391499,3 62 0 13,75 -85 0 0 0
391749,4 290 0 12,1875 -85 0 0 0
393999 291 0 18,8125 -79 0 0 0
394248,9 286 0 19,5625 -80 0 0 0
395249,6 293 0 15,75 -82 0 0 0
395499,3 295 0 20,375 -80 0 0 0
387248,5 293 0 7,625 -89 0 0 0
389749,1 288 0,5037184 8,25 -88 0 0 0
390998,8 55 0 1 -86 0 0 0
393249,4 39 0 31,75 -86 1 0 0
393499 293 0 15,8125 -80 0 0 0
394499,2 286 0 25,625 -84 0 0 0
394499,2 287 0 17,25 -79 0 0 0
394749,4 287 0 23,1875 -81 0 0 0
394749,3 287 0 16,125 -77 0 0 0
395749,4 296 0 23,3125 -83 0 0 0
395999,7 295 0 23,3125 -83 0 0 0
386749,4 292 0 14,625 -85 0 0 0
389249,1 290 0,5193836 9,125 -88 0 0 0
390498,3 55 0 1 -87 0 0 0
391749,2 292 0 43,625 -81 0 0 0
391749,2 297 0 44,0625 -81 0 0 0
392998,8 289 0,6039008 13,1875 -80 0 0 0
395499,8 292 0 29,75 -78 0 0 0
395499,8 294 0 30,1875 -78 0 0 0
386498,8 294 0 12,375 -85 0 0 0
390249 35 0 9,625 -87 0 0 0
391248,5 295 0 19,0625 -89 0 0 0
391499,1 291 0 5,25 -83 0 0 0
392749,2 287 0 14,625 -81 0 0 0
393749,2 292 0 18,3125 -82 0 0 0
393998,8 57 0 13,375 -76 0 0 0
393998,7 58 0 19,5625 -79 0 0 0
394999,7 162 0 16,5 -84 0 0 0
395249,5 290 0 30,25 -78 0 0 0
387748,7 283 0 9,5625 -89 0 0 0
391499,1 58 0 5,25 -83 0 0 0
391499,1 297 0 4,8125 -81 0 0 0
391749,4 96 0 13,75 -88 0 0 0
392749,2 58 0 14,875 -81 0 0 0
393999,1 59 0 15 -76 0 0 0
394248,9 105 0 36,1875 -85 0 0 0
395249,5 292 0 30,875 -78 0 0 0
395249,4 291 0 24,75 -76 0 0 0
395499,7 291 0 37,125 -84 0 0 0
386748,8 295 0 12,375 -86 0 0 0
389248,9 292 0 9,75 -88 0 0 0
390498,4 36 0 9,875 -86 0 0 0
391749 292 0,5869524 13,5625 -83 0 0 0
391998,6 161 0 17,8125 -87 0 0 0
394249,2 290 0 18,6875 -76 0 0 0
394499,5 286 0 18,75 -83 0 0 0
395499,7 294 0 31,0625 -77 0 0 0
395499,8 294 0 14,4375 -80 0 0 0
395750,5 142 0 19,0625 -85 0 0 0
386998,7 290 0 9,9375 -85 0 0 0
389499,2 287 0 11,375 -87 0 0 0
390748,6 55 0 9,875 -85 0 0 0
391748,9 286 0 17,0625 -86 0 0 0
391999,3 286 0 24,4375 -81 0 0 0
391999,1 286 0 13,25 -85 0 0 0
393249 290 0 16 -81 0 0 0
395498,7 294 0 16,25 -85 0 0 0
395749,7 294 0 27,4375 -80 0 0 0
389999,1 287 0 15,25 -89 0 0 0
391249,2 292 0 13,4375 -85 0 0 0
391499,1 293 0 13,75 -85 0 0 0
392499,3 285 0 18,6875 -81 0 0 0
392500,2 287 0 15,25 -87 0 0 0
392748,9 57 0 17,3125 -83 0 0 0
393748,4 293 0 20,375 -80 0 0 0
393998,7 292 0 19,8125 -81 0 0 0
394999,3 287 0 24,9375 -79 0 0 0
395250 291 0 18,3125 -80 0 0 0
386749,5 56 0 22,875 -89 0 0 0
390499,2 42 0 12,4375 -87 0 0 0
391499,1 293 0 5,875 -84 0 0 0
391749,1 289 0 29,3125 -86 0 0 0
392748,9 59 0 15,875 -84 0 0 0
392998,8 287 0,5398398 13,375 -84 0 0 0
393999 290 0 19,0625 -81 0 0 0
393999,1 290 0 16,1875 -77 0 0 0
394249,2 286 0 18,3125 -78 0 0 0
394248,9 285 0 21,5625 -83 0 0 0
395249,7 292 0 15,25 -79 0 0 0
395499,7 294 0 14,6875 -83 0 0 0
386998,5 293 0 10,1875 -86 0 0 0
390748,5 294 0 1 -86 0 0 0
391999,3 288 0 22,875 -82 0 0 0
391999,3 287 0 24,25 -81 0 0 0
393248,9 291 0 12,0625 -80 0 0 0
394499,3 287 0 15,875 -76 0 0 0
394749,4 284 0 13,75 -88 0 0 0
395749,7 295 0 20,625 -79 0 0 0
395997,7 299 0,5400064 22,125 -89 0 0 0
387498,2 288 0 16,9375 -89 0 0 0
389998,7 284 0 8,375 -86 0 0 0
389998,5 162 0 11,375 -87 0 0 0
391249 294 0 1 -84 0 0 0
392499,1 286 0 15,625 -80 0 0 0
393498,9 290 0,5596814 17,375 -87 0 0 0
393748,8 292 0 13,5625 -78 0 0 0
394749,9 286 0 16,8125 -88 0 0 0
394999,3 162 0 35,4375 -75 0 0 0
396000 297 0 18,3125 -86 0 0 0
396249,5 55 0 12,3125 -81 0 0 0
396249,1 294 0 13,5 -83 0 0 0
386499 292 0 11,4375 -85 0 0 0
386498,9 60 0 14,25 -86 0 0 0
387748,8 284 0 6,8125 -89 0 0 0
390248,8 55 0 10,1875 -86 0 0 0
390248,7 162 0 11,375 -87 0 0 0
391499,1 293 0 4,8125 -81 0 0 0
393999 59 0 12,9375 -75 0 0 0
395249,5 292 0 25,3125 -76 0 0 0
390498,4 55 0 1 -89 0 0 0
390498,6 55 0 8,9375 -85 0 0 0
390748,8 290 0 20,375 -89 0 0 0
391749,2 292 0 40,6875 -82 0 0 0
392999,5 148 0,533177 14,375 -82 0 0 0
393248,9 291 0 14,25 -86 0 0 0
394248,9 287 0 19,8125 -79 0 0 0
394249,1 286 0 18,3125 -76 0 0 0
394499,2 285 0 18,125 -80 0 0 0
394498,6 279 0,5347981 26,25 -86 0 0 0
395499,7 294 0 28,4375 -79 0 0 0
395748,9 299 0,5155542 28,0625 -87 0 0 0
386748,8 291 0 10,1875 -89 0 0 0
389499,5 286 0 12,8125 -88 0 0 0
390498,8 158 0 11,4375 -89 0 0 0
390749,1 293 0 10,5625 -87 0 0 0
391749,4 292 0 6,875 -87 0 0 0
391999,2 288 0 21,5625 -83 0 0 0
392999,7 289 0 21,875 -84 0 0 0
392999,2 295 0 10,1875 -89 0 0 0
393249,4 291 0 13,5625 -80 0 0 0
393249,4 292 0 21,8125 -84 0 0 0
394248,9 104 0 21,375 -81 0 0 0
394499,2 162 0 17,5 -79 0 0 0
395498,7 294 0 14,5 -86 0 0 0
395749,4 296 0 17,25 -79 0 0 0
386998,5 100 0 10,1875 -86 0 0 0
386998,8 291 0 10,0625 -85 0 0 0
388249 288 0 8,75 -89 0 0 0
389499,3 287 0 10,6875 -87 0 0 0
390748,5 55 0 1 -86 0 0 0
391999,3 286 0 22,375 -82 0 0 0
393249,1 292 0 13,1875 -80 0 0 0
393249,1 292 0 13,1875 -80 0 0 0
393498,9 295 0 16 -88 0 0 0
394499,2 290 0 12,25 -76 0 0 0
386499,3 290 0 11,4375 -89 0 0 0
386749,4 291 0 9,75 -88 0 0 0
390498,8 55 0 13,75 -88 0 0 0
391499,4 293 0 13,25 -86 0 0 0
391749,2 290 0 38,375 -83 0 0 0
392749,6 279 0,5372711 32,875 -85 0 0 0
392748,9 158 0 15,25 -89 0 0 0
392999,5 288 0 14,875 -81 0 0 0
392998,7 154 0 15,75 -85 0 0 0
393999 58 0 21,0625 -80 0 0 0
394248,9 104 0 19,3125 -79 0 0 0
395250 294 0 18 -84 0 0 0
395499,6 294 0 20,75 -79 0 0 0
386998,7 293 0 12,4375 -87 0 0 0
389499,5 286 0 14,9375 -87 0 0 0
390748,5 295 0 1 -86 0 0 0
390748,5 55 0 1 -86 0 0 0
391999,1 287 0 17,625 -81 0 0 0
393249,2 291 0 12,125 -79 0 0 0
395749,8 295 0 21,8125 -78 0 0 0
407023,5 288 0 10,25 -81 0 0 0
386748,8 57 0 10,1875 -89 0 0 0
389499,3 287 0 9,125 -88 0 0 0
390498,6 36 0 20,375 -89 0 0 0
390748,7 294 0 11 -86 0 0 0
391749,4 296 0 12,1875 -88 0 0 0
391999,4 285 0 35,625 -84 0 0 0
392999,2 291 0 21,8125 -84 0 0 0
393248,7 292 0 14,1875 -84 0 0 0
394248,9 105 0 31,3125 -81 0 0 0
394499,2 286 0 17,8125 -79 0 0 0
395499,8 293 0 33,0625 -85 0 0 0
395499,3 294 0 20,375 -80 0 0 0
395749,7 294 0 21,375 -79 0 0 0
395749,7 295 0 37,0625 -84 0 0 0
387248,7 289 0 8,125 -89 0 0 0
389749,1 287 0 9,625 -87 0 0 0
389748,3 288 0 12,6875 -89 0 0 0
390998,8 55 0 10,0625 -85 0 0 0
392249,3 287 0 16,5625 -82 0 0 0
393248,9 60 0 14,875 -86 0 0 0
393498,9 289 0 13,0625 -78 0 0 0
393498,9 291 0 13,875 -80 0 0 0
395749,4 295 0 23,9375 -83 0 0 0
395999,5 295 0 16,375 -79 0 0 0
395999,6 295 0 19,3125 -82 0 0 0
386498,9 56 0 10,6875 -88 0 0 0
386499,3 293 0 13,75 -85 0 0 0
386748,8 55 0 10,1875 -89 0 0 0
390248,8 162 0 10,1875 -86 0 0 0
390499,6 55 0 12,1875 -88 0 0 0
391499,3 292 0 1 -83 0 0 0
393999 59 0 14 -76 0 0 0
394248,9 106 0 20,875 -86 0 0 0
395249,5 292 0 14,3125 -78 0 0 0
395499,7 55 0 14,625 -85 0 0 0
386998,3 295 0 10,6875 -87 0 0 0
389499,1 288 0 10,1875 -86 0 0 0
389498,9 105 0 8,25 -88 0 0 0
390748,6 44 0 1 -86 0 0 0
391999,4 288 0 40,6875 -82 0 0 0
392998,4 60 0 22,875 -89 0 0 0
393249,4 291 0 15,4375 -81 0 0 0
394248,9 333 0 15,125 -87 0 0 0
394499,3 287 0 15,375 -76 0 0 0
395500,2 294 0 7,25 -85 0 0 0
395749,7 295 0 21,6875 -78 0 0 0
395749,6 294 0 20,0625 -80 0 0 0
386998,7 98 0 11 -86 0 0 0
390748,8 55 0 10,6875 -85 0 0 0
390998,6 292 0 3,9375 -86 0 0 0
391999,3 288 0 32,9375 -85 0 0 0
392249,9 287 0 8,625 -87 0 0 0
393248,9 289 0 16,6875 -84 0 0 0
393499 292 0 15,375 -81 0 0 0
394499,2 287 0 17,125 -78 0 0 0
394749,4 287 0 20,125 -82 0 0 0
395749,6 296 0 19 -81 0 0 0
395999,6 298 0 17,8125 -83 0 0 0
387248,9 297 0 10,6875 -88 0 0 0
389749,3 289 0 12,6875 -89 0 0 0
389748,8 288 0 9,75 -86 0 0 0
390998,7 56 0 1 -85 0 0 0
392249,5 287 0 21,5625 -83 0 0 0
392497,9 162 0 22,875 -89 0 0 0
393498,8 292 0 14,3125 -79 0 0 0
394749,3 286 0 14,9375 -76 0 0 0
394999,2 289 0 18,8125 -85 0 0 0
395999,5 294 0 16,25 -80 0 0 0
395999,2 297 0 14,375 -79 0 0 0
396249,5 291 0 18,3125 -88 0 0 0
387248,5 293 0 11,4375 -89 0 0 0
387248,8 292 0 8,875 -87 0 0 0
389749,2 287 0 12,4375 -87 0 0 0
390998,9 56 0 1 -87 0 0 0
390998,8 56 0 1 -85 0 0 0
391248,9 293 0 11,9375 -89 0 0 0
392249,5 286 0,54322 22,4375 -82 0 0 0
393498,9 292 0 14 -79 0 0 0
393749,2 291 0 20,875 -85 0 0 0
395999,2 298 0,50622 13,875 -79 0 0 0
386749,5 289 0 13,75 -88 0 0 0
386749,1 293 0 12,375 -85 0 0 0
390498,3 162 0 1 -87 0 0 0
390499 55 0 11,375 -87 0 0 0
390749 55 0 12,8125 -88 0 0 0
391749,2 101 0 40,6875 -82 0 0 0
392999,2 60 0 14,625 -82 0 0 0
393249,4 290 0 18,9375 -86 0 0 0
394249,1 290 0 13,5 -76 0 0 0
394500,2 285 0,519925 16,25 -87 0 0 0
395499,7 294 0 29,375 -79 0 0 0
395750 294 0,5145702 29,625 -86 0 0 0
386499,3 56 0 13,75 -88 0 0 0
390499 290 0 11,375 -87 0 0 0
391498,8 293 0 14,5 -87 0 0 0
391749,2 292 0 38,375 -83 0 0 0
392749,4 153 0 21 -84 0 0 0
392999,2 288 0 15,25 -85 0 0 0
393999 60 0 19,5625 -80 0 0 0
394248,9 101 0 19,3125 -79 0 0 0
395249,7 292 0 52,625 -79 0 0 0
395499,4 293 0 37,0625 -84 0 0 0
390248,1 162 0 1 -89 0 0 0
391249,2 293 0 1 -88 0 0 0
391499,1 295 0 4,5625 -82 0 0 0
391498,9 293 0 37,75 -83 0 0 0
392499,4 282 0 22,875 -89 0 0 0
392749,4 288 0 14,75 -81 0 0 0
393749,4 293 0 15,25 -87 0 0 0
393999 290 0 13,6875 -76 0 0 0
395000 292 0 18,3125 -82 0 0 0
395249,7 292 0 15,375 -79 0 0 0
389748,8 289 0 10,6875 -87 0 0 0
390998,6 58 0 4,25 -86 0 0 0
390998,6 292 0 3,5625 -84 0 0 0
391248,6 294 0 25,625 -87 0 0 0
392249,4 287 0 21,25 -83 0 0 0
393498,9 292 0 14,375 -79 0 0 0
393498,6 292 0 12,8125 -78 0 0 0
393748,4 99 0 22,875 -85 0 0 0
394749,4 285 0 9,4375 -76 0 0 0
394999,7 289 0 23,375 -89 0 0 0
395999,2 295 0 14,75 -79 0 0 0
386998,7 290 0 9,625 -87 0 0 0
390748,8 42 0 10 -85 0 0 0
391999,1 290 0 20,375 -84 0 0 0
392249,1 287 0 16 -87 0 0 0
393249,4 290 0 19,8125 -85 0 0 0
393249,1 291 0 13,3125 -80 0 0 0
393499,2 290 0 19,0625 -82 0 0 0
393498,6 295 0 14,25 -88 0 0 0
394499,2 288 0 14,9375 -78 0 0 0
394749,4 287 0 18,5625 -83 0 0 0
395749,3 296 0 19,6875 -81 0 0 0
395999,2 298 0,5051762 21,8125 -84 0 0 0
387498,5 162 0 10,1875 -89 0 0 0
389998,6 286 0 10,1875 -86 0 0 0
391249,1 294 0 1 -83 0 0 0
392499,3 285 0 18,125 -81 0 0 0
392499,1 282,079 0,5473121 15,75 -80 0,07901001 0 0
393748,8 294 0 12,75 -77 0 0 0
394999,3 286 0 33,9375 -76 0 0 0
395250 292 0 18,3125 -88 0 0 0
396249,2 295 0 12,5 -81 0 0 0
386499,3 291 0 13,75 -88 0 0 0
390249,3 162 0 10,1875 -89 0 0 0
391499,1 295 0 13,125 -85 0 0 0
391749,4 291 0 13,125 -85 0 0 0
392749,3 290 0 17,6875 -82 0 0 0
392999,7 291 0 17,8125 -87 0 0 0
393999,2 290 0 18,5 -78 0 0 0
393998,8 58 0 13,625 -76 0 0 0
394249,3 105 0 20,125 -80 0 0 0
394249,7 287 0 27,4375 -88 0 0 0
395249,8 292 0 55,3125 -78 0 0 0
395500,2 289 0 8,375 -87 0 0 0
390498,4 55 0 1 -89 0 0 0
390749,5 292 0 10,6875 -88 0 0 0
391749,4 98 0 13,125 -85 0 0 0
391999,3 290 0 32,9375 -85 0 0 0
392998,7 162 0 13,8125 -86 0 0 0
392999,2 162 0 14,5 -81 0 0 0
