384470,7 299 0 15 -93 0 0 0
384470,5 19 0 15,0625 -93 0 0 0
386998,5 58 0 7,125 -84 0 0 0
387748,6 290 0 6,25 -89 0 0 0
388999,3 292 0,5053558 6,125 -89 0 0 0
389499 289 0 6,6875 -85 0 0 0
390248,8 162 0 6,375 -84 0 0 0
390748,7 44 0 1 -86 0 0 0
394499,2 286 0 3,6875 -75 0 0 0
395249,5 291 0 15,8125 -74 0 0 0
395749,6 295 0 10,8125 -76 0 0 0
389748,8 288 0 6,875 -85 0 0 0
390998,8 293 0 1 -85 0 0 0
391498,9 293 0,5150029 12,6875 -87 0 0 0
391749,2 100 0 38,375 -83 0 0 0
392249,4 286 0 11,375 -80 0 0 0
392749,6 286 0 26,3125 -87 0 0 0
392999,5 291 0 14,875 -82 0 0 0
393498,8 293 0 1 -83 0 0 0
393998,7 292 0 20,3125 -81 0 0 0
394248,9 60 0 20,125 -79 0 0 0
394749,3 286 0 32,9375 -74 0 0 0
395999,4 296 0 10,0625 -77 0 0 0
388749 298 0 7,1875 -88 0 0 0
389249,3 288 0 5,8125 -87 0 0 0
390498,6 147 0 1 -88 0 0 0
391249 295 0 1 -82 0 0 0
391749,2 291 0 25,0625 -79 0 0 0
392499,4 286 0 11,125 -79 0 0 0
392999,3 61 0 9,125 -78 0 0 0
393748,7 294 0 1 -80 0 0 0
403226,2 197 0 9,25 -82 0 0 0
386498,9 293 0 6,5625 -84 0 0 0
386998,6 292 0 6,5625 -84 0 0 0
389499,1 287 0 5,75 -85 0 0 0
390248,5 154 0 7,8125 -85 0 0 0
391499,1 292 0 44,375 -80 0 0 0
391999,3 287 0 13,0625 -80 0 0 0
390249 162 0 8 -85 0 0 0
390998,9 55 0 1 -85 0 0 0
391499,1 292 0 4,0625 -80 0 0 0
392249,4 287 0 11,375 -80 0 0 0
393498,7 293 0 1 -83 0 0 0
393998,8 291 0 1 -77 0 0 0
394749,4 286 0 63,8125 -74 0 0 0
395249,6 292 0 18,125 -75 0 0 0
395999,4 295 0 10,125 -77 0 0 0
403225,6 91 0 1 -89 0 0 0
387498,5 287 0 8,125 -86 0 0 0
388749,1 295 0 8,75 -89 0 0 0
389249,2 99 0 10,6875 -89 0 0 0
389998,1 288 0 1 -89 0 0 0
390498,6 57 0 9,125 -85 0 0 0
391248,9 292 0 1 -81 0 0 0
391749,2 292 0 46,625 -80 0 0 0
392999,2 58 0 12,625 -79 0 0 0
403224,2 197 0 16,25 -82 0 0 0
405015,4 23 0,7252078 7,3125 -86 0 0 0
405015 36 0,7568595 7,125 -86 0 0 0
386997,9 99 0 1 -88 0 0 0
388999,1 294 0 6,625 -89 0 0 0
393249,2 291 0 11,5625 -78 0 0 0
393998,9 59 0 10,625 -74 0 0 0
394499,1 104 0 64,875 -74 0 0 0
395249,5 292 0 19,625 -74 0 0 0
395749,6 294 0 16 -76 0 0 0
403225,9 197 0,5163028 8,6875 -81 0 0 0
386748,8 291 0 8,75 -84 0 0 0
387998,9 162 0 6,375 -89 0 0 0
388498,9 296 0 16,4375 -89 0 0 0
389249,3 292 0 7,3125 -87 0 0 0
389749 287 0 8,5 -85 0 0 0
390498,4 44 0 1 -87 0 0 0
390998,8 55 0 1 -84 0 0 0
391749,2 290 0 25,9375 -79 0 0 0
392249,5 287 0 18,125 -80 0 0 0
403227,9 91 0 1 -84 0 0 0
386498,5 294 0 7,4375 -83 0 0 0
390998,8 56 0 1 -83 0 0 0
391499,1 294 0 4,0625 -80 0 0 0
392249,4 287 0 15,25 -79 0 0 0
392749,4 290 0 12,5 -78 0 0 0
393498,8 292 0 9,9375 -76 0 0 0
394749,3 288 0 64,875 -74 0 0 0
395249,5 292 0 15,8125 -74 0 0 0
395999,6 296 0 10,0625 -77 0 0 0
403224,3 91 0 15,5625 -82 0 0 0
403227,3 198 0 15,875 -82 0 0 0
386748,8 293 0 6,6875 -83 0 0 0
387498,6 102 0 7,5 -87 0 0 0
387998,8 162 0 8,625 -89 0 0 0
389249,1 294 0 5,1875 -87 0 0 0
389999,1 162 0 10,6875 -87 0 0 0
394249 289 0 1 -75 0 0 0
395499,7 293 0 14,9375 -76 0 0 0
396249,3 100 0 10,8125 -80 0 0 0
403225 197 0 1 -86 0 0 0
403225,4 199 0 9,5625 -81 0 0 0
388999,2 289 0,5083675 4,8125 -89 0 0 0
389498,9 287 0 6,1875 -86 0 0 0
390248,5 162 0 6,6875 -85 0 0 0
390748,8 55 0 1 -87 0 0 0
391499,1 294 0 3,25 -80 0 0 0
392749,4 61 0 10,1875 -78 0 0 0
393248,6 148 0 1 -86 0 0 0
393998,9 59 0 1 -78 0 0 0
403227,5 197 0 14,375 -82 0 0 0
386498,7 292 0 7,0625 -83 0 0 0
387248,5 291 0 6,6875 -85 0 0 0
392249,4 286 0 11,0625 -80 0 0 0
392749,5 287 0 9,875 -78 0 0 0
393998,9 62 0 1 -78 0 0 0
394749,4 287 0 63,6875 -74 0 0 0
395249,5 292 0 15,8125 -74 0 0 0
395999,7 296 0 10,8125 -77 0 0 0
386748,8 292 0 6,6875 -83 0 0 0
387498,5 291 0 5,6875 -87 0 0 0
388748,9 294 0 5,625 -88 0 0 0
389249,2 291 0 5,0625 -87 0 0 0
389998,7 287 0 5,9375 -84 0 0 0
390498,6 155 0 1 -88 0 0 0
391248,9 293 0 1 -81 0 0 0
396248,8 289 0 1 -88 0 0 0
403227,3 198 0 16,8125 -81 0 0 0
389499,3 287 0 6,875 -85 0 0 0
389998,8 288 0,5019646 11 -86 0 0 0
390748,7 292 0 1 -86 0 0 0
391249 293 0 1 -83 0 0 0
391999,3 288 0 15,5625 -81 0 0 0
393248,9 291 0 11,875 -78 0 0 0
393748,9 292 0 11,625 -76 0 0 0
394499,2 286 0 4,1875 -75 0 0 0
394999,5 287 0 34,875 -74 0 0 0
387248,7 293 0 6,4375 -85 0 0 0
388499,1 293 0 2,625 -89 0 0 0
389249,2 290 0 6,1875 -87 0 0 0
389749 288 0 7,1875 -84 0 0 0
390998,9 292 0 1 -85 0 0 0
391749,3 288 0 45 -80 0 0 0
392249,3 288 0 11,8125 -80 0 0 0
392999,3 291 0 10,875 -79 0 0 0
386998,8 294 0 6,8125 -83 0 0 0
387498,5 290 0 7,125 -87 0 0 0
388749,1 294 0 8,5625 -89 0 0 0
389499 287 0 6,6875 -85 0 0 0
389998,9 286 0 7,375 -85 0 0 0
390748,6 55 0 1 -85 0 0 0
391248,9 293 0 1 -82 0 0 0
394999,5 286 0 34,125 -74 0 0 0
395749,5 296 0 11,0625 -76 0 0 0
386498,9 292 0 6,5 -83 0 0 0
388999,3 293 0 7,3125 -88 0 0 0
389499,3 288 0 6,875 -85 0 0 0
390248,7 30 0 7,875 -84 0 0 0
392749,3 287 0 10,25 -78 0 0 0
393249,1 290 0 10,0625 -78 0 0 0
393998,8 101 0 1 -77 0 0 0
395249,5 292 0 16 -74 0 0 0
390998,9 55 0 1 -85 0 0 0
391749,2 292 0 25,0625 -79 0 0 0
392249,5 287 0 13,5 -80 0 0 0
392999,3 291 0 9,625 -78 0 0 0
393498,8 292 0 9,75 -76 0 0 0
394249 286 0 1 -75 0 0 0
394749,4 286 0 63,6875 -74 0 0 0
395499,6 293 0 13,5 -75 0 0 0
395999,4 296 0 10 -77 0 0 0
387748,6 284 0 6,1875 -89 0 0 0
388499 292 0 16,1875 -89 0 0 0
389748,6 288 0 7,375 -85 0 0 0
390248,8 162 0 7,125 -84 0 0 0
390998,8 56 0 1 -84 0 0 0
391499 294 0 45 -80 0 0 0
392749,4 61 0 10,1875 -78 0 0 0
393498,8 293 0 9,6875 -76 0 0 0
386748,9 291 0 7,0625 -83 0 0 0
387498,4 162 0 1 -89 0 0 0
389999,1 285 0 7,625 -84 0 0 0
390498,5 55 0 1 -88 0 0 0
394999,5 286 0 34,125 -74 0 0 0
395499,6 294 0 13,8125 -75 0 0 0
396248,9 295 0,5263846 1 -89 0 0 0
386998,5 291 0 7,125 -84 0 0 0
387498,3 101 0 8,375 -87 0 0 0
391248,9 293 0 1 -82 0 0 0
391999,3 288 0 16,75 -80 0 0 0
392499,4 286 0 11,125 -79 0 0 0
393248,9 291 0 9,5625 -79 0 0 0
393748,7 293 0 1 -80 0 0 0
395749,5 294 0 11,0625 -76 0 0 0
396249,1 295 0 1 -89 0 0 0
405015,3 23 0,7070723 6,3125 -86 0 0 0
405014,5 18 0 5,125 -86 0 0 0
386499,1 294 0 7,875 -83 0 0 0
387748,7 288 0 5,875 -88 0 0 0
388999,1 293 0 5,0625 -89 0 0 0
389748,8 162 0 12,1875 -88 0 0 0
390248,7 162 0 7,0625 -85 0 0 0
390748,8 293 0 20,375 -89 0 0 0
390998,6 290 0 5,625 -86 0 0 0
391499,1 293 0 44,4375 -80 0 0 0
395748,9 293 0 18,3125 -88 0 0 0
395999,2 295 0 13 -79 0 0 0
390498,4 291 0 1 -87 0 0 0
390998,9 56 0 1 -85 0 0 0
391749,2 291 0 23,75 -80 0 0 0
392249,4 286 0 11,1875 -80 0 0 0
392999,2 291 0 9,8125 -78 0 0 0
393499 293 0 9,8125 -76 0 0 0
394749,4 286 0 63,8125 -74 0 0 0
395499,6 294 0 15,1875 -76 0 0 0
395999,6 295 0 10,0625 -77 0 0 0
386748,8 295 0 7,4375 -83 0 0 0
387498,5 98 0 7,125 -87 0 0 0
388749 293 0 6,1875 -89 0 0 0
389249,2 288 0 5,6875 -86 0 0 0
389998,9 284 0,5230072 7,375 -85 0 0 0
394249 105 0 1 -76 0 0 0
394999,5 287 0 34,125 -74 0 0 0
396248,8 55 0 1 -89 0 0 0
389747,8 103 0 11,0625 -88 0 0 0
390248,7 162 0 7,0625 -85 0 0 0
390999 57 0 1 -87 0 0 0
391499,1 293 0 3,375 -80 0 0 0
391999,3 284 0,514963 26,6875 -87 0 0 0
392249,6 290 0 32,9375 -85 0 0 0
392749,4 58 0 10,6875 -79 0 0 0
393248,9 290 0,550006 16,6875 -84 0 0 0
393499,3 291 0 18,0625 -81 0 0 0
394499,2 290 0 18,625 -79 0 0 0
394749,4 288 0 19,25 -80 0 0 0
395249,5 292 0 16 -74 0 0 0
386748,8 58 0 7,3125 -82 0 0 0
387248,7 294 0 6,1875 -85 0 0 0
388498,9 60 0 16,625 -89 0 0 0
389249,2 290 0 5 -87 0 0 0
389749 287 0 8,1875 -84 0 0 0
393498,8 292 0 9,4375 -76 0 0 0
394249 288 0 1 -75 0 0 0
394749,3 286 0 64,0625 -74 0 0 0
390248,7 162 0 9,5625 -86 0 0 0
390748,7 294 0 1 -86 0 0 0
391499,1 295 0 4,5625 -81 0 0 0
391999,3 288 0 12,9375 -80 0 0 0
392749,3 153 0 13,5625 -80 0 0 0
393248,9 291 0 9,4375 -78 0 0 0
393749,9 104 0 18,3125 -88 0 0 0
393999 58 0 13,625 -76 0 0 0
394999,2 162 0 22 -85 0 0 0
395249,6 293 0 32,0625 -77 0 0 0
395749,7 295 0 12,0625 -76 0 0 0
387248,7 295 0 6,1875 -85 0 0 0
388499,1 291 0 2,5625 -89 0 0 0
388999,3 295 0 6 -89 0 0 0
390248,7 162 0 7,0625 -85 0 0 0
390998,8 293 0 1 -85 0 0 0
391499,1 293 0 3,4375 -80 0 0 0
392249,4 286 0 11,0625 -80 0 0 0
392749,5 280 0 9,875 -78 0 0 0
407025,1 297 0 12,6875 -67 0 0 0
386748,6 292 0 7,0625 -83 0 0 0
387498,5 289 0 6,4375 -86 0 0 0
388749,1 291 0,6326735 8,5625 -89 0 0 0
390498,6 55 0 1 -89 0 0 0
391749,3 291 0 44,6875 -80 0 0 0
394999,5 287 0 33,9375 -74 0 0 0
395499,8 294 0 14,4375 -76 0 0 0
396249,3 55 0 8 -79 0 0 0
386998,5 60 0 6,375 -84 0 0 0
387748,5 59 0 8,75 -89 0 0 0
389499,3 287 0 5,875 -85 0 0 0
390248,7 162 0 7,0625 -85 0 0 0
390748,7 292 0 1 -86 0 0 0
395249,6 292 0 17,9375 -75 0 0 0
395749,5 295 0 11,0625 -76 0 0 0
387748,7 56 0 5,625 -88 0 0 0
388498,9 292 0 19,8125 -88 0 0 0
392249,4 287 0 9,5 -80 0 0 0
392749,4 61 0 10,1875 -78 0 0 0
393498,7 292 0 1 -82 0 0 0
393998,9 292 0 1 -78 0 0 0
394749,4 286 0 63,5625 -74 0 0 0
395249,5 292 0 15,8125 -74 0 0 0
395999,6 296 0 10,0625 -77 0 0 0
389249,2 288 0,5150853 6,0625 -87 0 0 0
389998,5 287 0 6,4375 -85 0 0 0
390498,5 55 0 1 -88 0 0 0
391248,9 295 0 1 -82 0 0 0
391749,2 292 0 25,3125 -79 0 0 0
392499,4 286 0 12,8125 -80 0 0 0
392999 289 0 8,6875 -78 0 0 0
393749 292 0 10,6875 -76 0 0 0
386498,9 291 0 8,875 -84 0 0 0
386998,9 58 0 5,3125 -84 0 0 0
387748,7 107 0 6,375 -89 0 0 0
388248,8 286 0 2,625 -89 0 0 0
393998,9 58 0 1 -78 0 0 0
394499,2 287 0 3,625 -75 0 0 0
395249,5 292 0 18,625 -75 0 0 0
395749,7 296 0 11,75 -76 0 0 0
390998,8 57 0 1 -84 0 0 0
391499,1 292 0 3,3125 -80 0 0 0
392249,4 288 0 11,375 -80 0 0 0
392749,3 287 0 9,5 -78 0 0 0
393498,7 292 0 1 -83 0 0 0
393998,9 57 0 1 -78 0 0 0
394749,4 287 0 3,9375 -75 0 0 0
395249,6 293 0 17,6875 -75 0 0 0
395999,3 296 0,5750406 9,8125 -76 0 0 0
387498,6 292 0 7,5 -87 0 0 0
387998,8 284 0 6,125 -89 0 0 0
389249,1 293 0 6,125 -86 0 0 0
389998,8 287 0 8,9375 -86 0 0 0
390498,6 56 0 1 -88 0 0 0
391249 292 0 1 -83 0 0 0
391749,3 291 0 44,5 -80 0 0 0
392499,3 286 0 15 -81 0 0 0
386498,9 58 0 7,25 -83 0 0 0
386998,4 290 0 6,1875 -84 0 0 0
387748,6 286 0 7,4375 -88 0 0 0
392749,3 152 0 9,5 -78 0 0 0
393248,6 59 0 1 -86 0 0 0
393998,9 101 0 1 -78 0 0 0
394499,2 287 0 4,0625 -75 0 0 0
395249,6 292 0 15,4375 -74 0 0 0
389748,8 286 0 8,75 -84 0 0 0
390249 162 0 8 -85 0 0 0
390998,9 291 0 1 -84 0 0 0
391499,1 292 0 3,75 -80 0 0 0
392249,3 286 0 14,9375 -80 0 0 0
392749,3 156 0 12,6875 -78 0 0 0
393498,8 292 0 9,75 -76 0 0 0
393999 58 0 10 -74 0 0 0
394749,4 287 0 5,3125 -74 0 0 0
387498,3 103 0 1 -89 0 0 0
388749,2 294 0,5005561 16,4375 -89 0 0 0
389249,3 289 0 7,3125 -87 0 0 0
389999,1 284 0 8,75 -84 0 0 0
390498,4 287 0 1 -87 0 0 0
391248,9 292 0 3,3125 -81 0 0 0
391749,2 292 0 25,9375 -79 0 0 0
396249,1 99 0 10,125 -79 0 0 0
386499 57 0 9,3125 -83 0 0 0
387248,2 295 0 1 -89 0 0 0
387748,6 280 0 9,3125 -89 0 0 0
388498,8 294 0 10,4375 -88 0 0 0
388999,1 296 0 6,625 -89 0 0 0
390248,8 162 0 8,9375 -85 0 0 0
394749,3 287 0 64,875 -74 0 0 0
395249,5 293 0 19,8125 -74 0 0 0
395999,6 126 0 13,6875 -77 0 0 0
386748,9 294 0 7,9375 -83 0 0 0
387248,5 292 0 6,6875 -85 0 0 0
387998,8 63 0 10,375 -88 0 0 0
392249,5 285 0 16,8125 -81 0 0 0
392999 291 0 9,375 -78 0 0 0
393499 292 0 11,4375 -77 0 0 0
394249 105 0 1 -76 0 0 0
395999,4 298 0 11,5625 -77 0 0 0
407076,3 191 0 1 -85 0 0 0
407075,2 306 0 7 -83 0 0 0
389998,9 287 0 6,4375 -84 0 0 0
391248,9 293 0 1 -81 0 0 0
391999,3 287 0 13,0625 -80 0 0 0
392499,4 286 0 11,125 -79 0 0 0
393248,6 291 0 1 -86 0 0 0
393748,8 292 0 1 -80 0 0 0
394499,2 290 0 3,625 -75 0 0 0
394999,5 162 0 33,5625 -74 0 0 0
395749,6 295 0 10,8125 -76 0 0 0
407075,9 191 0 37,875 -83 0 0 0
407076,4 306 0 1 -87 0 0 0
387248,7 294 0 6,1875 -85 0 0 0
387748,6 55 0 6,1875 -89 0 0 0
388498,9 294 0 8,5625 -89 0 0 0
389749,2 285 0 5,9375 -85 0 0 0
390998,8 292 0 1 -85 0 0 0
391499,1 293 0 3,375 -80 0 0 0
392249,4 286 0 11,0625 -80 0 0 0
392749,5 290 0 9,875 -78 0 0 0
407076,3 306 0 3,3125 -84 0 0 0
386748,9 59 0 7,0625 -83 0 0 0
387248,6 291 0,5245925 7,0625 -85 0 0 0
389249,2 291 0 5 -87 0 0 0
389749,3 288 0 6,6875 -85 0 0 0
390498,6 292 0 1 -88 0 0 0
394749,4 286 0 63,9375 -74 0 0 0
395499,5 294 0 11,9375 -75 0 0 0
403224,7 92 0 3,875 -84 0 0 0
403227,8 197 0 3,125 -84 0 0 0
386998,4 288 0 9,4375 -86 0 0 0
387498,6 293 0 7,5 -87 0 0 0
392499,5 285 0,5418327 15,6875 -79 0 0 0
393248,9 291 0 13,75 -79 0 0 0
393749 293 0 10,625 -75 0 0 0
394250,4 288 0 25,9375 -87 0 0 0
394499,2 286 0 15,8125 -75 0 0 0
394999,5 287 0 36,4375 -73 0 0 0
395498,7 292 0 24,4375 -89 0 0 0
395749,6 294 0 21,9375 -78 0 0 0
403225,3 91 0 1 -86 0 0 0
386499,1 293 0 10,9375 -83 0 0 0
390248,3 55 0 1 -89 0 0 0
390748,6 290 0 1 -84 0 0 0
392749,4 288 0 12,5 -78 0 0 0
393249,1 291 0 10,5 -77 0 0 0
393998,9 100 0 10,75 -74 0 0 0
394499,2 287 0 5,125 -74 0 0 0
395249,5 292 0 19,8125 -74 0 0 0
395749,6 295 0 14,25 -75 0 0 0
387248,5 294 0 8,25 -85 0 0 0
388498,9 292 0 16,4375 -89 0 0 0
389249,2 289 0 7,6875 -87 0 0 0
390498,5 44 0 1 -86 0 0 0
390998,8 58 0 1 -84 0 0 0
391749,3 291 0 49,0625 -79 0 0 0
392249,4 287 0 14,25 -80 0 0 0
393498,9 292 0 10,25 -76 0 0 0
386499,1 57 0 9,9375 -84 0 0 0
386998,7 61 0 8,5 -83 0 0 0
387748,9 282 0 7,5 -87 0 0 0
388249 157 0 1 -89 0 0 0
389499,1 289 0 8,5 -84 0 0 0
390748,7 293 0 1 -85 0 0 0
393998,9 59 0 10,5 -73 0 0 0
394499,3 287 0 1 -75 0 0 0
395749,7 295 0 15,3125 -76 0 0 0
386748,8 55 0 9,75 -83 0 0 0
387498,6 296 0 12,8125 -88 0 0 0
387998,8 283 0 8,875 -89 0 0 0
392499,4 286 0,5123106 15,125 -80 0 0 0
392999,2 291 0 11,3125 -78 0 0 0
393749,1 292 0 12,75 -75 0 0 0
394249,1 286 0 1 -75 0 0 0
395499,5 293 0 15,9375 -75 0 0 0
396249 57 0 12,1875 -80 0 0 0
390748,8 293 0 1 -85 0 0 0
391249 294 0 1 -81 0 0 0
391999,3 287 0 18,75 -79 0 0 0
392499,5 287 0 14,0625 -78 0 0 0
393249 292 0 10,5625 -78 0 0 0
393749,1 292 0 10,4375 -74 0 0 0
394499,3 286 0 1 -75 0 0 0
394999,4 286 0 36,4375 -73 0 0 0
386499 56 0 9,3125 -83 0 0 0
387248,4 292 0 8 -85 0 0 0
387748,6 104 0 7,5 -88 0 0 0
388498,8 294 0 10,375 -88 0 0 0
388999,2 296 0 6,375 -89 0 0 0
389748,8 288 0 8,75 -84 0 0 0
390248,8 162 0 8,5 -84 0 0 0
390998,9 295 0 1 -84 0 0 0
395999,4 296 0 13,375 -77 0 0 0
386748,5 59 0 9 -83 0 0 0
387498,6 103 0 8,3125 -86 0 0 0
392499,4 287 0 13,0625 -79 0 0 0
392999,2 292 0 11,25 -79 0 0 0
393749,1 292 0 10,3125 -74 0 0 0
394249 290 0 1 -75 0 0 0
394999,5 287 0 36,375 -73 0 0 0
395499,5 292 0 16,1875 -75 0 0 0
396249,3 293 0 10,0625 -79 0 0 0
389748,8 285 0 9,125 -85 0 0 0
390248,3 162 0 1 -89 0 0 0
390998,8 55 0 1 -84 0 0 0
391499,1 294 0 4,0625 -80 0 0 0
392249,3 287 0 14,5625 -80 0 0 0
392749,1 152 0 12,4375 -79 0 0 0
393999 58 0 10,5 -73 0 0 0
394749,3 162 0 65,125 -74 0 0 0
395249,6 292 0 24,75 -74 0 0 0
386749,3 293 0 11,875 -82 0 0 0
387498,8 103 0 7,625 -86 0 0 0
387998,7 284 0 16,4375 -89 0 0 0
388749 296 0 9,3125 -89 0 0 0
389249,2 287 0,5554472 8 -85 0 0 0
389999,1 287 0 10,1875 -84 0 0 0
390498,4 56 0 1 -86 0 0 0
391249 294 0 1 -81 0 0 0
396249,1 296 0 10,3125 -79 0 0 0
386498,9 57 0 9,8125 -83 0 0 0
386998,5 292 0 8,5 -84 0 0 0
387748,6 162 0 8,75 -87 0 0 0
392749,3 59 0 12 -79 0 0 0
393249,1 292 0 10,5 -77 0 0 0
393998,9 58 0 10,5 -74 0 0 0
394499,2 286 0 4,9375 -74 0 0 0
395249,5 292 0 19,5625 -74 0 0 0
395749,4 295 0 12,9375 -75 0 0 0
388498,8 293 0 10,5625 -88 0 0 0
388999,3 291 0 8,75 -89 0 0 0
389749 288 0 9 -83 0 0 0
390248,8 162 0 8,5 -84 0 0 0
390998,8 294 0 1 -83 0 0 0
392249,3 287 0 14,5625 -80 0 0 0
392749,3 287 0 11,875 -79 0 0 0
393498,9 292 0 10,6875 -75 0 0 0
393999 291 0 10,625 -73 0 0 0
387498,3 287 0 17,8125 -89 0 0 0
387998,8 158 0 9,125 -89 0 0 0
390498,4 156 0 1 -87 0 0 0
391248,9 293 0 13,5 -84 0 0 0
391749,3 57 0 45,5625 -80 0 0 0
392249,9 287 0,5037445 16,5625 -87 0 0 0
392499,1 286 0 22,875 -83 0 0 0
392999,2 61 0 11,625 -78 0 0 0
396249,2 100 0 12,9375 -81 0 0 0
386998,5 292 0 8,9375 -84 0 0 0
387498,4 287 0 8,875 -86 0 0 0
388748,8 293 0 6,625 -88 0 0 0
389499,1 286 0,5014039 6,8125 -85 0 0 0
393749,1 293 0 9,8125 -74 0 0 0
394999,5 287 0 34,875 -73 0 0 0
395749,7 295 0 14,625 -76 0 0 0
396249,3 295 0 9,5 -79 0 0 0
390998,8 55 0 1 -83 0 0 0
391499,1 292 0 5,4375 -80 0 0 0
392249,3 287 0 14,5625 -80 0 0 0
392749,1 288 0 14,1875 -79 0 0 0
393498,8 292 0 10,0625 -75 0 0 0
393998,9 290 0 11 -74 0 0 0
394749,3 286 0 65,375 -74 0 0 0
395249,6 293 0 25,125 -74 0 0 0
395999,4 296 0,5199388 12,5 -76 0 0 0
387498,3 287 0 1 -89 0 0 0
388749,1 291 0 16,9375 -89 0 0 0
389248,9 291 0 6,5 -86 0 0 0
389999,1 289 0 8,75 -84 0 0 0
390498,5 55 0 1 -86 0 0 0
391249 295 0 1 -81 0 0 0
391749,2 292 0 26,1875 -79 0 0 0
392499,5 285 0 15,6875 -79 0 0 0
386998,8 292 0 9,4375 -84 0 0 0
387748,6 107 0 1 -89 0 0 0
388248,7 291 0 19,8125 -88 0 0 0
392749,3 286 0 12,125 -79 0 0 0
393249,1 291 0 10,3125 -77 0 0 0
393999 58 0 10,75 -73 0 0 0
394499,3 286 0 1 -75 0 0 0
395249,5 293 0 19,625 -74 0 0 0
395749,6 295 0 15,4375 -76 0 0 0
389749 287 0 8,1875 -84 0 0 0
390498,4 55 0 1 -86 0 0 0
392249,3 286 0 14,5625 -80 0 0 0
392999,3 151 0 11,375 -78 0 0 0
393498,8 292 0 10,25 -75 0 0 0
394249,1 59 0 10,6875 -73 0 0 0
394749,4 286 0 5,3125 -74 0 0 0
395499,6 294 0 16,4375 -75 0 0 0
395999,4 295 0 12,0625 -77 0 0 0
386998 59 0 1 -89 0 0 0
387498,5 101 0 9,25 -87 0 0 0
388749 295 0 6,25 -89 0 0 0
389499,3 288 0,503149 9,125 -84 0 0 0
389998,9 162 0 9,4375 -84 0 0 0
390748,6 292 0 1 -85 0 0 0
391249 295 0 1 -81 0 0 0
396249,3 292 0 11,0625 -79 0 0 0
386498,9 293 0 11,5 -83 0 0 0
392249,4 287 0 14,25 -80 0 0 0
392749,4 287 0 12,625 -78 0 0 0
393498,9 293 0 10,625 -75 0 0 0
393998,9 58 0 10,5 -74 0 0 0
394749,4 287 0 5,625 -74 0 0 0
395249,5 293 0 19,75 -74 0 0 0
395999,2 297 0 11,6875 -76 0 0 0
407025,4 74 0,6313711 20,9375 -50 0 0 0
389999,1 284 0 6,8125 -84 0 0 0
390498,8 55 0 1 -89 0 0 0
391248,9 294 0 1 -82 0 0 0
391749,2 289 0 23,625 -80 0 0 0
392999 288 0,501373 9,25 -78 0 0 0
393748,7 293 0 1 -80 0 0 0
394249 287 0 1 -76 0 0 0
394999,5 287 0 33,9375 -74 0 0 0
395499,5 293 0 11,9375 -75 0 0 0
387498,5 288 0 4,8125 -87 0 0 0
388749 297 0,6730593 8,375 -87 0 0 0
389499,2 287 0 5,5625 -85 0 0 0
389998,9 285 0 7,1875 -84 0 0 0
390748,7 56 0 1 -86 0 0 0
391248,9 294 0 1 -82 0 0 0
391999,3 287 0 13,0625 -80 0 0 0
392499,4 286 0 11,125 -79 0 0 0
386498,8 291 0 6,875 -84 0 0 0
387248,4 293 0 6,5625 -85 0 0 0
388499 291 0 19,5625 -88 0 0 0
389749,1 289 0 6,1875 -84 0 0 0
390248,8 158 0 6,375 -84 0 0 0
394749,4 286 0 63,5625 -74 0 0 0
395249,5 292 0 15,625 -74 0 0 0
395999,3 293 0 9,875 -76 0 0 0
386748,8 60 0 7,4375 -83 0 0 0
387498,6 102 0 5,8125 -87 0 0 0
387998,8 283 0 6,0625 -89 0 0 0
389249,3 291 0 6,75 -86 0 0 0
393748,7 293 0 1 -80 0 0 0
394249 286 0 1 -76 0 0 0
395499,6 293 0 12,8125 -76 0 0 0
396248,8 99 0 1 -89 0 0 0
386998,5 293 0 7 -83 0 0 0
387498,3 293 0 8,4375 -87 0 0 0
391248,9 292 0 1 -82 0 0 0
391999,3 288 0 12,9375 -80 0 0 0
392499,3 286 0 10,0625 -79 0 0 0
393249 290 0 8,9375 -78 0 0 0
393748,7 293 0 1 -80 0 0 0
394499,2 286 0 3,6875 -75 0 0 0
396248,8 294 0 1 -88 0 0 0
386498,9 57 0 6,5 -83 0 0 0
387248,6 101 0 6,0625 -85 0 0 0
387748,7 162 0 5,8125 -88 0 0 0
392249,4 288 0 11,0625 -80 0 0 0
392749,5 60 0 9,875 -78 0 0 0
393498,7 292 0 1 -83 0 0 0
394749,4 287 0 63,8125 -74 0 0 0
395249,5 292 0 15,8125 -74 0 0 0
395999,5 297 0 9,875 -76 0 0 0
391249 293 0 1 -82 0 0 0
391749,2 290 0 25,1875 -79 0 0 0
392499,3 286 0 13,3125 -80 0 0 0
392999,3 291 0 8,9375 -78 0 0 0
393748,8 292 0 11,875 -77 0 0 0
394249 287 0 1 -76 0 0 0
394748,9 283 0 19,3125 -87 0 0 0
394999,4 162 0 35,5 -75 0 0 0
395499,7 293 0 13,3125 -75 0 0 0
396249 294 0 11,1875 -81 0 0 0
387498,4 293 0 7,75 -86 0 0 0
388749,1 292 0 8,5625 -89 0 0 0
389499,3 288 0 6,0625 -85 0 0 0
389999,6 285 0 6,6875 -85 0 0 0
390748,7 45 0 1 -86 0 0 0
391248,9 293 0 1 -82 0 0 0
391999,3 289 0 13,1875 -80 0 0 0
392499,4 287 0 11,125 -79 0 0 0
393248,6 291 0 1 -86 0 0 0
