384000,7 293 0 11,4375 -82 0 0 0
384000,7 293 0 12,25 -81 0 0 0
380000,1 296 0 28,1875 -77 0 0 0
380000,1 295 0 28,1875 -77 0 0 0
380000,2 295 0 28,3125 -77 0 0 0
381999,9 296 0 14,375 -81 0 0 0
382000,3 295 0 14,625 -80 0 0 0
382000,1 295 0 13,25 -79 0 0 0
383000,1 342 0 5,0625 -87 0 0 0
383000,8 288 0 13,75 -88 0 0 0
381000,6 293 0 14,4375 -76 0 0 0
381000,7 294 0 16 -77 0 0 0
381000,6 292 0 13,625 -77 0 0 0
380000,1 296 0 52,875 -78 0 0 0
380000,2 294 0 50,875 -79 0 0 0
380000 295 0 6,25 -80 0 0 0
381999,9 297 0 1 -86 0 0 0
381999,9 295 0 1 -85 0 0 0
381999,7 295 0 1 -85 0 0 0
384000,8 293 0 14,8125 -82 0 0 0
384000,7 295 0 11,3125 -82 0 0 0
384000,7 294 0 10,125 -81 0 0 0
382000,3 295 0 14,125 -80 0 0 0
383000,6 289 0 20,375 -89 0 0 0
383000,2 291 0 1 -83 0 0 0
383000,2 291 0 1 -82 0 0 0
383000,3 291 0 1 -83 0 0 0
381000,5 292 0 37,125 -84 0 0 0
381000,3 293 0 20 -80 0 0 0
381000,7 293 0 14,25 -83 0 0 0
382000,2 296 0 16,125 -82 0 0 0
382000,1 295 0 18,1875 -83 0 0 0
382000,6 294 0 20,375 -85 0 0 0
384000,5 291 0,5120379 12,8125 -88 0 0 0
384001,1 293 0 12,1875 -88 0 0 0
380000 295 0 8,125 -81 0 0 0
380000,3 295 0 43,9375 -82 0 0 0
380000 297 0 11,6875 -84 0 0 0
382000,2 294 0 9,5 -77 0 0 0
382000,1 295 0 10,125 -77 0 0 0
382000,2 295 0 11,1875 -77 0 0 0
384000,3 293 0 22,875 -89 0 0 0
384000,7 292 0 26,6875 -87 0 0 0
384000,7 292 0 14,25 -83 0 0 0
384000,8 295 0 19,8125 -83 0 0 0
384000,7 294 0 19,0625 -84 0 0 0
382000,2 294 0 11,6875 -78 0 0 0
382000,3 295 0 12,375 -78 0 0 0
382000,3 294 0 13,4375 -79 0 0 0
384000,7 292 0 11,625 -82 0 0 0
384000,8 292 0 15 -82 0 0 0
384000,7 294 0 14 -83 0 0 0
381000,5 145 0 14,25 -88 0 0 0
381001 293 0 14,0625 -86 0 0 0
382000,3 296 0 13 -79 0 0 0
382000,3 295 0 13,25 -79 0 0 0
382000,6 294 0 16,375 -81 0 0 0
384000,8 293 0 14,375 -82 0 0 0
384000,8 293 0 14,5 -82 0 0 0
384000,7 294 0 12,375 -81 0 0 0
381000,5 19 0 34,1875 -85 0 0 0
381000,7 293 0 39,6875 -83 0 0 0
381000,4 293 0 25,9375 -81 0 0 0
382000,2 295 0 15,75 -81 0 0 0
382000,6 295 0 16,875 -81 0 0 0
382000,6 294 0 17,75 -83 0 0 0
382000,3 294 0 9,6875 -77 0 0 0
382000,2 295 0 9,375 -77 0 0 0
382000,3 294 0 10,375 -77 0 0 0
380000,4 294 0 38,125 -84 0 0 0
380000 296 0 8,875 -82 0 0 0
381000,6 292 0 27,0625 -80 0 0 0
381000,4 292 0 25,625 -81 0 0 0
381000,3 293 0 14,25 -82 0 0 0
383000,3 290 0 1 -83 0 0 0
383000,3 290 0 1 -83 0 0 0
383000,3 288 0 1 -83 0 0 0
380000,2 296 0 28,4375 -77 0 0 0
380000,1 294 0 50,9375 -78 0 0 0
380000,2 296 0 28,3125 -77 0 0 0
381000,7 144 0 20,375 -78 0 0 0
381000,6 293 0 16,6875 -77 0 0 0
381000,6 293 0 16,4375 -77 0 0 0
383000,2 290 0 1 -83 0 0 0
383000,3 291 0 1 -83 0 0 0
383000,2 291 0 1 -84 0 0 0
383000,3 292 0 1 -83 0 0 0
383000,3 290 0 1 -83 0 0 0
383000,2 290 0 1 -82 0 0 0
380000,2 296 0 28,3125 -77 0 0 0
380000,1 296 0 50,875 -78 0 0 0
380000,2 296 0 28,3125 -77 0 0 0
380000,1 296 0 51,0625 -78 0 0 0
380000,1 296 0 51,1875 -78 0 0 0
380000,1 296 0 51,5625 -78 0 0 0
383000,2 281 0 1 -82 0 0 0
383000,3 292 0 1 -82 0 0 0
383000,3 291 0 1 -83 0 0 0
381000,4 293 0 26,375 -81 0 0 0
381000,5 293 0 27,4375 -80 0 0 0
381000,7 293 0 28,625 -79 0 0 0
381999,8 294 0 15,375 -83 0 0 0
382000,1 292 0 15,75 -86 0 0 0
382000,1 293 0 14 -87 0 0 0
384000,7 293 0 11,4375 -82 0 0 0
384000,7 293 0 12,375 -81 0 0 0
384000,7 293 0 10,125 -81 0 0 0
380000,4 54 0 38,125 -84 0 0 0
380000,3 297 0 29,3125 -86 0 0 0
382000,2 294 0 9,125 -77 0 0 0
381999,6 293 0 1 -85 0 0 0
382000,3 295 0 9,6875 -77 0 0 0
382000,3 296 0 13,25 -79 0 0 0
382000,3 295 0 13,4375 -79 0 0 0
382000,2 295 0 11,5 -78 0 0 0
380000,5 293 0 24,4375 -88 0 0 0
380000 296 0 9,6875 -86 0 0 0
380000 293 0 11,6875 -84 0 0 0
381000,7 293 0 28,0625 -79 0 0 0
381000,6 293 0 28,625 -79 0 0 0
381000,7 293 0 42,125 -82 0 0 0
384000,8 293 0 14,625 -82 0 0 0
384000,8 294 0 14,5 -82 0 0 0
384000,7 294 0 12,75 -81 0 0 0
380000,1 296 0 50,8125 -78 0 0 0
380000,1 296 0 50,9375 -78 0 0 0
380000,1 295 0 51,1875 -78 0 0 0
382000,6 295 0 21,0625 -85 0 0 0
382000,6 293 0 21,8125 -84 0 0 0
382000,1 295 0 18,8125 -83 0 0 0
383000,2 292 0 1 -84 0 0 0
383000,3 294 0 11,5625 -84 0 0 0
383000,1 289 0 12,625 -86 0 0 0
381000,7 292 0 16,1875 -77 0 0 0
381000,6 293 0 14,4375 -76 0 0 0
381000,7 293 0 16,1875 -77 0 0 0
383000,1 290 0 12 -86 0 0 0
383000,3 289 0 11,125 -85 0 0 0
383000,4 289 0 1 -85 0 0 0
384000,8 292 0 29,3125 -86 0 0 0
384000,5 292 0 14,9375 -87 0 0 0
383000,2 290 0 1 -82 0 0 0
383000,3 291 0 1 -83 0 0 0
383000,2 292 0 1 -83 0 0 0
384000,7 292 0 12,25 -81 0 0 0
384000,8 294 0 12,125 -81 0 0 0
384000,7 293 0 12,25 -81 0 0 0
383000,3 290 0 1 -83 0 0 0
383000,2 291 0 1 -82 0 0 0
383000,2 292 0 1 -83 0 0 0
380000,4 296 0 38,125 -84 0 0 0
381000,7 292 0 28,3125 -79 0 0 0
381000,6 292 0 28,375 -79 0 0 0
381000,4 293 0 26,375 -81 0 0 0
383000,2 290 0 1 -83 0 0 0
383000,2 290 0 1 -82 0 0 0
383000,3 291 0 1 -83 0 0 0
381000,6 293 0 16,6875 -77 0 0 0
381000,6 293 0 16,6875 -77 0 0 0
381000,7 294 0 20,375 -78 0 0 0
384000,8 294 0 11,0625 -82 0 0 0
384000,7 293 0 12,25 -81 0 0 0
384000,7 293 0 11,3125 -82 0 0 0
381001,8 290 0 1 -88 0 0 0
381999,9 294 0 11,6875 -79 0 0 0
382000,3 295 0 13,25 -79 0 0 0
382000,1 295 0 12,9375 -80 0 0 0
381001 293 0,5175494 15,75 -89 0 0 0
382000,3 295 0 12,5625 -78 0 0 0
382000,1 295 0 12,125 -79 0 0 0
382000,3 294 0 13,25 -79 0 0 0
380000 293 0 11,6875 -84 0 0 0
380000,3 296 0 46,3125 -81 0 0 0
380000 296 0 7,625 -80 0 0 0
381000,4 292 0 26,375 -81 0 0 0
381000 294 0 22,875 -83 0 0 0
381001 292 0 8,25 -85 0 0 0
384000,7 293 0 11,4375 -82 0 0 0
384000,7 292 0 12,25 -81 0 0 0
384000,8 294 0 11,875 -81 0 0 0
381000,5 293 0 32,8125 -85 0 0 0
381000,5 292 0 40,6875 -83 0 0 0
381000,3 292 0 21,375 -80 0 0 0
382000,6 295 0 16,875 -81 0 0 0
381999,8 294 0 15,625 -82 0 0 0
382000,1 294 0 16,6875 -84 0 0 0
384000,8 292 0 14,375 -82 0 0 0
384000,8 293 0 14,5 -82 0 0 0
384000,7 293 0 11,625 -82 0 0 0
380000 296 0 5,6875 -79 0 0 0
380000,1 295 0 52,3125 -78 0 0 0
380000,1 296 0 52,0625 -78 0 0 0
382000,2 295 0 11,1875 -78 0 0 0
382000,1 294 0 10,5625 -77 0 0 0
382000,3 295 0 10,1875 -77 0 0 0
381000,1 293 0 19,3125 -81 0 0 0
381000,3 294 0 14,0625 -85 0 0 0
381000,3 292 0 15,25 -82 0 0 0
382000,3 294 0 13,5 -81 0 0 0
382000,6 293 0 16,375 -81 0 0 0
382000,6 295 0 21,375 -84 0 0 0
381000,7 293 0 16,1875 -77 0 0 0
381000,7 293 0 16,1875 -77 0 0 0
381000,7 293 0 16,1875 -77 0 0 0
384000,7 294 0 14,25 -83 0 0 0
384000,8 293 0 20,5 -83 0 0 0
384000,7 294 0 19,625 -84 0 0 0
383000,2 292 0 1 -82 0 0 0
383000,3 289 0 1 -82 0 0 0
383000,2 290 0 1 -82 0 0 0
382000,2 294 0 9,3125 -77 0 0 0
382000,2 295 0 9,5 -77 0 0 0
382000,4 294 0 10,75 -77 0 0 0
381000,7 293 0 16,1875 -77 0 0 0
380000 294 0 9,6875 -86 0 0 0
380000,8 293 0 22,875 -89 0 0 0
382000,4 294 0 11,125 -77 0 0 0
382000,1 295 0 10,8125 -78 0 0 0
382000,1 295 0 12,375 -79 0 0 0
383000,3 289 0 11,25 -83 0 0 0
383000,3 292 0 1 -84 0 0 0
383000,3 290 0 1 -83 0 0 0
382000,2 295 0 11,5 -78 0 0 0
382000,2 296 0 11,5 -78 0 0 0
382000,3 295 0 10,0625 -77 0 0 0
380000 297 0 7,625 -84 0 0 0
380000 295 0 7,625 -86 0 0 0
380001,2 296 0 10,6875 -88 0 0 0
383000,3 291 0 1 -83 0 0 0
383000,1 290 0 1 -82 0 0 0
383000,2 290 0 1 -82 0 0 0
380000 295 0 5,6875 -79 0 0 0
380000 296 0 6,125 -79 0 0 0
380000,2 293 0 50,375 -79 0 0 0
382000,2 294 0 16,125 -82 0 0 0
381999,9 294 0 14,0625 -81 0 0 0
382000,3 294 0 14,625 -80 0 0 0
383000,1 292 0 12,5 -85 0 0 0
383000,4 292 0 11,4375 -88 0 0 0
380000,1 296 0 51,0625 -78 0 0 0
380000,1 296 0 51,25 -78 0 0 0
380000,1 297 0 50,9375 -78 0 0 0
381000,5 292 0 29,625 -86 0 0 0
382000,1 294 0 12,4375 -78 0 0 0
382000,3 295 0 13,4375 -79 0 0 0
382000,3 294 0 15 -80 0 0 0
384000,8 293 0 13,3125 -83 0 0 0
384000,8 293 0 14,5 -82 0 0 0
384000,7 293 0 11,625 -82 0 0 0
383001,2 290 0 1 -83 0 0 0
383000,3 294 0 1 -83 0 0 0
383000,3 289 0 1 -83 0 0 0
382000,2 121 0,735044 12,625 -77 0 0 0
381999,8 293 0 1 -86 0 0 0
381999,7 296 0 1 -85 0 0 0
380000 296 0 6,5 -81 0 0 0
380000 297 0 8,125 -81 0 0 0
380000,3 296 0 40,3125 -83 0 0 0
384000,6 293 0 10,5625 -81 0 0 0
384000,7 292 0 11,3125 -82 0 0 0
384000,8 293 0 11 -82 0 0 0
380000 54 0 8,625 -87 0 0 0
380000 295 0 8,375 -85 0 0 0
381000,7 293 0 29,25 -78 0 0 0
381000,4 293 0 20,75 -79 0 0 0
381000,4 292 0 20,375 -80 0 0 0
383000,3 290 0 1 -83 0 0 0
383000,2 290 0 1 -83 0 0 0
383000,3 289 0 1 -82 0 0 0
382000,6 293 0 17,5625 -87 0 0 0
381999,8 19 0 22,875 -89 0 0 0
383000,3 287 0 1 -83 0 0 0
383000,4 290 0 1 -84 0 0 0
383000,2 290 0 1 -84 0 0 0
382000,3 294 0 13 -79 0 0 0
382000,3 294 0 12,5625 -78 0 0 0
382000,2 295 0 11,6875 -78 0 0 0
380000,1 295 0 50,9375 -78 0 0 0
380000,1 296 0 50,875 -78 0 0 0
380000,1 296 0 51,1875 -78 0 0 0
380000,1 295 0 50,9375 -78 0 0 0
380000,1 296 0 51,1875 -78 0 0 0
380000,1 296 0 50,875 -78 0 0 0
380000,2 297 0 28,3125 -77 0 0 0
380000,1 297 0 50,8125 -78 0 0 0
380000,1 296 0 51,25 -78 0 0 0
383000,1 290 0 1 -81 0 0 0
383000,2 291 0 1 -82 0 0 0
383000,3 289 0 1 -82 0 0 0
380000,1 294 0 51,375 -78 0 0 0
380000,1 295 0 51,25 -78 0 0 0
380000,1 295 0 50,9375 -78 0 0 0
382000,3 294 0 13,25 -79 0 0 0
382000,2 295 0 11,6875 -78 0 0 0
382000,2 294 0 11,1875 -77 0 0 0
381000,7 293 0 16,1875 -77 0 0 0
381000,7 292 0 16,1875 -77 0 0 0
381000,7 293 0 16,1875 -77 0 0 0
380000 295 0 8,125 -81 0 0 0
380000,2 296 0 50,375 -79 0 0 0
380000 296 0 5,6875 -79 0 0 0
381000,5 294 0 14,0625 -85 0 0 0
381000,3 291 0 14,0625 -86 0 0 0
383000,1 290 0 12 -86 0 0 0
383000,1 292 0 12,5 -85 0 0 0
384000,7 294 0 17,6875 -85 0 0 0
384000,8 290 0 32,0625 -85 0 0 0
383999,9 294 0 12,4375 -87 0 0 0
381000,8 293 0 45,375 -81 0 0 0
381000,4 293 0 21,8125 -79 0 0 0
381000,7 293 0 28,625 -79 0 0 0
381999 293 0 18,75 -86 0 0 0
382000,6 294 0 27,4375 -87 0 0 0
382000,1 295 0 9,9375 -77 0 0 0
382000,3 294 0 10,375 -77 0 0 0
381999,8 295 0 1 -85 0 0 0
380000,1 297 0 51,1875 -78 0 0 0
380000,1 295 0 51,1875 -78 0 0 0
380000,1 296 0 51,1875 -78 0 0 0
380000,2 295 0 28,3125 -77 0 0 0
380000,1 296 0 51,25 -78 0 0 0
380000,1 296 0 51,375 -78 0 0 0
381001 293 0 8,625 -87 0 0 0
382000,3 294 0 12,8125 -78 0 0 0
382000,1 293 0 13,0625 -79 0 0 0
382000,3 295 0 15,25 -79 0 0 0
381000,7 292 0 15,875 -77 0 0 0
381000,6 293 0 14,4375 -76 0 0 0
381000,7 293 0 16,1875 -77 0 0 0
383000,3 289 0 1 -83 0 0 0
383000,2 291 0 1 -82 0 0 0
383000,2 289 0 1 -82 0 0 0
381000,5 293 0 36,625 -84 0 0 0
381000,5 286 0 14,5 -86 0 0 0
381000,4 292 0 15,75 -81 0 0 0
382000,3 293 0 15 -80 0 0 0
382000,2 294 0 16,375 -81 0 0 0
382000,1 295 0 18,1875 -83 0 0 0
384000,7 293 0 11,3125 -82 0 0 0
384000,8 293 0 14,625 -82 0 0 0
384000,7 293 0 11,4375 -82 0 0 0
381000 295 0 19,0625 -86 0 0 0
382000,1 296 0 11,75 -79 0 0 0
382000,1 295 0 11,9375 -79 0 0 0
382000,3 294 0 14,0625 -79 0 0 0
384000,8 292 0 14,625 -82 0 0 0
384000,7 292 0 11,75 -82 0 0 0
384000,7 294 0 11,625 -82 0 0 0
381000,8 293 0 29,625 -78 0 0 0
381000,6 292 0 21,375 -78 0 0 0
381000,5 293 0 22 -78 0 0 0
380000 297 0 5,3125 -79 0 0 0
380000,2 296 0 49,9375 -79 0 0 0
380000,2 296 0 47,5 -80 0 0 0
382000,2 295 0 9,5 -77 0 0 0
382000,3 294 0 9,5 -77 0 0 0
382000,3 295 0 9,875 -77 0 0 0
380000,1 297 0 51,375 -78 0 0 0
380000,1 296 0 51,375 -78 0 0 0
380000,1 296 0 50,6875 -78 0 0 0
384000,6 292 0 14,5625 -83 0 0 0
384000,7 293 0 15,25 -82 0 0 0
384000,7 293 0 11,75 -82 0 0 0
383000,2 291 0 1 -83 0 0 0
383000,2 150 0 1 -83 0 0 0
383000,2 290 0 1 -82 0 0 0
381000,5 293 0 18,0625 -77 0 0 0
381000,7 292 0 29,9375 -78 0 0 0
381000,5 292 0 17,3125 -77 0 0 0
383000,3 282 0 1 -83 0 0 0
383000,2 291 0 1 -82 0 0 0
383000,2 293 0 1 -82 0 0 0
380000,1 296 0 51,1875 -78 0 0 0
380000,1 295 0 50,875 -78 0 0 0
380000,1 295 0 51,1875 -78 0 0 0
383000,2 291 0 1 -82 0 0 0
383000,2 290 0 1 -82 0 0 0
383000,3 291 0 1 -83 0 0 0
382000,2 295 0 9,375 -77 0 0 0
382000 295 0 1 -85 0 0 0
381999,8 294 0 1 -86 0 0 0
380000,2 296 0 28,3125 -77 0 0 0
380000,1 296 0 50,875 -78 0 0 0
380000,1 296 0 50,9375 -78 0 0 0
383000,3 290 0 1 -83 0 0 0
383000,3 289 0 1 -82 0 0 0
383000,3 292 0 1 -83 0 0 0
381999,9 298 0 1 -86 0 0 0
382000,3 294 0 9,875 -77 0 0 0
382000,2 295 0 9,3125 -77 0 0 0
384000,8 293 0 15 -82 0 0 0
384000,7 293 0 11,75 -82 0 0 0
384000,8 293 0 11,0625 -82 0 0 0
380000,1 295 0 50,875 -78 0 0 0
380000,1 296 0 50,9375 -78 0 0 0
380000,1 296 0 51,1875 -78 0 0 0
380000,1 191 0 51,1875 -78 0 0 0
380000,2 296 0 28,3125 -77 0 0 0
380000,1 295 0 51,0625 -78 0 0 0
382999,8 290 0 11,8125 -88 0 0 0
383000,1 346 0,5024107 12,6875 -87 0 0 0
383000,1 291 0 12,1875 -85 0 0 0
384001,1 293 0 5,625 -86 0 0 0
384000,8 292 0 28,5 -86 0 0 0
384000,7 292 0 26,6875 -87 0 0 0
381000,3 293 0 20 -80 0 0 0
381000,8 292 0 48,5 -80 0 0 0
381000,7 292 0 28,625 -79 0 0 0
382000,6 296 0 31,75 -86 0 0 0
381999,8 295 0 18,3125 -87 0 0 0
383000,3 289 0 1 -83 0 0 0
383000,2 291 0 1 -82 0 0 0
383000,3 289 0 1 -83 0 0 0
380000,1 295 0 51,375 -78 0 0 0
380000,1 296 0 51,6875 -78 0 0 0
380000,1 295 0 51,5625 -78 0 0 0
380000,4 294 0 38,125 -84 0 0 0
380000 297 0 7,625 -86 0 0 0
380000 296 0 6,875 -87 0 0 0
380999,5 294 0 15,25 -89 0 0 0
381001 293 0 15,5 -87 0 0 0
381000 294 0 15,0625 -83 0 0 0
382000,3 295 0 13,4375 -79 0 0 0
382000,3 295 0 15 -80 0 0 0
382000,6 293 0 19,1875 -82 0 0 0
384000,8 293 0 13,5625 -83 0 0 0
384000,7 292 0 11,625 -82 0 0 0
384000,7 294 0 11,625 -82 0 0 0
383000,3 292 0 1 -83 0 0 0
383000,3 290 0 1 -83 0 0 0
383000,2 289 0 1 -82 0 0 0
381000,6 293 0 16,6875 -77 0 0 0
381000,7 293 0 16,1875 -77 0 0 0
381000,6 294 0 16,4375 -77 0 0 0
384000,9 294 0 34,3125 -84 0 0 0
384000,6 293 0 14,5625 -83 0 0 0
384000,7 293 0 15,25 -82 0 0 0
382000,6 294 0 16 -81 0 0 0
382000,1 294 0 13,5625 -80 0 0 0
382000,3 294 0 13,25 -79 0 0 0
383000,6 288 0 14,25 -88 0 0 0
381000,6 293 0 16,4375 -77 0 0 0
381000,7 292 0 16,1875 -77 0 0 0
381000,7 292 0 16,1875 -77 0 0 0
381000,7 294 0 16,1875 -77 0 0 0
381000,7 294 0 16,1875 -77 0 0 0
381000,6 294 0 16,4375 -77 0 0 0
383000,3 289 0 1 -84 0 0 0
383000,3 290 0 1 -83 0 0 0
383000,3 290 0 1 -83 0 0 0
380000,1 296 0 28,125 -77 0 0 0
380000,1 296 0 50,9375 -78 0 0 0
380000,1 296 0 51,375 -78 0 0 0
382003,6 292 0 1 -88 0 0 0
381999,8 294 0 20,25 -85 0 0 0
382000,6 293 0 22,375 -84 0 0 0
383000,3 292 0 1 -85 0 0 0
383000,3 291 0 11,5625 -84 0 0 0
383000,3 289 0 10,6875 -85 0 0 0
381000,5 293 0 27,4375 -80 0 0 0
381000,5 293 0 26,875 -80 0 0 0
381000,7 294 0 29,8125 -78 0 0 0
381999,8 294 0 19,5625 -86 0 0 0
382001,1 294 0 17,8125 -87 0 0 0
381000,5 293 0 18,3125 -77 0 0 0
381000,6 293 0 16,9375 -77 0 0 0
381000,6 293 0 16,6875 -77 0 0 0
381000,6 293 0 21,25 -78 0 0 0
381000,5 293 0 17,3125 -77 0 0 0
381000,6 294 0 16,9375 -77 0 0 0
382000,1 294 0 13,25 -79 0 0 0
382000,1 294 0 12,125 -79 0 0 0
382000,2 295 0 11,5 -78 0 0 0
382000,3 295 0 12,8125 -78 0 0 0
382000,2 294 0 10,5625 -78 0 0 0
382000,3 295 0 10,375 -77 0 0 0
380000 296 0 5,0625 -79 0 0 0
380000 296 0 5,6875 -79 0 0 0
380000 295 0 6,125 -79 0 0 0
380000,1 297 0 51,375 -78 0 0 0
380000,1 296 0 51,0625 -78 0 0 0
380000,2 296 0 28,4375 -77 0 0 0
384000,7 293 0 15,5625 -82 0 0 0
384000,8 294 0 19,8125 -83 0 0 0
384000,6 293 0 14,5625 -83 0 0 0
380001 30 0 12,6875 -89 0 0 0
380000,9 295 0 11,375 -87 0 0 0
381000,5 293 0 21,6875 -78 0 0 0
381000,7 292 0 27,75 -79 0 0 0
381000,7 293 0 20,375 -78 0 0 0
382000,3 295 0 12,8125 -78 0 0 0
382000,4 294 0 11,25 -78 0 0 0
382000,2 295 0 11,6875 -78 0 0 0
380000,1 296 0 49,625 -79 0 0 0
380000 296 0 6,125 -79 0 0 0
380000 297 0 6,875 -80 0 0 0
381999,7 295 0 1 -85 0 0 0
382000,2 295 0 9,3125 -77 0 0 0
381999,7 293 0 1 -85 0 0 0
382000,2 294 0 9,375 -77 0 0 0
382000,2 295 0 9,75 -77 0 0 0
382000,3 295 0 10,0625 -77 0 0 0
380000,1 297 0 51,375 -78 0 0 0
380000,1 296 0 51,875 -78 0 0 0
380000,1 296 0 52,3125 -78 0 0 0
384000,8 293 0 12,125 -81 0 0 0
384000,7 293 0 10,125 -81 0 0 0
384000,7 286 0 11,625 -82 0 0 0
380000,2 295 0 49,9375 -79 0 0 0
380000,1 296 0 52,5625 -78 0 0 0
380000,1 296 0 52,0625 -78 0 0 0
380999,9 19 0 8,875 -89 0 0 0
384000,6 293 0 12 -82 0 0 0
384000,7 292 0 11,625 -82 0 0 0
384000,7 293 0 10 -81 0 0 0
380000 295 0 7,625 -86 0 0 0
380000,4 296 0 26,6875 -87 0 0 0
382000,1 296 0 14,875 -86 0 0 0
382001,1 295 0 17,8125 -87 0 0 0
383000,3 291 0 1 -83 0 0 0
383000,3 291 0 11,375 -82 0 0 0
383000,3 291 0 11,1875 -84 0 0 0
380000 295 0 8,125 -81 0 0 0
380000 296 0 8,875 -82 0 0 0
380000,5 297 0 22,375 -83 0 0 0
383000,4 291 0 1 -84 0 0 0
383000,3 291 0 1 -83 0 0 0
383000,3 288 0 1 -83 0 0 0
381000,4 293 0 25,625 -81 0 0 0
381000,5 293 0 14,625 -85 0 0 0
381000,3 143 0 15,25 -82 0 0 0
381999,9 295 0 14,625 -80 0 0 0
382000,6 295 0 18,6875 -82 0 0 0
382000,6 295 0 22,375 -84 0 0 0
380000 295 0 7,625 -80 0 0 0
380000,2 295 0 45,3125 -81 0 0 0
380000 296 0 8,875 -82 0 0 0
381000,5 295 0 14,25 -88 0 0 0
382000,2 295 0 12,1875 -78 0 0 0
382000,1 295 0 12,8125 -78 0 0 0
382000,3 294 0 14,375 -80 0 0 0
380000,1 295 0 51,875 -78 0 0 0
380000,1 295 0 52,5625 -78 0 0 0
380000,2 296 0 49,9375 -79 0 0 0
382000,3 295 0 9,6875 -76 0 0 0
382000,2 295 0 9,375 -77 0 0 0
382000,3 295 0 10,0625 -77 0 0 0
380000,1 295 0 50,875 -78 0 0 0
380000,1 296 0 51,1875 -78 0 0 0
380000,1 296 0 50,875 -78 0 0 0
382000,1 295 0 15,75 -86 0 0 0
382000,6 294 0 21,375 -84 0 0 0
382000,2 294 0 16,125 -82 0 0 0
383000,2 289 0 1 -84 0 0 0
383000,1 294 0 12,5 -85 0 0 0
383000,1 289 0 12 -86 0 0 0
381001,3 291 0 18,3125 -89 0 0 0
382000,2 295 0 10,75 -78 0 0 0
382000,2 294 0 11,1875 -77 0 0 0
382000,3 295 0 13,4375 -79 0 0 0
384000,7 293 0 10,125 -81 0 0 0
384000,7 292 0 12,375 -81 0 0 0
384000,7 286 0 11,3125 -82 0 0 0
384000,8 292 0 29,3125 -86 0 0 0
384000,7 291 0 19,625 -84 0 0 0
384000,5 293 0 14 -84 0 0 0
384000,6 293 0 20,375 -89 0 0 0
384001,1 291 0 9,125 -89 0 0 0
384000,7 291 0 26,6875 -87 0 0 0
381000,5 19 0 30,5 -86 0 0 0
381000,7 293 0 26,6875 -87 0 0 0
381000,3 291 0 14,5625 -85 0 0 0
382000,3 294 0 14,0625 -79 0 0 0
382000,6 295 0 15 -80 0 0 0
382000,2 295 0 16,375 -81 0 0 0
382000,3 295 0 12,5625 -78 0 0 0
382000,2 294 0 11,5 -78 0 0 0
382000,2 294 0 11 -77 0 0 0
382000,2 295 0 12,1875 -86 0 0 0
381999,5 295 0 14,75 -86 0 0 0
383000,2 291 0 1 -83 0 0 0
383000,4 291 0 1 -84 0 0 0
383000,1 342 0 4,3125 -84 0 0 0
382000,3 295 0 14,375 -80 0 0 0
382000,3 295 0 13,25 -79 0 0 0
382000,3 294 0 13,75 -79 0 0 0
383000,6 289 0,5383883 12,1875 -88 0 0 0
380000 294 0 11,6875 -84 0 0 0
380000 296 0 7 -85 0 0 0
380000 294 0 9,125 -89 0 0 0
382000,2 295 0 9,375 -77 0 0 0
382000,3 294 0 9,875 -77 0 0 0
382000,1 295 0 10,4375 -77 0 0 0
380000 295 0 8,625 -87 0 0 0
380000 294 0 10,6875 -85 0 0 0
380000 296 0 7,625 -84 0 0 0
381000,6 294 0 28,375 -79 0 0 0
381000,5 293 0 27,4375 -80 0 0 0
381000,5 293 0 25,9375 -81 0 0 0
384000,6 293 0 12 -82 0 0 0
384000,8 293 0 20,125 -83 0 0 0
384000,7 293 0 19,0625 -84 0 0 0
380000,1 296 0 52,3125 -78 0 0 0
380000,1 295 0 49,625 -79 0 0 0
380000,2 295 0 50,375 -79 0 0 0
383000,1 290 0 1 -82 0 0 0
383000,3 292 0 1 -83 0 0 0
383000,3 290 0 1 -83 0 0 0
381000,7 293 0 16,1875 -77 0 0 0
381000,6 293 0 16,4375 -77 0 0 0
381000,6 292 0 16,9375 -77 0 0 0
382000,4 295 0 9,6875 -77 0 0 0
382000,3 294 0 9,3125 -77 0 0 0
381999,8 292 0 1 -85 0 0 0
380000,2 296 0 51,5 -79 0 0 0
380000,3 296 0 46,3125 -81 0 0 0
381999,7 294 0 1 -85 0 0 0
381999,6 294 0 1 -85 0 0 0
381999,6 293 0 1 -85 0 0 0
380000,1 296 0 51,1875 -78 0 0 0
380000,2 295 0 28,3125 -77 0 0 0
380000,1 297 0 51,1875 -78 0 0 0
384000,7 292 0 11,4375 -82 0 0 0
384000,8 293 0 15 -82 0 0 0
384000,8 293 0 19,5625 -83 0 0 0
380000 296 0 5,3125 -79 0 0 0
380000,2 296 0 49,9375 -79 0 0 0
380000 296 0 6,25 -80 0 0 0
383000,2 291 0 1 -82 0 0 0
383000,3 290 0 1 -83 0 0 0
383000,3 290 0 1 -83 0 0 0
383000,3 292 0 11,6875 -85 0 0 0
383000,1 290 0 11,5625 -85 0 0 0
383000,3 287 0 1 -84 0 0 0
384001,1 291 0 6,875 -87 0 0 0
384001,1 295 0 6,625 -89 0 0 0
381999,8 294 0 1 -85 0 0 0
382000,2 295 0 11,1875 -77 0 0 0
382000,2 295 0 9,5 -77 0 0 0
380000,1 296 0 51,0625 -78 0 0 0
380000,1 297 0 51,25 -78 0 0 0
380000,1 296 0 51,25 -78 0 0 0
383000,3 290 0 1 -83 0 0 0
383000,3 290 0 1 -83 0 0 0
383000,3 294 0 1 -83 0 0 0
380000,1 296 0 28,1875 -77 0 0 0
380000,1 296 0 51,1875 -78 0 0 0
380000,2 296 0 28,3125 -77 0 0 0
381000,6 293 0 28,1875 -79 0 0 0
381000,7 293 0 28,3125 -79 0 0 0
381000,6 292 0 22,375 -78 0 0 0
382000,1 295 0 14 -87 0 0 0
384000,6 293 0 10,25 -81 0 0 0
384000,6 293 0 10,5625 -81 0 0 0
384000,7 291 0 11,3125 -82 0 0 0
382000,2 295 0 9,375 -77 0 0 0
382000,3 294 0 9,0625 -77 0 0 0
381999,8 296 0 1 -85 0 0 0
380999,9 293 0 18,75 -82 0 0 0
381000,4 294 0 25,9375 -81 0 0 0
381001 292 0 14,25 -85 0 0 0
382000,6 294 0 14,125 -80 0 0 0
382000,2 294 0 16,125 -82 0 0 0
382000,6 295 0 23,1875 -84 0 0 0
381000,7 293 0 16,1875 -77 0 0 0
381000,6 293 0 13,4375 -77 0 0 0
381000,7 293 0 16,1875 -77 0 0 0
383000,3 290 0 1 -83 0 0 0
383000,2 294 0 1 -82 0 0 0
383000,2 290 0 1 -82 0 0 0
383000,2 292 0 1 -82 0 0 0
383000,1 290 0 1 -81 0 0 0
383000,2 290 0 1 -82 0 0 0
383000,2 290 0 1 -82 0 0 0
380000,1 296 0 51,5625 -78 0 0 0
380000,1 296 0 52,0625 -78 0 0 0
380000,1 296 0 52,3125 -78 0 0 0
382000,1 296 0 11,625 -79 0 0 0
380000 295 0 5,3125 -79 0 0 0
380000,1 295 0 52,3125 -78 0 0 0
380000,1 296 0 51,6875 -78 0 0 0
384000,8 293 0 11,0625 -82 0 0 0
384000,7 293 0 11,625 -82 0 0 0
384000,7 293 0 11,3125 -82 0 0 0
381000,6 293 0 16,4375 -77 0 0 0
381000,7 293 0 16 -77 0 0 0
381000,7 293 0 16,1875 -77 0 0 0
384000,7 294 0 11,4375 -82 0 0 0
384000,8 293 0 14,25 -82 0 0 0
384000,6 294 0 10,4375 -81 0 0 0
381000,7 293 0 16,1875 -77 0 0 0
381000,7 294 0 16 -77 0 0 0
381000,7 292 0 16,1875 -77 0 0 0
383000,3 289 0 1 -83 0 0 0
383000,2 289 0 1 -82 0 0 0
383000,2 293 0 1 -82 0 0 0
380000,1 296 0 51,1875 -78 0 0 0
380000,1 294 0 50,8125 -78 0 0 0
380000,1 296 0 51,0625 -78 0 0 0
383000,2 290 0 1 -82 0 0 0
383000,3 290 0 1 -83 0 0 0
383000,2 290 0 1 -83 0 0 0
381000,6 293 0 21,1875 -78 0 0 0
381000,8 292 0 28,5 -78 0 0 0
381000,5 293 0 17,3125 -77 0 0 0
382000,3 295 0 9,875 -77 0 0 0
381999,8 295 0 1 -85 0 0 0
381999,8 294 0 1 -85 0 0 0
381000,7 355 0 39,6875 -83 0 0 0
381000,7 293 0 42,375 -82 0 0 0
381000,3 293 0 14,0625 -85 0 0 0
382000,3 294 0 15 -80 0 0 0
381999,9 295 0 14,8125 -81 0 0 0
382000,6 295 0 18,3125 -83 0 0 0
384000,6 294 0 12 -82 0 0 0
384000,6 293 0 12 -82 0 0 0
382000,1 294 0 10,6875 -78 0 0 0
382000,4 295 0 10,25 -77 0 0 0
381999,8 293 0 1 -85 0 0 0
384000,7 294 0 19,0625 -84 0 0 0
384000,5 292 0 15,375 -83 0 0 0
384000,8 295 0 19,5625 -83 0 0 0
383000,3 342 0 1 -83 0 0 0
383000,2 291 0 1 -83 0 0 0
383000,2 289 0 1 -82 0 0 0
382000,3 295 0 13,4375 -79 0 0 0
382000,1 295 0 10,6875 -78 0 0 0
382000,2 295 0 11,3125 -78 0 0 0
381000,7 293 0 28,3125 -79 0 0 0
381000,6 293 0 21,375 -78 0 0 0
381000,6 294 0 21 -78 0 0 0
384000,5 293 0 17,0625 -86 0 0 0
384001,1 294 0 6,4375 -86 0 0 0
384000,7 294 0 19,0625 -84 0 0 0
381000,6 292 0 16,6875 -77 0 0 0
381000,7 292 0 16,1875 -77 0 0 0
381000,6 292 0 13,25 -77 0 0 0
380000,1 294 0 52,0625 -78 0 0 0
380000,1 297 0 52,5625 -78 0 0 0
380000,2 298 0 49,9375 -79 0 0 0
380001,5 54 0 30,5 -89 0 0 0
380000,5 298 0 28,5 -87 0 0 0
380000 297 0 8,375 -85 0 0 0
381000,7 292 0 28,0625 -79 0 0 0
381000,7 293 0 27,875 -79 0 0 0
381000,6 293 0 27,4375 -80 0 0 0
384000,8 293 0 11,1875 -82 0 0 0
384000,7 292 0 11,3125 -82 0 0 0
384000,6 293 0 10,4375 -81 0 0 0
382000,3 294 0 14,375 -80 0 0 0
382000,3 294 0 13,4375 -79 0 0 0
382000,1 295 0 11,9375 -79 0 0 0
383000,8 292 0 1 -89 0 0 0
383000,4 287 0 19,0625 -89 0 0 0
381000,6 293 0 21 -78 0 0 0
381000,7 292 0 20,0625 -78 0 0 0
381000,6 293 0 16,6875 -77 0 0 0
380000,1 297 0 52,0625 -78 0 0 0
380000,1 296 0 51,5625 -78 0 0 0
380000,1 296 0 51,25 -78 0 0 0
383000,1 290 0 1 -82 0 0 0
383000,1 292 0 1 -81 0 0 0
383000,2 291 0 1 -83 0 0 0
380000,2 296 0 50,375 -79 0 0 0
380000,1 295 0 49,3125 -79 0 0 0
380000,1 296 0 52,5625 -78 0 0 0
381001 289 0 8,625 -87 0 0 0
383000,4 291 0 1 -85 0 0 0
383000,4 290 0 1 -83 0 0 0
383000,3 292 0 1 -83 0 0 0
380000,1 296 0 51,375 -78 0 0 0
380000,1 295 0 51,6875 -78 0 0 0
380000,1 297 0 52,0625 -78 0 0 0
382000,3 295 0 9,875 -77 0 0 0
381999,8 294 0 1 -85 0 0 0
382000,2 294 0 9,375 -77 0 0 0
384000,7 291 0 11,4375 -82 0 0 0
384000,8 293 0 11,0625 -82 0 0 0
384000,7 292 0 11,4375 -82 0 0 0
382001,3 295 0 28,25 -87 0 0 0
383000,3 291 0 1 -83 0 0 0
383000,3 294 0 1 -84 0 0 0
383000,3 290 0 11 -82 0 0 0
381999,8 295 0 1 -85 0 0 0
381999,8 294 0 1 -85 0 0 0
381000,6 293 0 16,4375 -77 0 0 0
381000,7 293 0 16,1875 -77 0 0 0
381000,7 293 0 16 -77 0 0 0
384000,7 293 0 14 -83 0 0 0
384000,7 293 0 15,5625 -82 0 0 0
384000,8 292 0 14,25 -82 0 0 0
383000,2 290 0 1 -82 0 0 0
383000,2 290 0 1 -82 0 0 0
383000,3 292 0 1 -83 0 0 0
386998,4 60 0 9,25 -83 0 0 0
386998,3 59 0 10,0625 -84 0 0 0
386999 62 0 11 -85 0 0 0
396998,9 288 0 1 -86 0 0 0
396999 335 0 1 -86 0 0 0
396998,9 162 0 1 -86 0 0 0
405015 30 0,7901756 7,125 -86 0 0 0
390998,8 55 0 1 -83 0 0 0
390998,8 55 0 1 -83 0 0 0
390998,8 55 0 1 -83 0 0 0
393998,3 291 0 24,4375 -87 0 0 0
393999,4 290 0 23,8125 -83 0 0 0
393999,2 59 0 20,25 -80 0 0 0
394999,4 286 0 22,6875 -76 0 0 0
394999,5 286 0 16 -74 0 0 0
394999,5 286 0 17,0625 -75 0 0 0
389999,8 287 0 1,25 -89 0 0 0
389998,9 286 0 8,875 -83 0 0 0
389998,9 288 0 9 -83 0 0 0
392999,2 60 0 12,1875 -77 0 0 0
392999,2 289 0 11,9375 -77 0 0 0
392999,2 289 0,5048658 12,1875 -77 0 0 0
405015,1 23 0,6178239 7,3125 -87 0 0 0
405015,1 31 0,8303332 8,375 -86 0 0 0
387998,9 162 0 9,3125 -89 0 0 0
397999,5 153 0 26,4375 -79 0 0 0
397999,7 291 0 48,5 -79 0 0 0
397999,6 154 0 49,3125 -79 0 0 0
390998,8 56 0 1 -84 0 0 0
390998,8 294 0 1 -83 0 0 0
390998,7 56 0 1 -83 0 0 0
392999,2 292 0 11,375 -77 0 0 0
392999 289 0 11,0625 -77 0 0 0
392999,3 291 0 12,0625 -77 0 0 0
394999,4 162 0 38,5 -73 0 0 0
394999,6 162 0 69,625 -73 0 0 0
394999,6 287 0 69,4375 -73 0 0 0
390998,8 294 0 1 -82 0 0 0
390998,8 294 0 1 -83 0 0 0
390998,8 55 0 1 -83 0 0 0
393999,2 290 0 18,9375 -79 0 0 0
393999 58 0 23,4375 -77 0 0 0
393999,2 59 0 19,6875 -75 0 0 0
394999,3 289 0 23,375 -78 0 0 0
394999,2 285 0 24,4375 -82 0 0 0
394999,3 287 0 25,9375 -79 0 0 0
386998,2 291 0 1 -89 0 0 0
386998,2 288 0 1 -89 0 0 0
386998,2 288 0 1 -89 0 0 0
396999 339 0 1 -86 0 0 0
396999,1 284 0 1 -86 0 0 0
396998,9 162 0 1 -86 0 0 0
390998,8 55 0 1 -83 0 0 0
390998,8 55 0 1 -82 0 0 0
390998,8 55 0 1 -83 0 0 0
388999,1 293 0 10,5625 -86 0 0 0
388999,3 290 0 16 -85 0 0 0
388999,2 295 0 14,9375 -86 0 0 0
398999,7 333 0 12,3125 -81 0 0 0
398999,5 334 0 11,625 -80 0 0 0
398999,9 108 0 11,375 -80 0 0 0
392998,4 290,5106 0,5607913 22,875 -84 0,5105591 0 0
392999,2 289 0 16,875 -81 0 0 0
392998,8 59 0 17,9375 -80 0 0 0
393999 58 0 19,1875 -77 0 0 0
393999 292 0 21,375 -80 0 0 0
393998,7 59 0 23,1875 -81 0 0 0
387998,6 105 0 1 -89 0 0 0
387998,8 160 0 10,8125 -88 0 0 0
387998,9 162 0 7,75 -88 0 0 0
397999,6 153 0 46 -80 0 0 0
397999,7 154 0 45,5625 -80 0 0 0
397999,5 290 0 26,1875 -79 0 0 0
405015,3 29 0,9010751 8,375 -87 1 0 0
390998,8 293 0 1 -83 0 0 0
390999 56 0 1 -84 0 0 0
390998,7 56 0 1 -83 0 0 0
392999,2 59 0 12,25 -77 0 0 0
392999,2 291 0 12 -77 0 0 0
392999,2 292 0,5052932 9,6875 -77 0 0 0
385999 294 0 9,5 -87 0 0 0
385999 293 0 8,3125 -86 0 0 0
385998,9 295 0 8,5625 -86 0 0 0
395999,5 295 0 15,375 -78 0 0 0
395999,2 295 0 13 -77 0 0 0
395999,4 296 0 11,875 -76 0 0 0
391999,3 286 0 13,875 -79 0 0 0
391999,3 286 0 16,9375 -80 0 0 0
391999,4 287 0 24,0625 -80 0 0 0
394999,4 286 0 36,625 -74 0 0 0
394999,4 289 0 36,3125 -74 0 0 0
394999,3 57 0 15,125 -75 0 0 0
395999,2 299 0 17,875 -86 0 0 0
388999,1 291 0,5191966 9,8125 -89 0 0 0
388999 296 0 8,375 -88 0 0 0
398999,6 331 0 12,375 -84 0 0 0
399000,4 342 0 30,5 -86 0 0 0
399000 333 0 15,25 -84 0 0 0
393998,9 59 0 1 -77 0 0 0
393998,8 59 0 1 -76 0 0 0
393998,9 58 0 1 -77 0 0 0
397999,6 159 0 40,6875 -82 0 0 0
397999,6 290 0 37,75 -83 0 0 0
397999,8 55 0 12,1875 -85 0 0 0
386998,1 57 0 1 -89 0 0 0
386998,7 293 0 7,75 -84 0 0 0
386998,8 291 0 10,0625 -85 0 0 0
396999 337 0 1 -86 0 0 0
396998,9 288 0 1 -87 0 0 0
396999,1 334 0 1 -87 0 0 0
389999,1 289 0 9,125 -85 0 0 0
389998,9 285 0 7,375 -85 0 0 0
389999,3 287 0 8,1875 -84 0 0 0
392999,4 289 0 13,625 -77 0 0 0
392999,2 291 0 13,8125 -77 0 0 0
392998,8 291 0 15,4375 -78 0 0 0
405015,3 27 0,5842748 6,3125 -86 0 0 0
385998,8 292 0 8,8125 -86 0 0 0
385998,8 295 0 7,125 -86 0 0 0
385999,1 294 0 10,375 -86 0 0 0
395999,4 296 0,5074298 13 -75 0 0 0
395999,4 295 0 12,8125 -75 0 0 0
395999,6 295 0 12,8125 -75 0 0 0
388998,9 107 0 10,6875 -89 0 0 0
389999,1 287 0 13,125 -86 0 0 0
389999,1 162 0 12,1875 -88 0 0 0
398999,8 332 0,6751098 19,375 -85 0 0 0
399000 337 0 22,875 -89 0 0 0
405015,2 26 0,7465799 6,8125 -86 0 0 0
393998,9 58 0 1 -77 0 0 0
393998,8 100 0 1 -77 0 0 0
393998,9 58 0 1 -77 0 0 0
386998,6 289 0 7,4375 -84 0 0 0
386998,8 61 0 8,1875 -84 0 0 0
386998,6 288 0 6,5625 -84 0 0 0
396999 162 0 1 -87 0 0 0
396999 332 0 1 -87 0 0 0
396999,1 330 0 1 -87 0 0 0
389999,1 288 0 9,125 -85 0 0 0
389998,8 285 0 10,0625 -85 0 0 0
389998,7 289 0 8 -85 0 0 0
394999,7 287 0 19,5 -79 0 0 0
394999,7 162 0 19 -80 0 0 0
394999,2 287 0 16,8125 -77 0 0 0
395999,5 295 0 17,1875 -80 0 0 0
395999,6 295 0 20,1875 -81 0 0 0
395998,7 297 0 18,1875 -83 0 0 0
405015,4 26 0,539378 6,125 -86 1 0 0
387998,8 162 0 8,75 -89 0 0 0
387998,7 162 0 8,5625 -89 0 0 0
397999,6 158 0 23,5 -80 0 0 0
397999,5 291 0 16,1875 -80 0 0 0
397999,6 290 0 23,3125 -80 0 0 0
391999,3 286 0 16,9375 -80 0 0 0
391999,4 285 0 23,75 -80 0 0 0
391999,4 287 0 24,4375 -80 0 0 0
405015,1 29 0,5338594 4,625 -87 1 0 0
393998,9 58 0 1 -77 0 0 0
393998,9 59 0 1 -77 0 0 0
393998,9 59 0 1 -77 0 0 0
385998,9 291 0 6,75 -86 0 0 0
385999,2 295 0 10,1875 -86 0 0 0
385999 293 0 8,125 -86 0 0 0
395999,5 296 0 11,5625 -76 0 0 0
395999,6 295 0 12,875 -76 0 0 0
395999,6 295 0 14,1875 -77 0 0 0
397999,8 291 0 6,4375 -86 0 0 0
397999,8 56 0 7 -85 0 0 0
397999,5 102 0 38,375 -83 0 0 0
398999,9 107 0 13 -86 0 0 0
398999,8 334 0 17,8125 -87 0 0 0
391999,1 286 0 34,1875 -85 0 0 0
391999 289 0 17,0625 -86 0 0 0
391999,6 288 0 7 -85 0 0 0
392999,2 59 0 15,5 -80 0 0 0
392999,2 289 0 19,1875 -82 0 0 0
392999,2 60 0 19,125 -83 0 0 0
386998,7 289 0 7,5625 -83 0 0 0
386998,9 288 0 7,1875 -84 0 0 0
386998,7 58 0 8,5 -83 0 0 0
396999,1 332 0 1 -87 0 0 0
396999,1 288 0 1 -87 0 0 0
396999,1 107 0 1 -88 0 0 0
389998,8 284 0 7,75 -84 0 0 0
389998,9 285 0 7,1875 -84 0 0 0
389998,8 286 0 7,75 -84 0 0 0
407076,3 306 0 4 -85 0 0 0
407075,4 306 0 6,6875 -84 0 0 0
390998,3 293 0 11,8125 -88 0 0 0
390999,2 55 0 10,6875 -89 0 0 0
391999,3 286 0 35,5 -84 0 0 0
391999,3 286 0 23,8125 -81 0 0 0
391999,4 288 0 38,375 -83 0 0 0
407073,8 306 0 1 -88 0 0 0
393998,9 58 0 1 -77 0 0 0
393998,9 59 0 1 -77 0 0 0
393998,9 59 0 1 -77 0 0 0
407073,6 194 0 1 -87 0 0 0
407076,2 197 0 29,1875 -85 0 0 0
397999,6 55 0 23,5 -80 0 0 0
397999,6 55 0 23,25 -80 0 0 0
397999,6 290 0 23,75 -80 0 0 0
391999,4 287 0 16,5 -80 0 0 0
391999,3 287 0 16,75 -80 0 0 0
391999,3 288 0 16,75 -80 0 0 0
393999,1 58 0 18,25 -76 0 0 0
393999,2 59 0 13,9375 -75 0 0 0
393999 59 0 12,5625 -75 0 0 0
394999,3 286 0 30,5 -81 0 0 0
394999,7 62 0 24,125 -85 0 0 0
394998,9 60 0 16,25 -86 0 0 0
397999,7 290 0 42 -81 0 0 0
397999,6 290 0 23,375 -80 0 0 0
393999,4 101 0 20,625 -86 0 0 0
394999,4 287 0 37,125 -74 0 0 0
394999,4 162 0 36,625 -74 0 0 0
394999,6 286 0 65,375 -74 0 0 0
397999,8 291 0 8,625 -87 0 0 0
397999,8 290 0 6,4375 -86 0 0 0
397999,8 153 0 6,125 -85 0 0 0
398999,9 332 0 14,625 -85 0 0 0
399000 342 0 18,3125 -86 0 0 0
398999,9 333 0 11,375 -87 0 0 0
405015,5 26 0,6911634 6,1875 -87 0 0 0
405015,1 23 0,6839439 6,25 -88 1 0 0
390998,9 55 0 11,5 -86 0 0 0
390998,8 55 0 11,125 -85 0 0 0
390998,8 55 0 1 -85 0 0 0
391999,3 288 0 32,6875 -85 0 0 0
391999 285 0 19,25 -85 0 0 0
391999,1 289 0 28,5 -87 0 0 0
393998,9 58 0 1 -77 0 0 0
393998,9 292 0 1 -77 0 0 0
393998,9 59 0 1 -77 0 0 0
386998,5 291 0 7,125 -84 0 0 0
386998,5 58 0 8,5 -84 0 0 0
386999 292 0 8,75 -84 0 0 0
396999,1 162 0 1 -87 0 0 0
396999,3 162 0 1 -88 0 0 0
396998,9 337 0 1 -86 0 0 0
389999,1 285 0 10,6875 -87 0 0 0
389999,1 60 0 10,1875 -89 0 0 0
398999,8 342 0 18,3125 -86 0 0 0
398999,3 334 0 10,1875 -89 0 0 0
398999,3 342 0 12,1875 -88 0 0 0
392999,3 291 0 10,25 -77 0 0 0
392999 292 0 9 -77 0 0 0
392999,2 292 0 9,5 -77 0 0 0
385999 296 0 6,5 -86 0 0 0
385999 293 0 6,5 -86 0 0 0
385999 294 0 8,125 -86 0 0 0
395999,5 295 0 10,25 -75 0 0 0
395999,4 295 0 12,0625 -76 0 0 0
395999,6 294 0 12,875 -76 0 0 0
387998,8 277 0 8,8125 -89 0 0 0
397999,6 290 0 23,25 -80 0 0 0
397999,6 55 0 23,5 -80 0 0 0
397999,6 290 0 23,375 -80 0 0 0
405015,5 27 0,7590221 5,8125 -86 0 0 0
389998,6 286 0 12,6875 -89 0 0 0
390998,8 55 0 1 -85 0 0 0
390998,8 57 0 10,6875 -85 0 0 0
390998,6 55 0 4,5625 -87 0 0 0
393998,8 58 0 1 -77 0 0 0
393998,9 58 0 1 -77 0 0 0
393998,9 100 0 1 -77 0 0 0
405015,3 27 0,6108738 6,3125 -86 1 0 0
409063,6 80 0,6360208 7 -89 0 0 0
390999,3 55 0 1 -89 0 0 0
390999,1 293 0 11,1875 -85 0 0 0
390999,6 47 0 12,6875 -89 0 0 0
391999,2 286 0 23,0625 -82 0 0 0
391999,1 286 0 22 -83 0 0 0
391999,3 286 0 32,4375 -85 0 0 0
393998,8 58 0 1 -76 0 0 0
393998,9 58 0 1 -77 0 0 0
393999 58 0 10,75 -74 0 0 0
391999,3 286 0 17,9375 -79 0 0 0
391999,3 288 0 14 -79 0 0 0
391999,3 286 0 16,75 -80 0 0 0
394999,2 162 0 16,8125 -77 0 0 0
394999,3 286 0 14,9375 -76 0 0 0
394999,3 286 0 14,625 -75 0 0 0
395999,6 297 0 19,3125 -82 0 0 0
395999,2 56 0 31 -86 0 0 0
395999,2 297 0 15 -86 0 0 0
388999,2 293 0 7,75 -86 0 0 0
388999,2 293 0 6,6875 -87 0 0 0
388999,2 290 0,5613706 8,875 -87 0 0 0
398999,9 109 0 9 -81 0 0 0
398999,8 332 0 9,25 -81 0 0 0
398999,8 334 0 10,1875 -82 0 0 0
407075,8 191 0 9,125 -85 0 0 0
390998,8 147 0 10,6875 -85 0 0 0
390998,8 292 0 1 -86 0 0 0
390998,9 294 0 1 -85 0 0 0
391999,6 287 0 7,625 -86 0 0 0
391998,8 286 0 12,1875 -86 0 0 0
391999,6 162 0 6,625 -89 0 0 0
407076,2 191 0 29,0625 -85 0 0 0
385999 294 0 8,3125 -86 0 0 0
385999,1 294 0 10,5625 -86 0 0 0
385999,1 292 0 10,5625 -86 0 0 0
395999,6 296 0 14,25 -75 0 0 0
395999,6 298 0,5051762 12,875 -75 0 0 0
395999,4 296 0 11,9375 -75 0 0 0
405015,3 29 0,758724 7,1875 -88 1 0 0
389998,9 285 0 9,25 -83 0 0 0
389999,1 288 0 10,1875 -84 0 0 0
389999,3 286 0 11,1875 -84 0 0 0
391999 281 0 24,4375 -82 0 0 0
391999,1 285 0 24,8125 -81 0 0 0
391999,3 284 0 14,25 -83 0 0 0
392999,2 289 0,5483998 23,1875 -84 0 0 0
392999,9 148 0 32,0625 -86 0 0 0
392997,6 291 0 24,4375 -88 0 0 0
405014,7 32 0,7333947 7,625 -89 0 0 0
393998,7 102 0 20,875 -87 0 0 0
393999,4 103 0 23,375 -85 0 0 0
394999,4 285 0 36,625 -74 0 0 0
394999,5 287 0 65,625 -75 0 0 0
394999,5 286 0 61,8125 -76 0 0 0
386998,9 288 0 7,0625 -83 0 0 0
386998,6 61 0 7,25 -83 0 0 0
386998,6 60 0 7,25 -83 0 0 0
396999 330 0 1 -87 0 0 0
396999,1 287 0 1 -87 0 0 0
396999,4 290 0 1 -88 0 0 0
389999,1 162 0 10,6875 -87 0 0 0
389998,8 284 0 11 -86 0 0 0
389999,1 284 0 9,75 -86 0 0 0
390998,8 55 0 1 -88 0 0 0
394999,6 289 0 67,125 -74 0 0 0
394999,4 289 0,5337034 36,625 -74 0 0 0
394999,6 287 0 65,125 -74 0 0 0
405000,8 107 0,5139868 14,5625 -92 0 0 0
405000,7 267 0,7361959 15,3125 -93 0 0 0
397999,7 55 0 44,75 -80 0 0 0
397999,6 155 0 23,625 -80 0 0 0
386998,5 100 0 7 -83 0 0 0
386998,6 289 0 7,25 -83 0 0 0
386998,7 291 0 7,5625 -83 0 0 0
396999 285 0 1 -87 0 0 0
396999,1 336 0 1 -87 0 0 0
396999,1 331 0 1 -87 0 0 0
394999,5 287 0 33,9375 -74 0 0 0
394999,5 162 0 33,75 -74 0 0 0
394999,5 162 0 33,9375 -74 0 0 0
397999,6 290 0 45,75 -80 0 0 0
397999,6 55 0 43 -81 0 0 0
397999,6 154 0 43 -81 0 0 0
390998,9 56 0 1 -85 0 0 0
390998,7 57 0 1 -84 0 0 0
390998,9 293 0 1 -84 0 0 0
405015,3 18 0 5,5 -87 0 0 0
393998,9 59 0 1 -76 0 0 0
393998,9 58 0 1 -77 0 0 0
393998,9 58 0 1 -77 0 0 0
388999,1 292 0 6,875 -87 0 0 0
388999,1 292 0 6,25 -86 0 0 0
388999,3 290 0 8,4375 -87 0 0 0
398999,8 332 0 8,25 -81 0 0 0
398999,7 342 0 7,6875 -81 0 0 0
399000 287 0 8,75 -81 0 0 0
391999,3 287 0 17,9375 -79 0 0 0
391999,3 286 0 17,0625 -80 0 0 0
391999,3 286 0 14,125 -79 0 0 0
393999,1 58 0 13,125 -74 0 0 0
393998,9 59 0 11,5625 -74 0 0 0
393998,9 58 0 10,75 -74 0 0 0
394999,7 292 0 17,0625 -87 0 0 0
405015,1 26 0,6705709 4,5625 -86 0 0 0
405015,4 32 0,7507355 5,375 -86 0 0 0
397999,8 290 0 13,125 -85 0 0 0
397999,8 290 0 5,875 -84 0 0 0
397999,8 291 0 5,25 -83 0 0 0
398999,3 342 0 14,25 -87 0 0 0
398999,3 107 0 10,1875 -89 0 0 0
392999,3 290 0 10,3125 -77 0 0 0
392999,3 291 0 10,25 -77 0 0 0
392999,2 289 0 9,875 -76 0 0 0
394999,5 286 0 35,8125 -73 0 0 0
394999,5 286 0 35,4375 -73 0 0 0
394999,5 287 0 35,4375 -73 0 0 0
405000,3 146 0 15,6875 -92 0 0 0
397999,8 291 0 5,75 -83 0 0 0
397999,5 290 0 35,625 -84 0 0 0
397999,5 290 0 32,0625 -85 0 0 0
389998,8 287 0 7,75 -84 0 0 0
389998,6 287 0 7,4375 -84 0 0 0
389998,8 288 0 7,5625 -83 0 0 0
392999 292 0 10,125 -77 0 0 0
392999,2 292 0 9,5625 -77 0 0 0
392999,3 291 0 10,25 -77 0 0 0
405015,1 127 0 5,25 -86 0 0 0
385998,8 297 0 7,6875 -87 0 0 0
385999,2 296 0 10,1875 -86 0 0 0
385999 295 0 8,125 -86 0 0 0
395999,4 295 0 14,25 -77 0 0 0
395999,6 295 0 14,1875 -77 0 0 0
395999,4 295 0 12,1875 -76 0 0 0
388999,1 294 0 6,4375 -86 0 0 0
388999,2 290 0,6279103 7,5625 -86 0 0 0
388999,2 295 0 6,625 -87 0 0 0
398999,8 336 0 8,25 -81 0 0 0
398999,8 333 0 8,25 -81 0 0 0
398999,8 108 0 8,25 -81 0 0 0
405015,4 21 0,708343 6,875 -88 0 0 0
393999,1 59 0 12,9375 -74 0 0 0
393999 58 0 11 -74 0 0 0
393999 58 0 10,8125 -74 0 0 0
394998,2 285 0 20,375 -86 0 0 0
386998,4 63 0 6,75 -83 0 0 0
386999,2 59 0 7,0625 -83 0 0 0
386998,7 290 0 7,5625 -83 0 0 0
396999 283 0 1 -87 0 0 0
396999,1 285 0 1 -87 0 0 0
396999 332 0 1 -87 0 0 0
388999,4 293 0 20,375 -88 0 0 0
388999,3 292 0 10,8125 -88 0 0 0
388999 293 0 7,3125 -87 0 0 0
398999,7 333 0 11,875 -82 0 0 0
398999,7 335 0 11,5 -83 0 0 0
398999,8 286 0 9,625 -81 0 0 0
390999 57 0 12,1875 -86 0 0 0
390998,8 293 0 1 -86 0 0 0
390998,8 57 0 1 -86 0 0 0
391999,4 287 0 35,625 -84 0 0 0
391999,3 287 0 30,5 -86 0 0 0
391999,1 289 0 24,4375 -88 0 0 0
386998,1 55 0 1 -89 0 0 0
386999 292 0 10,6875 -87 0 0 0
386998,3 100 0 11,4375 -89 0 0 0
395998,5 296 0 18,8125 -86 0 0 0
395999,2 295 0 22,375 -84 0 0 0
395999,6 297 0 19,6875 -81 0 0 0
396999,1 162 0 1 -88 0 0 0
396999,1 330 0 1 -89 0 0 0
396999,5 341 0 13,75 -88 0 0 0
388999,1 287 0 9,25 -87 0 0 0
388999,3 292 0,5033582 8,5625 -87 0 0 0
388999,2 292 0 7,625 -86 0 0 0
398999,8 331 0 11,875 -82 0 0 0
399000 342 0 11 -82 0 0 0
398999,8 329 0 9,625 -81 0 0 0
392999,3 290 0 10,0625 -77 0 0 0
392999,2 292 0 10,3125 -77 0 0 0
392999,3 291 0,5206373 11,875 -78 0 0 0
394999,4 286 0 36 -74 0 0 0
394999,6 286 0 64,875 -74 0 0 0
394999,5 288 0 34,125 -74 0 0 0
405000,3 234 0 14,1875 -93 0 0 0
388999,2 289 0 7,5625 -86 0 0 0
388999,2 293 0 6,6875 -87 0 0 0
388999,1 294 0 6,5 -86 0 0 0
398999,8 330 0 9,625 -81 0 0 0
398999,8 108 0 10 -80 0 0 0
398999,9 333 0 7,0625 -81 0 0 0
390998,8 57 0 1 -88 0 0 0
390999,4 39 0 13,75 -88 1 0 0
391999,3 283 0,6424844 25,0625 -81 0 0 0
391999 286 0 23,5 -82 0 0 0
391999,1 287 0 32,8125 -85 0 0 0
405014,9 29 0 5,625 -89 0 0 0
387998,9 289 0 6,1875 -89 0 0 0
387998,8 61 0 8,625 -89 0 0 0
397999,6 290 0 23,375 -80 0 0 0
397999,7 291 0 45,125 -80 0 0 0
397999,6 291 0 24,0625 -80 0 0 0
405014,9 31 0,6067812 4,9375 -86 0 0 0
405015,3 28 0,7362689 5,5 -87 0 0 0
389998,3 286 0 11,4375 -89 0 0 0
389998,7 287 0 12,4375 -87 0 0 0
389998,8 287 0 11 -86 0 0 0
390998,9 55 0 11 -86 0 0 0
390999 55 0 10,1875 -88 0 0 0
405015,1 34 0,6636562 5,1875 -87 0 0 0
389999,1 288 0 6,8125 -84 0 0 0
389998,9 287 0 7,375 -85 0 0 0
389998,9 287 0 8,1875 -84 0 0 0
392999,2 292 0 21,8125 -84 0 0 0
392999,7 293 0,5072911 22,875 -83 0 0 0
392999,5 290 0 16,8125 -80 0 0 0
393999 60 0 21,1875 -78 0 0 0
393999 100 0 21,6875 -80 0 0 0
393998,7 289 0 20,3125 -81 0 0 0
405015,5 28 0,6976822 5,3125 -88 0 0 0
385998,9 296 0 7,25 -89 0 0 0
385999,2 46 0 9,5625 -89 0 0 0
385998,9 293 0 10,1875 -87 0 0 0
395999,6 295 0 19,3125 -81 0 0 0
395999,5 296 0 18,3125 -79 0 0 0
395999,7 295 0 17,25 -79 0 0 0
397000,3 108 0 10,1875 -89 0 0 0
389998,5 287 0,5033221 9,625 -86 0 0 0
389998,8 286 0 11 -86 0 0 0
389998,8 287 0 10,0625 -85 0 0 0
391999,3 287 0 27,25 -79 0 0 0
391999,2 287 0 18,5 -80 0 0 0
391999,3 279 0,5298829 17,8125 -80 0 0 0
407028 102,4976 0,6175477 16,625 -61 0,4975815 0 0
394999,4 287 0 37 -73 0 0 0
394999,4 286 0 37,125 -73 0 0 0
394999,4 286 0 38,5625 -73 0 0 0
390998,6 56 0 16,125 -85 0 0 0
390998,6 295 0 13 -84 0 0 0
390998,8 56 0 10,6875 -82 0 0 0
391999,6 287 0 13,75 -87 0 0 0
391998,8 290 0 16 -87 0 0 0
393998,9 59 0 10,5 -73 0 0 0
393999 100 0 10,25 -73 0 0 0
393999 58 0 1 -77 0 0 0
385999 293 0 8,3125 -86 0 0 0
385998,8 293 0 8,8125 -86 0 0 0
385999,1 294 0 8 -86 0 0 0
395999,6 126 0 14,1875 -77 0 0 0
395999,4 295 0 12,0625 -76 0 0 0
395999,4 295 0 12,1875 -76 0 0 0
392999,7 144 0 15,25 -88 0 0 0
393998,9 58 0 12,5 -74 0 0 0
393999,1 292 0 12,5625 -74 0 0 0
393999 101 0 14,8125 -75 0 0 0
385999,1 293 0 7,875 -86 0 0 0
385999 294 0 6,625 -86 0 0 0
385999,1 293 0 6,4375 -86 0 0 0
395999,5 295 0 10,25 -75 0 0 0
395999,5 294 0 10,1875 -75 0 0 0
395999,5 298 0,5693352 10,4375 -76 0 0 0
397999,6 290 0 23,875 -80 0 0 0
397999,6 61 0 23,625 -80 0 0 0
397999,6 291 0 23,75 -80 0 0 0
391999,3 285 0,5312542 36,1875 -84 0 0 0
391999,1 286 0 21,75 -83 0 0 0
391999,6 286 0 7,625 -86 0 0 0
392999,2 292 0 16,875 -81 0 0 0
392999,7 288 0 21,875 -84 0 0 0
392999,2 290,4977 0,5590663 20,375 -85 0,4976501 0 0
405015,4 31 0,6031938 4,6875 -87 0 0 0
385999,2 293 0 7,625 -86 0 0 0
385998,9 294 0 6,9375 -86 0 0 0
385998,9 293 0 6,9375 -86 0 0 0
395999,5 295 0 10,5 -75 0 0 0
395999,5 295 0 10,4375 -76 0 0 0
395999,5 295 0 10,125 -75 0 0 0
387998,8 61 0 8,75 -89 0 0 0
387998,8 55 0,6056161 8,625 -89 0 0 0
397999,6 55 0 23,625 -80 0 0 0
397999,6 290 0 23,625 -80 0 0 0
397999,6 290 0 23,3125 -80 0 0 0
390998,8 293 0 10,0625 -85 0 0 0
390998,8 293 0 1 -86 0 0 0
390999,4 55 0 10,9375 -87 0 0 0
393998,9 58 0 1 -77 0 0 0
393998,9 59 0 1 -77 0 0 0
393998,9 58 0 1 -77 0 0 0
391999,4 285 0 16,625 -80 0 0 0
391999,3 286 0 14,3125 -79 0 0 0
391999,4 285 0 16,5 -80 0 0 0
405015,2 29 0,7647498 4,4375 -87 1 0 0
393998,7 58 0 20,875 -87 0 0 0
393999 59 0 18,1875 -83 0 0 0
393999 58 0 22,25 -80 0 0 0
394999,4 286 0 36,625 -75 0 0 0
394999,3 286 0 15,25 -75 0 0 0
394999,4 287 0 17,875 -77 0 0 0
405000,3 93 0,8643084 15,8125 -92 0 0 0
386998,7 61 0 7,5625 -83 0 0 0
386998,7 58 0 7,5625 -83 0 0 0
386998,7 60 0 7,5625 -83 0 0 0
396999 284 0 1 -87 0 0 0
396999,1 326 0 1 -87 0 0 0
396999,1 288 0 1 -87 0 0 0
391001,6 294 0 1 -85 0 0 0
390998,8 293 0 1 -84 0 0 0
390998,9 293 0 1 -85 0 0 0
405015,2 33 0,740168 5,6875 -86 0 0 0
405015,4 32 0,7651041 5,375 -86 1 0 0
393998,9 59 0 1 -77 0 0 0
393998,8 100 0 1 -77 0 0 0
393999 100 0 10,1875 -74 0 0 0
387998,8 61 0 8,8125 -89 0 0 0
397999,6 153 0 23,25 -80 0 0 0
397999,5 154 0 16,5 -80 0 0 0
397999,6 154 0 23,375 -80 0 0 0
405015,2 31 0,7814909 5,6875 -86 0 0 0
390998,8 294 0 1 -84 0 0 0
390998,8 55 0 1 -84 0 0 0
390998,8 57 0 1 -84 0 0 0
405014,9 25 0,6175879 6,625 -87 0 0 0
385998,9 291 0 6,75 -86 0 0 0
385999 293 0 6,5 -86 0 0 0
385999,1 295 0 6,4375 -86 0 0 0
395999,6 295 0 10,375 -76 0 0 0
395999,3 295 0 10,3125 -75 0 0 0
395999,3 296 0 10,3125 -75 0 0 0
388999,1 289 0 8 -86 0 0 0
388998,8 293 0 5,9375 -86 0 0 0
388999,3 292 0 8,4375 -87 0 0 0
399000 162 0 8,75 -81 0 0 0
398999,7 109 0 9,25 -80 0 0 0
398999,9 331 0 10,5625 -81 0 0 0
397999,4 162 0 29,3125 -86 0 0 0
397999,8 55 0 7 -85 0 0 0
397999,5 289 0 38,375 -83 0 0 0
398998,9 339 0 10,875 -86 0 0 0
399000 332 0 13,75 -88 0 0 0
390998,8 56 0 1 -84 0 0 0
390998,8 55 0 1 -84 0 0 0
390998,8 293 0 1 -84 0 0 0
394999,5 286 0 33,3125 -74 0 0 0
394999,4 286 0 24,75 -73 0 0 0
394999,5 288 0 33,75 -74 0 0 0
397999,6 55 0 43 -81 0 0 0
397999,5 154 0 23,4375 -81 0 0 0
397999,6 156 0 40,3125 -82 0 0 0
391998,6 283 0,5251873 20,4375 -85 0 0 0
391999,6 286 0 15,75 -89 0 0 0
391999,3 288 0 29,3125 -86 0 0 0
392999,2 293 0 14,125 -80 0 0 0
392999,2 291 0 15,6875 -81 0 0 0
392998,7 289 0 17,3125 -83 0 0 0
405015,3 33 0,6777413 5,6875 -87 0 0 0
386998,7 289 0 7,75 -84 0 0 0
386998,3 60 0 7,375 -83 0 0 0
386998,7 58 0 7,75 -84 0 0 0
396999,1 162 0 1 -88 0 0 0
396999,2 162 0 1 -87 0 0 0
396999 162 0 1 -87 0 0 0
389999,1 285 0 12,1875 -88 0 0 0
390998,8 292 0 11,125 -85 0 0 0
390998,8 58 0 1 -87 0 0 0
390999,2 296 0 1 -89 0 0 0
392999,4 290 0 10,0625 -77 0 0 0
392999,2 290 0 9,375 -77 0 0 0
392999,3 290 0,5121198 10,625 -77 0 0 0
386998,5 59 0 7 -83 0 0 0
386998,7 290 0 7,5625 -83 0 0 0
386998,6 60 0 8,125 -83 0 0 0
396999,2 332 0 1 -88 0 0 0
396999 283 0 1 -87 0 0 0
396999,1 330 0 1 -87 0 0 0
390998,8 56 0 1 -84 0 0 0
390998,8 56 0 1 -84 0 0 0
390998,8 291 0 1 -84 0 0 0
405015,6 126 0 5,3125 -89 0 0 0
393998,9 58 0 18,375 -74 0 0 0
393999 58 0 12,5625 -74 0 0 0
393998,9 58 0 12,3125 -73 0 0 0
394998,9 162 0 17,8125 -88 0 0 0
405015,3 27 0,6373441 8,375 -87 0 0 0
386998,7 286 0 11,0625 -86 0 0 0
386998,3 289 0 22,875 -89 0 0 0
396999 162 0 11,5 -86 0 0 0
396999,5 162 0 22,875 -89 0 0 0
397999,8 55 0 13,25 -85 0 0 0
398000,1 37 0 14,8125 -85 0 0 0
397999,3 289 0 28,5 -87 0 0 0
405015 28 0,7943973 6,875 -89 0 0 0
389999,3 286 0 10,0625 -82 0 0 0
389998,9 285 0 9,4375 -84 0 0 0
389998,9 288 0 8,1875 -84 0 0 0
394999,4 287 0 37 -73 0 0 0
394999,5 162 0 36,625 -73 0 0 0
394999,4 287 0 37,125 -73 0 0 0
405014,3 22 0,90855 6,875 -89 0 0 0
387998,9 281 0 6,1875 -89 0 0 0
387998,8 162 0,5197749 6,0625 -89 0 0 0
397999,7 153 0 45,125 -80 0 0 0
397999,6 154 0 23,25 -80 0 0 0
397999,7 153 0 41,375 -81 0 0 0
405014,3 30 0,5906307 4,4375 -89 0 0 0
391999,3 286 0 14,125 -79 0 0 0
391999,3 286 0 16,9375 -80 0 0 0
391999,3 288 0 16,75 -80 0 0 0
385999 295 0 9,8125 -87 0 0 0
385998,7 293 0 7,625 -86 0 0 0
385998,9 293 0 6,9375 -86 0 0 0
395999,4 295 0 13,875 -77 0 0 0
395999,6 295 0 14,4375 -77 0 0 0
395999,6 297 0,5271915 12,875 -76 0 0 0
391999,2 288 0 18,125 -80 0 0 0
391999,3 287 0 23,8125 -81 0 0 0
391999,3 286 0 22,875 -82 0 0 0
393998,8 100 0 1 -76 0 0 0
393998,9 58 0 1 -77 0 0 0
393998,9 58 0 1 -77 0 0 0
405014,9 23 0,5980184 5,0625 -85 1 0 0
389998,8 286 0 7,75 -84 0 0 0
389998,9 286 0 7,9375 -83 0 0 0
389998,9 288 0 7,9375 -83 0 0 0
393999 291 0 19,5625 -82 0 0 0
393999 101 0 20,3125 -81 0 0 0
393999 58 0 20,625 -79 0 0 0
394999,3 287 0 15,125 -75 0 0 0
394999,5 289 0 16,5625 -77 0 0 0
394999,4 162 0 17,4375 -78 0 0 0
392999,2 290 0 12,75 -78 0 0 0
392999,2 60 0 12,0625 -77 0 0 0
392999,2 291 0 10,5625 -77 0 0 0
390998,8 57 0 1 -84 0 0 0
390998,9 56 0 1 -85 0 0 0
390998,8 294 0 1 -84 0 0 0
393998,9 58 0 1 -77 0 0 0
393998,9 59 0 1 -77 0 0 0
393998,9 100 0 1 -77 0 0 0
388999,1 291 0 8 -86 0 0 0
388998,9 295 0 8,5625 -86 0 0 0
388999,1 289 0,5330828 8,125 -88 0 0 0
398999,7 332 0 11,875 -82 0 0 0
398999,9 162 0 10,5625 -81 0 0 0
398999,9 332 0 10,5625 -81 0 0 0
393999 100 0 10,1875 -74 0 0 0
393999 101 0 11,375 -74 0 0 0
393999 58 0 11,375 -74 0 0 0
385999,2 294 0 10 -86 0 0 0
385999,1 294 0 8 -86 0 0 0
385999 294 0 8,125 -86 0 0 0
395999,4 295 0 12,0625 -76 0 0 0
395999,4 295 0 11,375 -76 0 0 0
395999,5 294 0,593549 11,375 -76 0 0 0
388999,1 292 0 9,25 -87 0 0 0
388999,2 103 0 8,75 -87 0 0 0
388999 292 0 7,3125 -87 0 0 0
398999,8 342 0 11 -81 0 0 0
398999,8 332 0 11,875 -82 0 0 0
398999,8 332 0 11,875 -82 0 0 0
391999,1 288 0 17,625 -81 0 0 0
391999,4 287 0 37,75 -83 0 0 0
388999,2 292 0 6,5 -87 0 0 0
388999,1 292 0 5,4375 -87 0 0 0
388999,1 104 0 8 -86 0 0 0
398999,8 108 0 8,25 -81 0 0 0
398999,9 332 0 10,5625 -81 0 0 0
398999,8 331 0 8,25 -81 0 0 0
390998,8 292 0 1 -84 0 0 0
390998,8 293 0 1 -84 0 0 0
390998,8 55 0 1 -84 0 0 0
407075,7 190 0 7,4375 -85 0 0 0
393998,9 58 0 1 -77 0 0 0
393998,9 59 0 1 -77 0 0 0
393998,9 101 0 1 -77 0 0 0
387998,8 283 0 8,875 -89 0 0 0
387998,8 162 0,5047097 8,8125 -89 0 0 0
397999,6 290 0 23,0625 -80 0 0 0
397999,6 154 0 23,3125 -80 0 0 0
397999,6 158 0 23,375 -80 0 0 0
405015,5 191 0,5592852 5,5 -89 0 0 0
407076,2 191 0 28,8125 -85 0 0 0
390998,8 294 0 1 -84 0 0 0
390998,8 55 0 1 -84 0 0 0
390998,9 56 0 1 -85 0 0 0
393998,9 101 0 1 -77 0 0 0
393998,9 58 0 1 -77 0 0 0
393998,8 290 0 1 -77 0 0 0
388998,5 287 0 8,375 -86 0 0 0
388999,2 293 0 6,75 -87 0 0 0
388999,1 292 0 6,875 -87 0 0 0
398999,7 331 0 8,5625 -81 0 0 0
398999,7 331 0 8,5625 -81 0 0 0
399000 342 0 10,25 -81 0 0 0
392999,5 289 0 19,6875 -81 0 0 0
392999,2 292 0 15,25 -79 0 0 0
392999,2 292 0 13 -79 0 0 0
393999 103 0 20,3125 -81 0 0 0
393999,2 293 0 20,9375 -83 0 0 0
393999,4 56 0 20,625 -86 0 0 0
386998,7 287 0 6,875 -84 0 0 0
386998,6 59 0 7,4375 -84 0 0 0
386998,7 56 0 6,5 -83 0 0 0
396999,1 282 0 1 -87 0 0 0
396999,1 330 0 1 -87 0 0 0
396999 284 0 1 -87 0 0 0
391999,3 286 0 14,125 -79 0 0 0
391999,3 287 0 14,125 -79 0 0 0
391999,3 287 0 13,875 -79 0 0 0
393998,7 103 0 17,6875 -85 0 0 0
393998,7 104 0 22,4375 -85 0 0 0
394999,4 286 0 37,125 -74 0 0 0
394999,4 287 0 35,5 -75 0 0 0
394999,3 162 0 14,8125 -76 0 0 0
405000,4 269 0 13,1875 -93 0 0 0
386998,9 291 0 7,1875 -84 0 0 0
386998,9 291 0 7,9375 -83 0 0 0
386998,8 290 0 6,125 -83 0 0 0
396999 162 0 1 -87 0 0 0
396999,1 159 0 1 -87 0 0 0
396999 162 0 1 -87 0 0 0
389999,1 287 0 7,4375 -83 0 0 0
389999,1 286 0 7,4375 -83 0 0 0
389998,7 289 0 6,5625 -84 0 0 0
407025,3 192 0,5661687 7,125 -84 0 0 0
392999,3 292 0 11,875 -78 0 0 0
392999,2 291 0 11,375 -78 0 0 0
392998,9 291 0 12,375 -78 0 0 0
386998,1 99 0 1 -89 0 0 0
386998,6 57 0 9,4375 -85 0 0 0
386998,7 287 0 8,875 -84 0 0 0
396998,9 158 0 1 -86 0 0 0
396998,9 283 0 1 -86 0 0 0
396999,1 288 0 1 -87 0 0 0
405015,4 28 0,7144835 5,375 -86 0 0 0
392999,2 288 0 34 -85 0 0 0
392999,7 288 0,5366343 23,9375 -83 0 0 0
392998,8 289 0 15 -80 0 0 0
393999,2 59 0 18,8125 -77 0 0 0
393998,7 101 0 20,125 -79 0 0 0
393999 59 0 19,5625 -80 0 0 0
405015,2 28 0,6275897 5,0625 -86 0 0 0
386998,3 55 0 13,75 -88 0 0 0
397999,6 291 0 37,75 -83 0 0 0
397999,8 290 0 13,125 -85 0 0 0
397999,4 160 0 29,3125 -86 0 0 0
385998,6 295 0 8,125 -89 0 0 0
386998 295 0 20,375 -89 0 0 0
395999,2 294 0 19,1875 -82 0 0 0
395999,2 296 0 20,625 -81 0 0 0
395999,2 295 0 15,625 -79 0 0 0
396999,5 336 0 13,75 -88 0 0 0
405015,3 26 0,6153598 5,5 -86 0 0 0
388999,2 100 0 7,5625 -86 0 0 0
388999,2 291 0,5278885 7,5625 -86 0 0 0
388999,2 293 0 7,75 -86 0 0 0
398999,7 108 0 9,25 -80 0 0 0
398999,9 342 0 9,6875 -80 0 0 0
398999,9 332 0 10,5625 -81 0 0 0
386998,5 289 0 8,5 -84 0 0 0
386998,6 287 0 8,125 -83 0 0 0
386998,6 58 0 6,5625 -84 0 0 0
396999 336 0 1 -87 0 0 0
396999 335 0 1 -87 0 0 0
396999,2 331 0 1 -87 0 0 0
389999,1 289 0 10,6875 -87 0 0 0
389998,8 287 0 11 -86 0 0 0
389998,8 287 0 8,9375 -86 0 0 0
393999,2 59 0 19,6875 -75 0 0 0
393998,9 59 0 18,8125 -75 0 0 0
393999 59 0 17,3125 -74 0 0 0
394999,7 288 0 21,375 -82 0 0 0
395000,2 341 0 22,875 -86 0 0 0
394999,7 286 0 16,8125 -88 0 0 0
387998,7 33 0 16,5625 -89 0 0 0
387998,7 281 0 8,5625 -89 0 0 0
387998,8 162 0 8,75 -89 0 0 0
397999,6 155 0 45,75 -80 0 0 0
397999,6 55 0 46,3125 -80 0 0 0
397999,7 291 0 45,5625 -80 0 0 0
392999,3 291 0 12,1875 -77 0 0 0
392999,2 292 0 11,9375 -77 0 0 0
392999,2 290 0 12,25 -77 0 0 0
385999 296 0,5238345 8,3125 -86 0 0 0
385999 294 0 8,3125 -86 0 0 0
385998,9 295 0 6,9375 -86 0 0 0
395999,6 296 0 14,4375 -77 0 0 0
395999,4 295 0 12,0625 -76 0 0 0
395999,5 295 0 12,4375 -75 0 0 0
389998,9 285 0 9,4375 -84 0 0 0
389998,9 287 0 9,4375 -84 0 0 0
389998,9 287 0 8,5 -85 0 0 0
386998,7 292 0 7,5625 -83 0 0 0
386998,6 289 0 7,25 -83 0 0 0
386998,6 60 0 7,25 -83 0 0 0
396999,2 162 0 1 -88 0 0 0
396999,1 335 0 1 -87 0 0 0
396999 107 0 1 -87 0 0 0
389998,7 287 0 8,875 -84 0 0 0
389998,9 289 0 8,5 -85 0 0 0
389998,8 282 0 10,0625 -85 0 0 0
391999,3 286 0 17,0625 -80 0 0 0
391999,3 286 0 13,875 -79 0 0 0
391999,4 286 0 24,1875 -80 0 0 0
405014,9 27 0,6453897 6,625 -87 0 0 0
393999,3 58 0 20,625 -79 0 0 0
393999,2 58 0 18,3125 -77 0 0 0
393999,1 58 0 17 -76 0 0 0
394999,4 162 0 17,4375 -78 0 0 0
394999,3 285 0 19,125 -80 0 0 0
394999,2 288 0 21,875 -82 0 0 0
397999,6 156 0 23,375 -80 0 0 0
397999,6 153 0 23,3125 -80 0 0 0
397999,6 290 0 23,875 -80 0 0 0
405015,2 197 0 5,6875 -86 0 0 0
389998,7 162 0 8 -85 0 0 0
389998,9 286 0 7,1875 -84 0 0 0
389998,9 286 0 7,1875 -84 0 0 0
392999,2 291 0 9,375 -76 0 0 0
392999,2 291 0 10 -77 0 0 0
392999,3 292 0 11,0625 -77 0 0 0
385999 295 0 10,1875 -89 0 0 0
385999 294 0 8,375 -88 0 0 0
385999,1 295 0 9,25 -87 0 0 0
395999,5 294 0 17,5625 -79 0 0 0
395999,5 295 0 15 -78 0 0 0
395999,4 295 0 14,0625 -77 0 0 0
389998,6 162 0 12,6875 -89 0 0 0
390998,8 55 0 1 -85 0 0 0
390998,8 292 0 10,6875 -85 0 0 0
390998,9 57 0 11,5 -86 0 0 0
405015 18 0,555256 4,875 -85 0 0 0
392999,3 292 0 11,4375 -77 0 0 0
392999,2 292 0 12,125 -78 0 0 0
392999,2 291 0 12,3125 -78 0 0 0
394999,5 286 0 64,5 -75 0 0 0
394999,4 286 0 36,625 -74 0 0 0
394999,5 288 0 14,0625 -75 0 0 0
395999,2 99 0 16,25 -87 0 0 0
388999 288 0 6,75 -86 0 0 0
388999,1 294 0 7,875 -86 0 0 0
388999,2 293 0 6,6875 -87 0 0 0
398999,6 332 0 8 -81 0 0 0
398999,6 330 0 8 -81 0 0 0
398999,7 335 0 9,25 -80 0 0 0
397999,8 291 0 6,4375 -86 0 0 0
397999,8 289 0 7 -85 0 0 0
397999,6 290 0 37,75 -83 0 0 0
398999,3 342 0 14,25 -87 0 0 0
398999,3 337 0 14,25 -87 0 0 0
407076 193 0 13,3125 -83 0 0 0
407074,9 306 0 8,1875 -84 0 0 0
390998,9 294 0 1 -84 0 0 0
390998,8 295 0 1 -84 0 0 0
390998,8 295 0 1 -84 0 0 0
392999,2 289 0 12,3125 -78 0 0 0
392999 292 0 11,125 -77 0 0 0
392999,3 60 0 10,4375 -77 0 0 0
405015,1 31 0,7804912 5,9375 -85 0 0 0
385999,1 293 0 7,75 -86 0 0 0
385999,1 295 0 6,4375 -86 0 0 0
385999,1 294 0 7,1875 -85 0 0 0
395999,5 295 0 10,25 -75 0 0 0
395999,3 295 0 10,3125 -75 0 0 0
395999,5 296 0 10,25 -75 0 0 0
405015,4 35 0,7432435 5,25 -86 0 0 0
388999,2 290 0 8,875 -87 0 0 0
388999 100 0 7,3125 -87 0 0 0
388999,1 293 0,5045316 8,125 -88 0 0 0
398999,6 334 0 9,3125 -82 0 0 0
399000 342 0 11,375 -82 0 0 0
398999,8 162 0 11,875 -82 0 0 0
391999,3 287 0 14 -79 0 0 0
391999,3 287 0 16,75 -80 0 0 0
391999,3 287 0 14 -79 0 0 0
386998,7 289 0 6,5 -83 0 0 0
386998,3 289 0 7,875 -84 0 0 0
386998,5 61 0 7,125 -84 0 0 0
396999,1 332 0 1 -87 0 0 0
396999 162 0 1 -87 0 0 0
396999 288 0 1 -87 0 0 0
390998,8 55 0 1 -84 0 0 0
390998,8 55 0 1 -84 0 0 0
390998,8 56 0 1 -84 0 0 0
393999,7 58 0 17,8125 -87 0 0 0
393999,4 100 0 22,375 -85 0 0 0
393999,2 290 0 20,9375 -83 0 0 0
394999,4 287 0 36,3125 -74 0 0 0
394999,5 286 0 14,5 -75 0 0 0
394999,5 289 0 15,6875 -76 0 0 0
405000,9 280 0,6464807 15,5625 -93 0 0 0
389998,8 287 0 8,9375 -86 0 0 0
389999,1 283 0 12,1875 -88 0 0 0
398999,3 162 0 13,375 -86 0 0 0
398999,8 332 0 15,25 -88 0 0 0
391999,4 289 0 24,0625 -80 0 0 0
391999,3 286 0 17,8125 -80 0 0 0
391999,2 286 0 18,125 -80 0 0 0
405015 127 0,517828 5,5 -86 0 0 0
393998,9 58 0 1 -77 0 0 0
393998,9 290 0 1 -77 0 0 0
393998,9 58 0 1 -77 0 0 0
387998,8 162 0 6,125 -89 0 0 0
397999,5 153 0 16,5 -80 0 0 0
397999,6 55 0 23,375 -80 0 0 0
397999,6 291 0 23,5 -80 0 0 0
405015,5 37 0,6831686 5,1875 -87 0 0 0
405015,5 27 0,7989252 6,0625 -87 0 0 0
391999,4 287 0 23,75 -80 0 0 0
391999,4 286 0 17,6875 -79 0 0 0
391999,3 287 0 17,0625 -80 0 0 0
393999,2 285 0 14,25 -88 0 0 0
394000,2 293 0 36,625 -85 0 0 0
394999,5 289 0 63,8125 -75 0 0 0
394999,5 287 0 34,5625 -74 0 0 0
394999,4 287 0 14,75 -75 0 0 0
405014,9 26 0,5785895 4,5 -86 0 0 0
386998,6 59 0 8,125 -83 0 0 0
386998,8 292 0 8,1875 -84 0 0 0
386998,9 290 0 7,9375 -83 0 0 0
396999 288 0 1 -87 0 0 0
396999,1 333 0 1 -87 0 0 0
396999,1 334 0 1 -87 0 0 0
389999,1 287 0 9,125 -85 0 0 0
389998,9 287 0 8,5 -85 0 0 0
389998,8 286 0 7,75 -84 0 0 0
392999,2 290 0,5346859 13,4375 -79 0 0 0
392999,2 291 0 13,5625 -78 0 0 0
392999,2 291 0 12 -78 0 0 0
393999,4 289 0 22,125 -85 0 0 0
393998,7 103 0 25,9375 -89 0 0 0
397999,8 157 0 5,875 -84 0 0 0
397999,6 154 0 41,1875 -82 0 0 0
397999,6 290 0 44,0625 -81 0 0 0
407022,8 104,477 0,6086242 22,0625 -61 0,4769516 -5,960464E-08 0
390998,8 293 0 1 -83 0 0 0
390998,8 56 0 1 -83 0 0 0
390998,8 56 0 1 -83 0 0 0
394999,4 162 0 38,5 -73 0 0 0
394999,3 162 0 15,25 -74 0 0 0
394999,5 285 0 14,25 -74 0 0 0
395999,7 299 0 12,6875 -89 0 0 0
387998,9 62 0 9,3125 -89 0 0 0
397999,6 290 0 46,625 -80 0 0 0
397999,5 59 0 24,1875 -80 0 0 0
397999,7 156 0 45,25 -80 0 0 0
392999,3 291 0 9,4375 -77 0 0 0
392999,2 292 0 9,5625 -77 0 0 0
392999,3 290 0 10,125 -77 0 0 0
385999 296 0 9,5 -87 0 0 0
385999,2 298 0 9,5625 -89 0 0 0
385998,9 292 0 10,6875 -89 0 0 0
394999,3 286 0 24,4375 -81 0 0 0
394999,3 161 0 16,25 -86 0 0 0
394999,7 58 0 21,625 -84 0 0 0
395999,5 295 0 15,375 -78 0 0 0
395999,7 294 0 18,3125 -78 0 0 0
395999,5 295 0 18,3125 -79 0 0 0
405015 23 0 4,75 -86 0 0 0
388999,2 290 0 7,625 -86 0 0 0
388999,1 294 0 8,125 -86 0 0 0
388999,1 293 0 6,875 -87 0 0 0
398999,8 285 0 7,4375 -81 0 0 0
398999,7 342 0 8,5625 -81 0 0 0
399000 332 0 11,375 -82 0 0 0
391999,3 287 0 14,125 -79 0 0 0
391999,3 287 0 14,125 -79 0 0 0
391999,4 287 0 16,5 -80 0 0 0
405015,2 31 0,5725957 5,6875 -86 1 0 0
386998,4 60 0 6,75 -83 0 0 0
386998,5 289 0 6,375 -84 0 0 0
386998,6 60 0 7,25 -83 0 0 0
396999,2 332 0 1 -88 0 0 0
396999,1 285 0 1 -87 0 0 0
396999,1 104 0 1 -87 0 0 0
388999,1 291 0 6,875 -87 0 0 0
388999,1 294 0 6,3125 -86 0 0 0
388999,1 290 0 6,4375 -86 0 0 0
398999,8 109 0 8,25 -81 0 0 0
398999,6 107 0 8 -81 0 0 0
398999,8 109 0 8,25 -81 0 0 0
391999,1 286 0 18,1875 -81 0 0 0
391999,3 288 0 24,25 -81 0 0 0
391999,2 286 0 18,5 -80 0 0 0
392999,9 290 0,6377489 27,4375 -87 0 0 0
394999,5 286 0 33,9375 -74 0 0 0
394999,5 285 0 34,125 -74 0 0 0
394999,5 286 0 34,5625 -74 0 0 0
405015,4 31 0,8678209 5,375 -86 0 0 0
389998,8 286 0 7,75 -84 0 0 0
389998,9 286 0 7,1875 -84 0 0 0
389998,8 287 0 6,875 -84 0 0 0
392999,2 292 0 9,5625 -77 0 0 0
392999,3 290 0 10,0625 -77 0 0 0
392999,4 292 0 10,125 -77 0 0 0
394999,5 286 0 33,9375 -74 0 0 0
394999,5 286 0 35,625 -73 0 0 0
394999,5 287 0 35,625 -73 0 0 0
397999,6 290 0 37,75 -83 0 0 0
397999,6 290 0 40,6875 -82 0 0 0
397999,6 290 0 43,3125 -81 0 0 0
392999,4 288 0,5095846 14,9375 -79 0 0 0
392999,2 291 0 12,5 -78 0 0 0
392999,3 292 0 12,0625 -78 0 0 0
393998,7 293 0 37,625 -85 0 0 0
386998,7 289 0 7,5625 -83 0 0 0
386998,5 60 0 7 -83 0 0 0
396999,3 283 0 1 -89 0 0 0
396999,1 282 0 1 -87 0 0 0
405015,3 31 0,7569232 6,3125 -86 0 0 0
407076 193 0 17,8125 -84 0 0 0
389999,1 285 0 12,1875 -88 0 0 0
390998,9 56 0 1 -86 0 0 0
390998,9 290 0 11 -86 0 0 0
390999 46 0 12,0625 -87 0 0 0
405015,3 127 0 4,875 -88 0 0 0
391998,8 285 0 13,75 -88 0 0 0
391999,3 287 0 30,5 -86 0 0 0
392999,4 292 0 14,6875 -79 0 0 0
392999,5 292 0 17,1875 -80 0 0 0
392999,2 288 0 16,375 -81 0 0 0
394999,5 286 0 34,3125 -74 0 0 0
394999,6 286 0 64,875 -74 0 0 0
394999,4 287 0 24,9375 -73 0 0 0
386998,6 291 0 9,4375 -85 0 0 0
386999 290 0 8,75 -84 0 0 0
386998,7 60 0 8,875 -84 0 0 0
396999 162 0 1 -87 0 0 0
396999,2 284 0 1 -87 0 0 0
396999,1 338 0 1 -88 0 0 0
390998,8 295 0 1 -84 0 0 0
390998,8 55 0 1 -84 0 0 0
390998,8 292 0 1 -84 0 0 0
393999 58 0 11,375 -74 0 0 0
393998,9 59 0 11,1875 -74 0 0 0
393998,9 292 0 1 -77 0 0 0
394998,9 290 0 16,8125 -89 0 0 0
387998,9 158 0 6,375 -89 0 0 0
387999 288 0 6,625 -89 0 0 0
397999,6 290 0 23,5 -80 0 0 0
397999,6 290 0 23,25 -80 0 0 0
397999,6 55 0 23,3125 -80 0 0 0
392999,2 292 0 9,75 -77 0 0 0
392999,3 292 0 9,3125 -77 0 0 0
392999,3 291 0 10,125 -77 0 0 0
407024,9 210 0 1 -86 0 0 0
386998,7 61 0 7,5625 -83 0 0 0
386998,5 59 0 7,875 -83 0 0 0
386998,6 60 0 8,125 -83 0 0 0
396999,1 288 0 1 -87 0 0 0
396999,1 162 0 1 -87 0 0 0
396999 162 0 1 -87 0 0 0
389998,9 286 0 7,1875 -84 0 0 0
389998,9 286 0 7,1875 -84 0 0 0
389999,1 287 0 7,625 -84 0 0 0
393998,9 100 0 1 -77 0 0 0
393999 101 0 1 -77 0 0 0
393998,9 291 0 1 -77 0 0 0
388999,2 294 0 9,5625 -89 0 0 0
388999,2 103 0 8,875 -87 0 0 0
388999,1 290 0 9,25 -87 0 0 0
398999,9 108 0 15,125 -84 0 0 0
398999,8 331 0 12,4375 -83 0 0 0
398999,8 334 0 11,875 -82 0 0 0
392999,2 292 0 10,875 -77 0 0 0
392999,2 291 0 11,8125 -77 0 0 0
392999,2 60 0 12,125 -78 0 0 0
389998,9 285 0 7,1875 -84 0 0 0
389999,3 286 0,5142065 7,1875 -84 0 0 0
389998,6 288 0 8,5 -84 0 0 0
391999,2 287 0 14,5 -79 0 0 0
391999,3 287 0 17,9375 -79 0 0 0
391999,3 287 0 17,0625 -80 0 0 0
385998,8 292 0 7,625 -89 0 0 0
385999 295 0 10,1875 -89 0 0 0
386998,4 296 0 9,75 -88 0 0 0
395999,6 296 0 18,75 -82 0 0 0
395999,6 298 0,5038727 21,125 -80 0 0 0
395999,5 295 0 17,5625 -79 0 0 0
396999,5 287 0 11,4375 -89 0 0 0
396999,1 341 0 19,0625 -89 0 0 0
388999,2 292 0 9,0625 -87 0 0 0
388999,1 137 0 13,75 -87 0 0 0
388998,8 101 0 10,6875 -87 0 0 0
399000 333 0 16,9375 -82 0 0 0
398999,9 331 0 15,75 -83 0 0 0
399000 342 0 11,375 -82 0 0 0
407023,3 105,7358 0,5895134 21,3125 -61 0,7358398 0 0
390998,8 55 0 1 -83 0 0 0
390998,8 296 0 1 -84 0 0 0
390998,8 55 0 1 -83 0 0 0
393998,9 58 0 10,5 -73 0 0 0
393998,9 59 0 10,375 -73 0 0 0
393998,9 58 0 11,75 -73 0 0 0
397999,8 36 0 14,0625 -86 0 0 0
397999,8 57 0 14,125 -85 0 0 0
397999,5 157 0 34,875 -84 0 0 0
399000 162 0 27,4375 -87 0 0 0
398999,7 338 0 14,25 -86 0 0 0
393999 59 0 11,1875 -74 0 0 0
393999 59 0 11 -74 0 0 0
393998,9 290 0 1 -76 0 0 0
405014,9 29 0,7647296 6,625 -87 0 0 0
386998,9 58 0 7,0625 -83 0 0 0
386998,4 58 0 7,5625 -83 0 0 0
386998,6 60 0 8,125 -83 0 0 0
396999,1 163 0 1 -87 0 0 0
396999 341 0 1 -87 0 0 0
396999,2 333 0 1 -88 0 0 0
389998,9 287 0 8,1875 -84 0 0 0
389998,7 287 0 8,875 -84 0 0 0
389998,8 288 0 10,0625 -85 0 0 0
391999,4 287 0 16,625 -80 0 0 0
391999,3 288 0 17,0625 -80 0 0 0
391999,4 285 0 24,1875 -80 0 0 0
386998,6 291 0 7,4375 -84 0 0 0
386998,7 60 0 6,5 -83 0 0 0
386998,5 292 0 7,625 -85 0 0 0
396998,9 285 0 1 -86 0 0 0
396999 341 0 1 -86 0 0 0
396999 337 0 1 -87 0 0 0
405015,2 30 0,7355688 5,0625 -86 0 0 0
389998,8 288 0 9,625 -87 0 0 0
398999,3 329 0 11,8125 -85 0 0 0
398999,3 334 0 15,25 -89 0 0 0
398999,3 105 0 18,3125 -88 0 0 0
392999,2 289 0 17,3125 -83 0 0 0
392999,2 291 0 16,375 -81 0 0 0
392999,2 289 0 14,625 -80 0 0 0
393999 290 0 20,125 -79 0 0 0
393999 100 0 22,125 -80 0 0 0
393999 59 0 21,375 -81 0 0 0
386998,6 291 0 7,25 -83 0 0 0
386998,7 288 0 7,5625 -83 0 0 0
386998,5 59 0 7,125 -84 0 0 0
396999,1 162 0 1 -87 0 0 0
396999,1 341 0 1 -87 0 0 0
396999 341 0 1 -87 0 0 0
389998,6 286 0 7,4375 -84 0 0 0
389998,8 287 0,536418 6,875 -84 0 0 0
389998,8 286 0 7,75 -84 0 0 0
393998,9 290 0 1 -77 0 0 0
393999 101 0 10,875 -74 0 0 0
393999,1 101 0 12,3125 -74 0 0 0
389999,1 288 0 15,25 -89 0 0 0
398999,3 332 0 13,125 -86 0 0 0
399000 333 0 18,6875 -85 0 0 0
398999,9 332 0 13 -86 0 0 0
392999,9 290 0 34,0625 -85 0 0 0
392999,2 57 0 22,375 -84 0 0 0
392999,2 288 0 16,875 -81 0 0 0
393999,1 58 0 18,375 -77 0 0 0
393999 58 0 21,375 -79 0 0 0
393999 58 0 22,875 -79 0 0 0
385998,9 146 0 8,5625 -86 0 0 0
385999,1 294 0 8 -86 0 0 0
385999 293 0 8,3125 -86 0 0 0
395999,6 295 0 13 -76 0 0 0
395999,6 296 0 13,1875 -76 0 0 0
395999,4 296 0 11,75 -76 0 0 0
397999,8 287 0 6,875 -87 0 0 0
397999,8 342 0 5,625 -86 0 0 0
397999,8 290 0 13,125 -85 0 0 0
398999,9 107 0 14,625 -85 0 0 0
399000,4 162 0 26,6875 -87 0 0 0
398999,7 332 0 12,4375 -87 0 0 0
393998,9 58 0 1 -77 0 0 0
393998,9 59 0 1 -77 0 0 0
393998,9 101 0 1 -77 0 0 0
386998,4 289 0 7,5625 -83 0 0 0
386998,6 57 0 7,25 -83 0 0 0
386998,7 289 0 7,5625 -83 0 0 0
396999,1 288 0 1 -87 0 0 0
396999,1 281 0 1 -87 0 0 0
396999,1 162 0 1 -87 0 0 0
407076,3 193 0 1 -85 0 0 0
391999,4 287 0 16,625 -80 0 0 0
391999,4 287 0 16,375 -80 0 0 0
391999,3 287 0 14,125 -79 0 0 0
394999,5 286 0 35,625 -73 0 0 0
394999,5 286 0 35,4375 -73 0 0 0
397999,7 158 0 42,125 -81 0 0 0
397999,6 153 0 42,75 -81 0 0 0
397999,5 159 0 23,4375 -81 0 0 0
391999,4 286 0 16,625 -80 0 0 0
391999,4 286 0 23,875 -80 0 0 0
391999,3 288 0 17,9375 -79 0 0 0
390998,8 55 0 1 -84 0 0 0
390998,9 294 0 1 -85 0 0 0
390998,8 293 0 1 -84 0 0 0
405014,9 29 0,7031674 4,9375 -86 1 0 0
393998,9 290 0 1 -77 0 0 0
393998,9 58 0 1 -77 0 0 0
393998,8 58 0 1 -76 0 0 0
386998,4 289 0 11,375 -87 0 0 0
386998,5 61 0 12,6875 -89 0 0 0
395999,6 296 0 18,75 -82 0 0 0
395999,6 294 0 19,3125 -81 0 0 0
395999,6 295 0 20,6875 -80 0 0 0
396998,7 284 0 3,25 -89 0 0 0
396999,5 329 0 11,4375 -89 0 0 0
390998,9 295 0 1 -85 0 0 0
390998,8 56 0 1 -84 0 0 0
390998,8 56 0 1 -84 0 0 0
392999,7 289 0 17,8125 -87 0 0 0
393999,1 292 0 12,5625 -74 0 0 0
393999 58 0 13,5 -75 0 0 0
393999,1 101 0 17 -76 0 0 0
385999,3 290 0 9,6875 -86 0 0 0
385999,1 293 0 8 -86 0 0 0
385999,1 293 0 7,75 -86 0 0 0
395999,3 296 0 10,375 -75 0 0 0
395999,4 298 0,5409901 11,0625 -76 0 0 0
395999,4 296 0 12,0625 -76 0 0 0
387998,8 291 0 8,75 -89 0 0 0
387998,9 57 0 6,1875 -89 0 0 0
397999,6 290 0 23,375 -80 0 0 0
397999,6 290 0 23,625 -80 0 0 0
397999,6 289 0 23,625 -80 0 0 0
389998,8 287 0 7,75 -84 0 0 0
389999,1 287 0 6,8125 -84 0 0 0
389998,9 287 0 7,1875 -84 0 0 0
405015 33 0,7220039 6,1875 -86 0 0 0
392998,9 292 0 13,25 -79 0 0 0
392999,2 292 0 12,3125 -78 0 0 0
393998,7 59 0 33,5625 -86 0 0 0
393998,2 299 0 20,375 -89 0 0 0
391999,5 286 0 23,625 -80 0 0 0
391999,4 287 0 17,6875 -79 0 0 0
391999,4 286 0 16,625 -80 0 0 0
394999,4 287 0 24,9375 -73 0 0 0
394999,5 286 0 35,4375 -73 0 0 0
394999,5 287 0 35,4375 -73 0 0 0
405000,6 254 0 15,3125 -93 0 0 0
388999,2 292 0 8,75 -87 0 0 0
388999,2 291 0 7,75 -86 0 0 0
388999,2 290 0,5381497 6,6875 -87 0 0 0
398999,8 108 0 9,625 -81 0 0 0
398999,6 332 0 8,9375 -81 0 0 0
399000 162 0 8,75 -81 0 0 0
391999,3 286 0 17,8125 -80 0 0 0
391999,3 286 0 25,25 -80 0 0 0
391999,1 285 0 17,625 -81 0 0 0
394999,5 162 0 35,8125 -73 0 0 0
394999,5 287 0 35,625 -73 0 0 0
394999,5 287 0 35,4375 -73 0 0 0
386998,7 289 0 11 -86 0 0 0
386999 60 0 9,125 -85 0 0 0
386999 59 0 9,125 -85 0 0 0
396998,8 338 0 1 -87 0 0 0
396998,9 333 0 1 -87 0 0 0
396998,9 333 0 1 -86 0 0 0
407073,8 187 0 1 -89 0 0 0
407076,4 194 0 1 -85 0 0 0
390998,8 56 0 1 -84 0 0 0
390998,8 56 0 1 -84 0 0 0
390998,8 56 0 1 -84 0 0 0
407076,1 193 0 33,3125 -84 0 0 0
407076,3 306 0 1 -86 0 0 0
393998,9 100 0 1 -77 0 0 0
393998,9 59 0 1 -77 0 0 0
393998,9 58 0 1 -77 0 0 0
387998,9 162 0,5500231 6,375 -89 0 0 0
397999,6 291 0 23,3125 -80 0 0 0
397999,6 155 0 23,625 -80 0 0 0
397999,6 156 0 23,375 -80 0 0 0
390998,8 58 0 1 -84 0 0 0
390998,9 293 0 1 -85 0 0 0
390998,9 294 0 1 -85 0 0 0
385999 293 0 10,875 -86 0 0 0
385999,2 292 0 13,375 -87 0 0 0
385998,8 291 0 13,75 -88 0 0 0
394999,7 161 0 18,5625 -87 0 0 0
395001,2 157 0 30,5 -89 0 0 0
395999,5 296 0 16,5 -76 0 0 0
395999,7 296 0 19,8125 -76 0 0 0
395999,2 296 0 19,3125 -77 0 0 0
389998,2 162 0 1 -88 0 0 0
389999,1 287 0 8,75 -84 0 0 0
389999,1 285 0 8,75 -84 0 0 0
394999,5 162 0 36,625 -73 0 0 0
394999,5 286 0 36,875 -73 0 0 0
394999,5 287 0 36,625 -73 0 0 0
397999,4 155 0 22,375 -82 0 0 0
397999,6 290 0 43,3125 -81 0 0 0
397999,7 153 0 42,3125 -81 0 0 0
389998,7 284 0 10,6875 -88 0 0 0
390998,8 55 0 1 -85 0 0 0
390998,8 55 0 11,125 -85 0 0 0
390999,2 292 0 11 -86 0 0 0
405015,7 18 0,7187187 5,625 -87 0 0 0
392999,2 292 0 12,3125 -78 0 0 0
392999,2 291 0 12,5 -78 0 0 0
392999,3 290 0 12,25 -78 0 0 0
385999,1 293 0 9 -85 0 0 0
385999,1 295 0 8 -86 0 0 0
385999 293 0 7,4375 -85 0 0 0
395999,5 295 0 10,3125 -76 0 0 0
395999,3 295 0 10,375 -75 0 0 0
395999,2 297 0 9,625 -75 0 0 0
390998,8 55 0 1 -84 0 0 0
390998,9 293 0 1 -85 0 0 0
390998,8 294 0 1 -84 0 0 0
405014,7 126 0 4,375 -89 0 0 0
407023,5 42 0 4,25 -87 0 0 0
407023,2 46 0,5058371 5,625 -88 1 0 0
392999,2 291 0 10,875 -77 0 0 0
392999,2 292 0 9,5625 -77 0 0 0
385998,8 295 0 8,8125 -86 0 0 0
385999 294 0 8,3125 -86 0 0 0
394999,6 287 0 67,625 -74 0 0 0
395999,5 295 0 15,375 -78 0 0 0
395999,4 294 0 13,875 -77 0 0 0
388999,1 290 0 7 -87 0 0 0
388999,2 294 0 9,0625 -87 0 0 0
388999,1 295 0 7,9375 -88 0 0 0
398999,5 334 0 9,875 -81 0 0 0
398999,8 333 0 13 -83 0 0 0
398999,7 334 0 10,6875 -82 0 0 0
407027,7 47 0,6292092 9 -89 0 0 0
390998,8 55 0 1 -84 0 0 0
390998,8 55 0 1 -84 0 0 0
390998,8 55 0 1 -84 0 0 0
407023,7 35 0,5352411 1 -87 1 0 0
407024,1 161 0 17,4375 -89 0 0 0
393998,9 59 0 1 -77 0 0 0
393999 59 0 11 -74 0 0 0
393999 99 0 11,375 -74 0 0 0
386998,7 290 0 7,75 -84 0 0 0
386998,7 290 0 7,75 -84 0 0 0
386998,6 289 0 8,125 -83 0 0 0
396998,9 108 0 1 -86 0 0 0
396999,1 162 0 1 -87 0 0 0
396999,1 283 0 1 -87 0 0 0
389999,1 286 0 10,6875 -87 0 0 0
389998,8 286 0 9,625 -87 0 0 0
389999,1 20 0 9,125 -85 0 0 0
390999,4 296 0 13,75 -88 0 0 0
407027,7 42 0,666691 9 -89 0 0 0
392999,2 291 0 9,5625 -77 0 0 0
392999,2 290 0,5436079 9,5 -77 0 0 0
392999,3 292 0 10,125 -77 0 0 0
407027,7 30 0,6491718 8,875 -89 0 0 0
394999,5 285 0 33,75 -74 0 0 0
394999,4 286 0 24,75 -73 0 0 0
394999,5 286 0 33,75 -74 0 0 0
407024,1 153 0 1 -89 0 0 0
407027,7 24 0,7153044 8,875 -89 0 0 0
397999,6 290 0 23,625 -80 0 0 0
397999,6 154 0 23,75 -80 0 0 0
397999,6 55 0 23,5 -80 0 0 0
392999,2 292 0 14,125 -80 0 0 0
392998,9 290 0 13,25 -79 0 0 0
392999,2 290 0 13,4375 -79 0 0 0
393998,7 100 0 25,9375 -84 0 0 0
393998,7 295 0 17,875 -85 0 0 0
407024,2 165 0,5461366 16,8125 -89 0 0 0
385999,1 293 0 13,75 -87 0 0 0
394998,7 57 0 21 -84 0 0 0
394999,1 288 0 19,375 -81 0 0 0
394999,7 287 0 17,5625 -80 0 0 0
395999,5 295 0 15,875 -78 0 0 0
395999,5 295 0 17,5625 -79 0 0 0
395999,2 299 0 17,5625 -80 0 0 0
392999,2 58 0 10,3125 -77 0 0 0
392999,2 291 0 10,3125 -77 0 0 0
392999,2 289 0 9,5625 -77 0 0 0
385999 293 0 6,625 -86 0 0 0
385998,9 294 0 6,5625 -85 0 0 0
385999 293 0 6,5 -86 0 0 0
395999,6 295 0 11 -75 0 0 0
395999,3 295 0 10,625 -75 0 0 0
395999,5 294 0 10,1875 -75 0 0 0
397999,5 347 0 35,625 -84 0 0 0
397999,6 291 0 37,75 -83 0 0 0
397999,5 290 0 23,4375 -81 0 0 0
407027,5 22 0 16,25 -89 0 0 0
392999,2 293 0 13,1875 -79 0 0 0
392999,2 289 0,5683184 13,1875 -79 0 0 0
392999,2 291 0 12,5 -78 0 0 0
393999,4 291 0 21,875 -85 0 0 0
393999,2 292 0 16,5625 -86 0 0 0
405015,2 32 0,6894743 5,0625 -86 0 0 0
386999,3 60 0 10,0625 -85 0 0 0
386998,7 288 0 11 -86 0 0 0
386999 57 0 10,6875 -87 0 0 0
395998,5 98 0 20,25 -85 0 0 0
395999,2 296,0328 0,5355923 34,5625 -85 0,03277588 0 0
395998,8 306 0 12,4375 -87 0 0 0
396998,9 162 0 1 -87 0 0 0
396999 341 0 1 -87 0 0 0
396998,9 290 0 1 -88 0 0 0
405014,9 29 0,6921728 4,3125 -87 1 0 0
390998,8 56 0 1 -84 0 0 0
390998,8 56 0 1 -84 0 0 0
390998,9 294 0 1 -84 0 0 0
393998,7 60 0 29,75 -87 0 0 0
393999,2 291 0 20,9375 -83 0 0 0
393999 291 0 22,875 -80 0 0 0
394999,5 162 0 64,4375 -75 0 0 0
394999,3 286 0 15,625 -75 0 0 0
394999,7 162 0 17,875 -78 0 0 0
386998,7 290 0 11 -86 0 0 0
386998,5 288 0 8,5 -84 0 0 0
386998,5 290 0 8,5 -84 0 0 0
396999 334 0 1 -87 0 0 0
396998,8 106 0 1 -86 0 0 0
396999 284 0 1 -87 0 0 0
389998,9 290 0 7,0625 -83 0 0 0
389999,1 287 0 8,375 -83 0 0 0
389998,6 285 0 6,375 -84 0 0 0
393998,9 57 0 1 -77 0 0 0
393998,9 58 0 1 -77 0 0 0
393998,9 59 0 1 -77 0 0 0
386998,7 56 0 11 -86 0 0 0
386998,3 58 0 13,75 -88 0 0 0
386999 55 0 15,25 -89 0 0 0
395999,2 292 0 22,375 -84 0 0 0
395999,2 297 0 23,25 -83 0 0 0
395999,8 295 0 20,375 -80 0 0 0
396999,6 162 0 11 -86 0 0 0
396999,5 162 0 13,75 -88 0 0 0
396999,5 341 0 13,75 -88 0 0 0
390998,8 295 0 1 -84 0 0 0
390998,8 56 0 1 -84 0 0 0
390998,8 57 0 1 -84 0 0 0
392998,4 289 0 20,25 -85 0 0 0
392999,2 289 0 23,25 -83 0 0 0
392999,2 292 0 16 -81 0 0 0
393999 294 0 19,375 -78 0 0 0
393999,3 58 0 20,75 -78 0 0 0
393999 99 0 21,6875 -80 0 0 0
387998,6 162 0 16,1875 -89 0 0 0
397999,6 341 0 23,75 -80 0 0 0
397999,6 290 0 23,375 -80 0 0 0
397999,6 291 0 23,625 -80 0 0 0
390998,6 290 0 4,25 -85 0 0 0
390998,8 43 0 1 -86 0 0 0
390998,6 55 0 13,25 -86 0 0 0
393998,8 59 0 14 -74 0 0 0
393998,8 59 0 12,75 -74 0 0 0
393998,9 58 0 11,125 -73 0 0 0
388999,2 292 0,6464133 10,375 -86 0 0 0
388999,2 292 0,5248854 10,375 -86 0 0 0
388998,9 292 0 8,8125 -86 0 0 0
398999,8 340 0,7652767 12,0625 -81 0 0 0
398999,7 107 0 10,8125 -81 0 0 0
399000 332 0 12,3125 -81 0 0 0
391999,4 287 0 26,4375 -79 0 0 0
391999,4 286 0 26,6875 -79 0 0 0
391999,4 286 0 26,6875 -79 0 0 0
394999,5 287 0 35,8125 -73 0 0 0
394999,5 286 0 36,0625 -73 0 0 0
394999,5 286 0 35,625 -73 0 0 0
387998,9 162 0 6,25 -89 0 0 0
397999,5 291 0 23,125 -81 0 0 0
397999,7 55 0 42,3125 -81 0 0 0
397999,6 157 0 23,875 -80 0 0 0
390998,9 57 0 1 -85 0 0 0
390998,8 55 0 1 -84 0 0 0
390998,8 55 0 1 -84 0 0 0
405015,4 127 0 4,5625 -87 0 0 0
393998,9 291 0 1 -77 0 0 0
393999,1 59 0 10,875 -73 0 0 0
393998,8 58 0 1 -76 0 0 0
405015,2 30 0,7788301 5,6875 -86 0 0 0
405015 18 0,6173524 5,5 -86 0 0 0
397999,4 290 0 36,625 -84 0 0 0
397999,5 290 0 13,75 -83 0 0 0
397999,6 153 0 40,6875 -82 0 0 0
398999,3 104 0 14,25 -87 0 0 0
385999 294 0 8,125 -86 0 0 0
385998,8 295 0 7,125 -86 0 0 0
385998,9 294 0 6,75 -86 0 0 0
395999,4 296 0,5058059 11,75 -76 0 0 0
395999,5 295 0 11,25 -75 0 0 0
395999,5 295 0 10,0625 -75 0 0 0
389998,8 287 0 7,75 -84 0 0 0
389998,9 286 0,5129555 8,1875 -84 0 0 0
389998,9 286 0 8,1875 -84 0 0 0
405015,5 31 0,7355656 6,0625 -87 0 0 0
405015,3 18 0,5716313 4,875 -88 0 0 0
393999 290 0 11,1875 -74 0 0 0
393999,1 58 0 12,0625 -74 0 0 0
393999 101 0 13,5 -75 0 0 0
405015,3 30 0,5077121 5,5 -87 0 0 0
387998,8 34 0 8,875 -89 0 0 0
397999,5 290 0 24,1875 -80 0 0 0
397999,7 55 0 45,25 -80 0 0 0
397999,6 57 0 23,75 -80 0 0 0
390998,8 57 0 1 -84 0 0 0
390998,8 56 0 1 -84 0 0 0
390998,9 56 0 1 -85 0 0 0
393000,7 294 0,512999 29,5 -91 0 0 0
393999 100 0 10,875 -74 0 0 0
393999,1 59 0 12,3125 -74 0 0 0
393999 101 0 13,1875 -75 0 0 0
387998,6 158 0 16,25 -89 0 0 0
397999,6 289 0 43,625 -81 0 0 0
397999,6 156 0 42,75 -81 0 0 0
397999,6 155 0 46 -80 0 0 0
390998,8 58 0 1 -84 0 0 0
390998,8 55 0 1 -84 0 0 0
390998,8 55 0 1 -84 0 0 0
394999,6 287 0 64,25 -74 0 0 0
394999,5 287 0 35,625 -73 0 0 0
394999,4 162 0 25,125 -73 0 0 0
397999,4 288 0 32,6875 -85 0 0 0
397999,8 290 0 6,875 -87 0 0 0
397999,4 154 0 14,625 -85 0 0 0
399000,2 342 0 20 -84 0 0 0
398999,3 342 0 12,125 -85 0 0 0
398999,3 342 0 15,25 -89 0 0 0
390998,8 55 0 1 -84 0 0 0
390998,8 291 0 1 -84 0 0 0
390998,8 55 0 1 -83 0 0 0
393998,7 291 0 15,25 -88 0 0 0
393998,7 59 0 22,125 -85 0 0 0
393999,2 293 0,5181848 21,5625 -83 0 0 0
394999,4 286 0 36,9375 -74 0 0 0
394999,5 287 0 14,8125 -75 0 0 0
394999,5 287 0 16,25 -76 0 0 0
387998,8 283 0,5046152 8,75 -89 0 0 0
397999,5 291 0 24,1875 -80 0 0 0
397999,6 290 0 42,5 -81 0 0 0
397999,6 55 0 42,75 -81 0 0 0
391999,4 287 0 17,6875 -79 0 0 0
391999,3 286 0 18,125 -79 0 0 0
391999,4 286 0 23,875 -80 0 0 0
405015,5 31 0,6061924 5,9375 -86 0 0 0
385999 293 0 8,125 -86 0 0 0
385999 295 0 8,125 -86 0 0 0
385999 294 0 6,5 -86 0 0 0
395999,5 294 0 10,4375 -76 0 0 0
395999,3 296 0 10,3125 -75 0 0 0
395999,5 296 0 10,125 -75 0 0 0
392999,2 292 0 12,125 -78 0 0 0
392999,2 289 0,5603843 11,875 -78 0 0 0
392999,2 291 0 11,125 -77 0 0 0
386998,8 61 0 10,0625 -85 0 0 0
386999 291 0,5493247 10,6875 -87 0 0 0
386998,3 60 0 13,75 -88 0 0 0
395998,5 296,9555 0,5843652 18,3125 -87 0,9554749 0 0
395998,5 306 0 19,5625 -86 0 0 0
395999,7 296 0 23,9375 -83 0 0 0
396999,2 282 0 9,5625 -85 0 0 0
396999,1 290 0 1 -88 0 0 0
396999,1 285 0 1 -88 0 0 0
390998,9 292 0 1 -85 0 0 0
390998,9 56 0 1 -84 0 0 0
390998,8 55 0 1 -84 0 0 0
393998,9 58 0 1 -77 0 0 0
393998,8 290 0 1 -77 0 0 0
393998,9 59 0 10,375 -74 0 0 0
385998,9 294 0 8,75 -88 0 0 0
385998,9 297 0 7,5 -87 0 0 0
385999,1 294 0 9,25 -87 0 0 0
395999,5 296 0 15,375 -78 0 0 0
395999,4 297 0 14,25 -77 0 0 0
395999,4 294 0 12,3125 -77 0 0 0
397999,4 55 0 36,125 -84 0 0 0
397999,4 155 0 32,9375 -85 0 0 0
397999,5 55 0 38,375 -83 0 0 0
398999,6 332 0 11 -86 0 0 0
392999,2 289 0 18,3125 -83 0 0 0
392999,2 289 0,5360726 16,875 -81 0 0 0
392999,5 288 0 16,5 -80 0 0 0
393999 101 0 19,3125 -79 0 0 0
393999 101 0 21,6875 -80 0 0 0
393998,3 100 0 21,5625 -82 0 0 0
405015,4 26 0,7492755 5,75 -89 0 0 0
397999,5 158 0 23,125 -81 0 0 0
397999,6 289 0 40,6875 -82 0 0 0
397999,8 56 0 5,875 -84 0 0 0
394999,4 287 0 24,75 -73 0 0 0
394999,5 162 0 35,4375 -73 0 0 0
394999,5 286 0 35,625 -73 0 0 0
405000,7 209 0,6326916 15,25 -93 0 0 0
386997,9 295 0 1 -89 0 0 0
386998,7 289 0 11 -86 0 0 0
386998,6 58 0 9,4375 -85 0 0 0
396998,9 162 0 1 -87 0 0 0
396999 341 0 1 -88 0 0 0
396999 162 0 1 -86 0 0 0
397999 157 0 16 -87 0 0 0
389999,6 289 0,5553554 12,6875 -89 0 0 0
390998,7 56 0 1 -85 0 0 0
390998,8 292 0 10,3125 -85 0 0 0
390998,6 294 0 11,4375 -86 0 0 0
407022,6 105,4974 0,5867538 18,8125 -61 0,4973831 0 0
385999 293 0 11,1875 -86 0 0 0
385999 292 0 8,3125 -86 0 0 0
385999 293 0 8,3125 -86 0 0 0
395999,6 294 0 14,6875 -75 0 0 0
395999,6 296 0 14,5 -75 0 0 0
395999,6 294 0 12,8125 -75 0 0 0
389998,9 286 0 8,1875 -84 0 0 0
389999,1 286 0 8,75 -84 0 0 0
389999,3 286 0 8,1875 -84 0 0 0
405014,7 21 0,7116628 7 -86 0 0 0
405015,1 18 0 5,9375 -86 0 0 0
386998,7 294 0 6,875 -84 0 0 0
386998,8 60 0 6,8125 -83 0 0 0
386998,6 290 0 7,25 -83 0 0 0
396999 162 0 1 -86 0 0 0
396999 286 0 1 -87 0 0 0
396999,1 332 0 1 -87 0 0 0
389998,8 285 0 10,0625 -85 0 0 0
389999,4 285 0 11 -86 0 0 0
389999,5 287 0 10,6875 -88 0 0 0
405014,9 28 0,6252166 5,0625 -85 0 0 0
392999,2 63 0 9,75 -77 0 0 0
392999,2 291 0 10,3125 -77 0 0 0
392999,3 291 0 11,5625 -77 0 0 0
405015,3 27 0,7532395 5,5625 -85 0 0 0
394999,5 286 0 33,9375 -74 0 0 0
394999,5 286 0 33,4375 -74 0 0 0
394999,5 286 0 33,75 -74 0 0 0
389999,1 288 0 14,25 -87 0 0 0
390998,6 55 0 12 -86 0 0 0
390998,6 295 0 12,8125 -86 0 0 0
390999,1 55 0 13 -88 0 0 0
392999,4 292 0 13,375 -77 0 0 0
392999,2 57 0 12 -77 0 0 0
392999 289 0,5457566 11,3125 -77 0 0 0
386998 57 0 1 -88 0 0 0
386998,3 291 0 1 -89 0 0 0
386998,6 292 0 9 -83 0 0 0
396999 113 0 1 -86 0 0 0
396999 282 0 1 -86 0 0 0
396999 162 0 1 -86 0 0 0
389999,1 284 0,6465625 11,4375 -85 0 0 0
389999,8 288 0 16 -87 0 0 0
389999,1 289 0 14,25 -87 0 0 0
390999,1 55 0 20,375 -89 0 0 0
393998,7 57 0 25,1875 -85 0 0 0
394000,2 287 0 21,375 -88 0 0 0
394999,4 286 0 38,125 -73 0 0 0
394999,4 286 0 15,5625 -73 0 0 0
394999,7 162 0 15,875 -75 0 0 0
386998 289 0 11,3125 -88 0 0 0
386998,5 291 0 14,5625 -85 0 0 0
386999,4 64 0 14,25 -86 0 0 0
396998,7 341 0 12,6875 -87 0 0 0
396998,7 341 0 10,625 -86 0 0 0
396999 162 0 9,875 -85 0 0 0
397999,4 153 0 14,75 -85 0 0 0
397999,8 151 0 15,75 -89 0 0 0
389998,9 285 0 9 -83 0 0 0
389998,2 283 0,5413025 1 -89 0 0 0
389999,3 285 0 9 -83 0 0 0
391999,4 286 0 26,4375 -79 0 0 0
391999,4 287 0 26,4375 -79 0 0 0
391999,4 286 0 26,4375 -79 0 0 0
393998,9 58 0 11 -73 0 0 0
393998,9 58 0 11,125 -73 0 0 0
393998,9 58 0 11 -73 0 0 0
386998 292 0 1 -88 0 0 0
386998,8 289 0 9,9375 -83 0 0 0
386997,8 56 0 1 -87 0 0 0
396999 19 0 1 -86 0 0 0
396998,9 286 0 1 -86 0 0 0
396999 162 0 1 -86 0 0 0
391999,3 287 0 27,0625 -79 0 0 0
391999,4 286 0 47,3125 -80 0 0 0
391999,3 288 0 27,0625 -79 0 0 0
393998,7 292 0 20,125 -85 0 0 0
393998,7 58 0 23,125 -81 0 0 0
393999,2 101 0 19,3125 -80 0 0 0
394999,4 286 0 16,1875 -75 0 0 0
394999,4 287 0 17,375 -75 0 0 0
394999,3 287 0 19,1875 -77 0 0 0
390998,6 290 0 12 -86 0 0 0
390998,6 55 0 13,8125 -85 0 0 0
390999,1 55 0 12,5625 -83 0 0 0
391999,1 287 0 15,875 -85 0 0 0
391999,6 284 0 14,0625 -86 0 0 0
397999,5 55 0 45 -81 0 0 0
397999,5 157 0 44,75 -81 0 0 0
397999,5 290 0 13,375 -83 0 0 0
398999,8 341 0 12,6875 -89 0 0 0
390998,8 55 0 1 -84 0 0 0
390998,8 56 0 1 -83 0 0 0
390998,7 56 0 1 -83 0 0 0
393998,9 59 0 11,4375 -73 0 0 0
393998,9 58 0 12,75 -73 0 0 0
393999 291 0 14,4375 -74 0 0 0
386998 290 0 1 -88 0 0 0
386998,4 58 0 1 -89 0 0 0
386998 292 0 1 -88 0 0 0
396999 335 0 1 -85 0 0 0
396998,9 341 0 1 -85 0 0 0
396998,9 330 0 1 -85 0 0 0
388999,2 294 0 14,9375 -86 0 0 0
388999,2 294 0 10,1875 -86 0 0 0
388999,1 290 0 10,5625 -86 0 0 0
398999,8 333 0 13 -80 0 0 0
398999,8 106 0 11,25 -80 0 0 0
398999,5 162 0 10,375 -80 0 0 0
392999,2 289 0 12 -77 0 0 0
392999,2 292 0 12,0625 -77 0 0 0
392999,4 291 0 13,5 -77 0 0 0
394999,6 287 0 68,6875 -73 0 0 0
394999,6 286 0 68,875 -73 0 0 0
394999,6 286 0 68,5 -73 0 0 0
388999,3 290 0,5287991 14,25 -86 0 0 0
388999,2 290 0,5245682 10,375 -86 0 0 0
388999,2 293 0 10,1875 -86 0 0 0
398999,7 333 0 11,25 -80 0 0 0
398999,6 108 0 10,25 -80 0 0 0
398999,6 334 0 10,125 -80 0 0 0
391999,6 287 0 18,3125 -88 0 0 0
391999,3 287 0 32,9375 -85 0 0 0
392998,8 291 0 15,9375 -79 0 0 0
392999,2 292 0 18,0625 -80 0 0 0
392999,5 292 0 20,1875 -81 0 0 0
407025,4 74 0,6180482 20,8125 -50 0 0 0
385999,1 293 0 6,4375 -86 0 0 0
385999,1 295 0 7,125 -85 0 0 0
385999,1 59 0 6,4375 -86 0 0 0
395999,5 295 0 10,125 -75 0 0 0
395999,6 296 0 10 -75 0 0 0
395999,5 296 0 10,0625 -75 0 0 0
389999,1 288 0 9,125 -85 0 0 0
389998,8 285 0 10,0625 -85 0 0 0
389998,8 288 0 9,625 -87 0 0 0
391999,3 285 0 16,75 -80 0 0 0
391999,3 286 0 18,125 -79 0 0 0
391999,3 285 0 16,75 -80 0 0 0
393999 100 0 14,5 -86 0 0 0
393998,7 291 0 22,5625 -82 0 0 0
393999,3 58 0 19,3125 -79 0 0 0
394999,5 162 0 64,0625 -75 0 0 0
394999,3 289 0 15,625 -75 0 0 0
394999,4 287 0 17,875 -77 0 0 0
405015,2 25 0,6189364 5,9375 -87 0 0 0
397999,6 154 0 23,875 -80 0 0 0
397999,6 289 0 24,0625 -80 0 0 0
397999,6 155 0 22,3125 -81 0 0 0
405015,2 29 0 5,9375 -87 0 0 0
390998,6 55 0 3,6875 -89 0 0 0
390999,1 43 0 12,1875 -88 0 0 0
391999,2 285 0 23,5625 -82 0 0 0
391999,3 284 0,5236973 35,75 -84 0 0 0
391999,3 288 0 22,875 -82 0 0 0
393999,1 100 0 12,3125 -74 0 0 0
393999 58 0 10,625 -74 0 0 0
393999 58 0 10,625 -74 0 0 0
394999,7 289 0 16 -88 0 0 0
386998,5 288 0 8,5 -84 0 0 0
386998,8 61 0 8,1875 -84 0 0 0
386998,7 62 0 7,75 -84 0 0 0
396999 162 0 1 -86 0 0 0
396999 334 0 1 -87 0 0 0
396999 287 0 1 -86 0 0 0
389998,9 287 0 7,375 -85 0 0 0
389998,8 285 0 7,75 -84 0 0 0
389998,9 286 0 8,1875 -84 0 0 0
407024,3 103,2141 0,6797662 16,9375 -68 0,2141266 3,973643E-08 0
392999,2 292 0 11,25 -77 0 0 0
392999,2 292 0 12,0625 -77 0 0 0
392999,2 292 0 12,0625 -77 0 0 0
386998,7 291 0 10,875 -86 0 0 0
386998,4 57 0 10,375 -85 0 0 0
386998,3 290 0 9,9375 -84 0 0 0
396998,7 331 0 11,0625 -87 0 0 0
396999 341 0 10,625 -84 0 0 0
396999 162 0 1 -86 0 0 0
397999 342 0 16 -87 0 0 0
393998,9 59 0 11,75 -73 0 0 0
393998,9 58 0 10,625 -73 0 0 0
393998,8 59 0 1 -76 0 0 0
407025 104 0,585398 14,8125 -61 0 0 0
386998,5 59 0 9,3125 -85 0 0 0
386998 288 0 1 -89 0 0 0
386998,7 291 0 8,875 -84 0 0 0
396999,5 339 0 1 -89 0 0 0
396999 286 0 1 -87 0 0 0
396998,9 289 0 1 -86 0 0 0
397999,4 285 0 22,875 -88 0 0 0
389998,9 284 0 8,1875 -84 0 0 0
389999,1 286 0 9,125 -85 0 0 0
389998,9 285 0 7,375 -85 0 0 0
391998,6 286 0 12,6875 -89 0 0 0
391999,3 286 0 26,6875 -87 0 0 0
392998,9 59 0 13,25 -79 0 0 0
392999,5 289 0 16,25 -80 0 0 0
392999,2 292 0 15 -80 0 0 0
405015,2 18 0 5,0625 -86 0 0 0
389998,9 286 0 6,4375 -84 0 0 0
389998,7 286 0 6,5625 -84 0 0 0
389999,1 285 0 7,625 -84 0 0 0
392999,2 291 0,5140627 13,4375 -79 0 0 0
392999,2 291 0,5701212 12,3125 -78 0 0 0
392999,2 291 0 12,5 -78 0 0 0
393999,4 290 0 22,375 -85 0 0 0
394999,4 162 0 19,5 -78 0 0 0
394999,5 162 0 16,5625 -77 0 0 0
394999,3 162 0 14,625 -75 0 0 0
395999,2 295 0 18,3125 -82 0 0 0
395999,2 296 0 22,375 -84 0 0 0
395999,7 295 0 17,8125 -87 0 0 0
387998,8 19 0 8,625 -89 0 0 0
397999,7 290 0 45,25 -80 0 0 0
397999,6 291 0 23,75 -80 0 0 0
397999,7 291 0 44,875 -80 0 0 0
405015,2 18 0,6097057 5,9375 -87 0 0 0
394000,2 292 0 30,5 -89 0 0 0
394999,4 60 0 37,125 -74 0 0 0
394999,4 286 0 36,3125 -74 0 0 0
394999,6 286 0 65,125 -74 0 0 0
405015,5 18 0,5791376 6,625 -88 0 0 0
386998,7 289 0 6,875 -84 0 0 0
386998,8 58 0 6,1875 -84 0 0 0
386998,4 289 0 6,75 -83 0 0 0
396999,1 159 0 1 -87 0 0 0
396999 283 0 1 -86 0 0 0
396999 162 0 1 -87 0 0 0
389998,7 287 0 8 -85 0 0 0
389998,9 286 0 7,1875 -84 0 0 0
389998,8 162 0 7,75 -84 0 0 0
393998,9 58 0 1 -77 0 0 0
393998,9 59 0 1 -77 0 0 0
393998,9 59 0 1 -77 0 0 0
386998,7 293 0 7,5625 -83 0 0 0
386998,6 292 0 7,25 -83 0 0 0
386998,5 60 0 8,5 -84 0 0 0
396999,1 341 0 1 -87 0 0 0
396999,1 288 0 1 -88 0 0 0
396999,1 341 0 1 -87 0 0 0
407075,3 191 0 7,5625 -83 0 0 0
389998,6 286 0 7,4375 -84 0 0 0
389998,9 287 0 7,1875 -84 0 0 0
389998,8 288 0 6,875 -84 0 0 0
393998,9 59 0 1 -77 0 0 0
393998,9 59 0 1 -77 0 0 0
393998,9 58 0 1 -77 0 0 0
407076,3 192 0 1 -86 0 0 0
407076,2 191 0 25,9375 -86 0 0 0
386998,7 58 0 7,75 -84 0 0 0
386998,5 57 0 8,5 -84 0 0 0
386998,8 60 0 8,1875 -84 0 0 0
396998,9 284 0 1 -86 0 0 0
396999,1 331 0 1 -87 0 0 0
396998,9 162 0 1 -87 0 0 0
389998,8 288 0 7,5625 -83 0 0 0
389998,9 287 0 7,1875 -84 0 0 0
389998,7 287 0 8 -85 0 0 0
392999,2 292 0 12,125 -78 0 0 0
392999,2 291 0 12,3125 -78 0 0 0
392998,9 292 0 13,25 -79 0 0 0
385998,9 295 0 6,75 -86 0 0 0
385999 293 0 6,5 -86 0 0 0
385999 295 0 7,4375 -85 0 0 0
395999,3 293 0,515505 10,1875 -75 0 0 0
395999,3 296 0 10,1875 -75 0 0 0
395999,3 295 0 10,125 -75 0 0 0
389998,7 284 0 6,5625 -84 0 0 0
389998,9 287 0 7,0625 -83 0 0 0
389998,8 287 0 7 -85 0 0 0
392999,2 292 0 16,375 -81 0 0 0
392999,2 291 0 15 -80 0 0 0
392999,2 291 0 13,4375 -79 0 0 0
393999 295 0 20,125 -79 0 0 0
393999 100 0 19,8125 -82 0 0 0
393998,7 104 0 36,625 -85 0 0 0
403227,1 198 0 12,8125 -82 0 0 0
385999,2 294 0 7,625 -86 0 0 0
385998,9 292 0 6,75 -86 0 0 0
385999,1 295 0 7,125 -85 0 0 0
395999,3 295 0 10,3125 -75 0 0 0
395999,3 295 0 10,1875 -75 0 0 0
395999,5 294 0 11,125 -75 0 0 0
403226,2 200 0 21,1875 -83 0 0 0
405015,4 24 0,7233846 5,3125 -87 0 0 0
388999,2 293 0 8,875 -87 0 0 0
388998,9 295 0 7,125 -86 0 0 0
388998,9 292 0 7,6875 -87 0 0 0
398999,5 332 0 10,875 -81 0 0 0
398999,8 335 0 12,6875 -83 0 0 0
398999,9 334 0 10,5625 -81 0 0 0
403226,4 200 0 7,75 -82 0 0 0
392999,2 61 0 31,75 -86 0 0 0
392999,9 292 0 34,0625 -85 0 0 0
392998,8 292 0 15,625 -82 0 0 0
393999,1 58 0 17,4375 -76 0 0 0
393999 101 0 19,375 -78 0 0 0
393999,2 59 0 18,3125 -78 0 0 0
403224,7 198 0 10,0625 -83 0 0 0
403225,9 201 0 8 -81 0 0 0
385999 292 0 12,1875 -88 0 0 0
385998,9 295 0 10,1875 -87 0 0 0
385998,9 292 0 8,5625 -86 0 0 0
395999,5 295 0 15,375 -78 0 0 0
395999,4 295 0 13,75 -77 0 0 0
395999,6 295 0 14,75 -77 0 0 0
403226,5 199 0 8,25 -82 0 0 0
388999,1 294 0 10,1875 -89 0 0 0
388999,2 102 0 11,4375 -88 0 0 0
399000,2 284 0 19,25 -85 0 0 0
399000 162 0 13,75 -85 0 0 0
399000 341 0 15,25 -84 0 0 0
403225,2 198 0 1 -87 0 0 0
392999,2 291 0 11,8125 -77 0 0 0
392999,2 60 0 12,125 -78 0 0 0
392999,4 291 0 14,6875 -79 0 0 0
403224,8 198 0 1 -84 0 0 0
403225,7 198 0 7,625 -82 0 0 0
405015,2 28 0,6225595 5 -87 0 0 0
405015,5 18 0,5185698 6,1875 -87 0 0 0
394999,4 287 0 36,3125 -74 0 0 0
394999,3 287 0 16,0625 -75 0 0 0
394999,5 286 0 14,375 -74 0 0 0
395999,7 296 0,5192841 19,375 -85 0 0 0
403224,7 91 0 4,875 -82 0 0 0
403226,1 91 0 8,375 -81 0 0 0
404999,4 195 0,6765637 14,375 -93 0 0 0
405015,1 18 0,5656155 5,9375 -86 0 0 0
392997,6 59 0 24 -88 0 0 0
392999,2 288 0,5547231 34 -85 0 0 0
392999,2 289 0 21,8125 -84 0 0 0
393999 290 0 13,8125 -75 0 0 0
393998,9 292 0 18,375 -77 0 0 0
393999 60 0 19,5625 -79 0 0 0
385998,6 292 0 9,75 -88 0 0 0
385998,8 294 0 8 -87 0 0 0
385999 294 0 9,5 -87 0 0 0
395999,2 295 0 15,625 -79 0 0 0
395999,2 296 0 15,1875 -78 0 0 0
395999,4 295 0 14,25 -77 0 0 0
389999,1 285 0 15,25 -89 0 0 0
398998,9 107 0,5045372 12,4375 -87 0 0 0
398999,7 287 0 12,4375 -87 0 0 0
399000,2 332 0 19,25 -85 0 0 0
391999,4 288 0 16,5 -80 0 0 0
391999,2 286 0 14,6875 -79 0 0 0
391999,4 286 0 23,875 -80 0 0 0
385999 293 0 8,125 -86 0 0 0
385999 294 0 8,125 -86 0 0 0
385999 294 0 8,3125 -86 0 0 0
395999,4 295 0 13 -75 0 0 0
395999,6 295 0 13,25 -75 0 0 0
395999,4 296 0 11,8125 -75 0 0 0
407076,1 306 0 30,1875 -85 0 0 0
388999,2 101 0 10,375 -86 0 0 0
388999,3 294 0 14,625 -86 0 0 0
388999,2 291 0,519855 7,75 -86 0 0 0
398999,7 332 0 10,9375 -81 0 0 0
398999,7 334 0 10,75 -81 0 0 0
398999,8 334 0 11,9375 -81 0 0 0
407075,6 306 0 14,5625 -84 0 0 0
407076,8 191 0 1 -87 0 0 0
391999,4 287 0 26,4375 -79 0 0 0
391999,4 286 0 26,6875 -79 0 0 0
391999,5 286 0 46,625 -80 0 0 0
407074,3 193 0 8,875 -84 0 0 0
394999,5 286 0 36,0625 -73 0 0 0
394999,5 286 0 35,8125 -73 0 0 0
394999,5 287 0 35,625 -73 0 0 0
388999,1 291 0 6,4375 -86 0 0 0
388999,1 293 0,5306823 6,4375 -86 0 0 0
388999,3 290 0 8,5625 -87 0 0 0
398999,7 107 0 8,5625 -81 0 0 0
398999,8 342 0 8,25 -81 0 0 0
398999,6 342 0 8,9375 -81 0 0 0
391999,3 287 0 16,75 -80 0 0 0
391999,3 287 0 14,125 -79 0 0 0
391999,3 286 0 13,875 -79 0 0 0
394999,3 287 0 35,4375 -75 0 0 0
394999,4 287 0 37,625 -74 0 0 0
394999,4 287 0 36,25 -74 0 0 0
395999,7 295 0 17,8125 -87 0 0 0
387998,8 284 0 8,75 -89 0 0 0
387998,8 162 0 8,75 -89 0 0 0
387998,8 55 0 8,875 -89 0 0 0
397999,7 290 0 42 -81 0 0 0
397999,6 156 0 23,75 -80 0 0 0
397999,6 289 0 23,375 -80 0 0 0
390998,8 294 0 1 -84 0 0 0
390998,8 295 0 1 -84 0 0 0
390998,8 56 0 1 -84 0 0 0
392999,2 289 0 10,3125 -77 0 0 0
392999,2 291 0 9,75 -77 0 0 0
392999,2 291 0 9,5625 -77 0 0 0
386999 289 0 10,6875 -87 0 0 0
386998,8 294 0 8,9375 -86 0 0 0
396999,2 162 0 1 -89 0 0 0
396999,2 162 0 1 -89 0 0 0
396999,3 161 0 1 -89 0 0 0
397999,8 288 0 13,125 -85 0 0 0
397999,4 101 0 30,5 -86 0 0 0
397999,4 296 0 25,625 -87 0 0 0
389998,8 287 0 9,625 -87 0 0 0
389999,1 286 0 9,75 -86 0 0 0
389999,1 285 0 9,125 -85 0 0 0
390999,4 44 0 11,4375 -89 0 0 0
393998,8 59 0 1 -76 0 0 0
393998,9 57 0 1 -77 0 0 0
393998,9 59 0 1 -77 0 0 0
385998,6 57 0 9,75 -88 0 0 0
385998,8 293 0 7,6875 -87 0 0 0
385999 294 0 8,3125 -86 0 0 0
395999,5 295 0 16,875 -79 0 0 0
395999,7 295 0 18,0625 -78 0 0 0
395999,4 293 0 14,25 -77 0 0 0
405015,2 28 0,6282377 5,0625 -86 0 0 0
389999,1 287 0 9,75 -86 0 0 0
389998,8 286 0 11 -86 0 0 0
389999,5 289 0 8,875 -89 0 0 0
398999,8 105 0,5214154 12,6875 -89 0 0 0
392999,2 288 0,5713977 21,0625 -85 0 0 0
392999,9 291 0 34,0625 -85 0 0 0
392998,8 292 0 15,625 -82 0 0 0
393998,9 58 0 17,0625 -77 0 0 0
393998,9 291 0 19,5625 -78 0 0 0
393999 291 0 20,125 -79 0 0 0
396998,7 284 0 3,6875 -89 0 0 0
397999,4 158 0 22,375 -82 0 0 0
397999,3 291 0 21,5625 -83 0 0 0
397999,8 289 0 13,125 -85 0 0 0
389998,6 287 0 7,4375 -84 0 0 0
389999,3 287 0 7,9375 -83 0 0 0
389998,7 287 0 6,5625 -84 0 0 0
392999 292 0 9,625 -77 0 0 0
392999 289 0 9,5 -77 0 0 0
392999 291 0 9,625 -77 0 0 0
386998,6 291 0 6,5625 -84 0 0 0
386998,6 292 0 7,4375 -84 0 0 0
386998,5 59 0 7 -83 0 0 0
396999,2 337 0 1 -87 0 0 0
396999,1 286 0 1 -87 0 0 0
396999,2 162 0 1 -87 0 0 0
391000,1 55 0 1 -84 0 0 0
390998,8 60 0 1 -84 0 0 0
390998,8 294 0 1 -84 0 0 0
393999,4 290 0 23,5625 -84 0 0 0
393998,7 101 0 20,9375 -83 0 0 0
393999 288 0,5092705 21,6875 -80 0 0 0
394999,3 285 0 15,125 -75 0 0 0
394999,5 289 0 16 -77 0 0 0
394999,4 286 0 17 -77 0 0 0
405014,8 127 0 4,875 -88 0 0 0
392998,4 288 0 21,75 -84 0 0 0
392999,2 289,9743 0,5530221 17,3125 -83 0,9743042 0 0
392999,5 292 0 16,4375 -81 0 0 0
393999,2 58 0 19,625 -77 0 0 0
393999 58 0 20,625 -79 0 0 0
393999 291 0 20,875 -80 0 0 0
385999,1 292 0,5346569 6,4375 -86 0 0 0
385999,1 293 0 8 -86 0 0 0
385999 293 0 8,125 -86 0 0 0
395999,3 295 0 10,375 -75 0 0 0
395999,4 294 0 11,0625 -76 0 0 0
395999,4 295 0 10,875 -76 0 0 0
