382000,3 294 0 13 -79 0 0 0
382000,3 294 0 12,5625 -78 0 0 0
382000,2 295 0 11,6875 -78 0 0 0
380000,1 295 0 50,9375 -78 0 0 0
380000,1 296 0 50,875 -78 0 0 0
380000,1 296 0 51,1875 -78 0 0 0
380000,1 295 0 50,9375 -78 0 0 0
380000,1 296 0 51,1875 -78 0 0 0
380000,1 296 0 50,875 -78 0 0 0
384000,7 293 0 11,4375 -82 0 0 0
384000,7 293 0 12,25 -81 0 0 0
380000,1 296 0 28,1875 -77 0 0 0
380000,1 295 0 28,1875 -77 0 0 0
380000,2 295 0 28,3125 -77 0 0 0
381999,9 296 0 14,375 -81 0 0 0
382000,3 295 0 14,625 -80 0 0 0
382000,1 295 0 13,25 -79 0 0 0
383000,1 342 0 5,0625 -87 0 0 0
383000,8 288 0 13,75 -88 0 0 0
381000,6 293 0 14,4375 -76 0 0 0
381000,7 294 0 16 -77 0 0 0
381000,6 292 0 13,625 -77 0 0 0
380000,1 296 0 52,875 -78 0 0 0
380000,2 294 0 50,875 -79 0 0 0
380000 295 0 6,25 -80 0 0 0
381999,9 297 0 1 -86 0 0 0
381999,9 295 0 1 -85 0 0 0
381999,7 295 0 1 -85 0 0 0
384000,8 293 0 14,8125 -82 0 0 0
384000,7 295 0 11,3125 -82 0 0 0
384000,7 294 0 10,125 -81 0 0 0
382000,3 295 0 14,125 -80 0 0 0
383000,6 289 0 20,375 -89 0 0 0
383000,2 291 0 1 -83 0 0 0
383000,2 291 0 1 -82 0 0 0
383000,3 291 0 1 -83 0 0 0
381000,5 292 0 37,125 -84 0 0 0
381000,3 293 0 20 -80 0 0 0
381000,7 293 0 14,25 -83 0 0 0
382000,2 296 0 16,125 -82 0 0 0
382000,1 295 0 18,1875 -83 0 0 0
382000,6 294 0 20,375 -85 0 0 0
384000,5 291 0,5120379 12,8125 -88 0 0 0
384001,1 293 0 12,1875 -88 0 0 0
380000 295 0 8,125 -81 0 0 0
380000,3 295 0 43,9375 -82 0 0 0
380000 297 0 11,6875 -84 0 0 0
382000,2 294 0 9,5 -77 0 0 0
382000,1 295 0 10,125 -77 0 0 0
382000,2 295 0 11,1875 -77 0 0 0
384000,3 293 0 22,875 -89 0 0 0
384000,7 292 0 26,6875 -87 0 0 0
384000,7 292 0 14,25 -83 0 0 0
384000,8 295 0 19,8125 -83 0 0 0
384000,7 294 0 19,0625 -84 0 0 0
382000,2 294 0 11,6875 -78 0 0 0
382000,3 295 0 12,375 -78 0 0 0
382000,3 294 0 13,4375 -79 0 0 0
384000,7 292 0 11,625 -82 0 0 0
384000,8 292 0 15 -82 0 0 0
384000,7 294 0 14 -83 0 0 0
381000,5 145 0 14,25 -88 0 0 0
381001 293 0 14,0625 -86 0 0 0
382000,3 296 0 13 -79 0 0 0
382000,3 295 0 13,25 -79 0 0 0
382000,6 294 0 16,375 -81 0 0 0
384000,8 293 0 14,375 -82 0 0 0
384000,8 293 0 14,5 -82 0 0 0
384000,7 294 0 12,375 -81 0 0 0
381000,5 19 0 34,1875 -85 0 0 0
381000,7 293 0 39,6875 -83 0 0 0
381000,4 293 0 25,9375 -81 0 0 0
382000,2 295 0 15,75 -81 0 0 0
382000,6 295 0 16,875 -81 0 0 0
382000,6 294 0 17,75 -83 0 0 0
382000,3 294 0 9,6875 -77 0 0 0
382000,2 295 0 9,375 -77 0 0 0
382000,3 294 0 10,375 -77 0 0 0
380000,4 294 0 38,125 -84 0 0 0
380000 296 0 8,875 -82 0 0 0
381000,6 292 0 27,0625 -80 0 0 0
381000,4 292 0 25,625 -81 0 0 0
381000,3 293 0 14,25 -82 0 0 0
383000,3 290 0 1 -83 0 0 0
383000,3 290 0 1 -83 0 0 0
383000,3 288 0 1 -83 0 0 0
380000,2 296 0 28,4375 -77 0 0 0
380000,1 294 0 50,9375 -78 0 0 0
380000,2 296 0 28,3125 -77 0 0 0
381000,7 144 0 20,375 -78 0 0 0
381000,6 293 0 16,6875 -77 0 0 0
381000,6 293 0 16,4375 -77 0 0 0
383000,2 290 0 1 -83 0 0 0
383000,3 291 0 1 -83 0 0 0
383000,2 291 0 1 -84 0 0 0
383000,3 292 0 1 -83 0 0 0
383000,3 290 0 1 -83 0 0 0
383000,2 290 0 1 -82 0 0 0
380000,2 296 0 28,3125 -77 0 0 0
380000,1 296 0 50,875 -78 0 0 0
380000,2 296 0 28,3125 -77 0 0 0
380000,1 296 0 51,0625 -78 0 0 0
380000,1 296 0 51,1875 -78 0 0 0
380000,1 296 0 51,5625 -78 0 0 0
383000,2 281 0 1 -82 0 0 0
383000,3 292 0 1 -82 0 0 0
383000,3 291 0 1 -83 0 0 0
381000,4 293 0 26,375 -81 0 0 0
381000,5 293 0 27,4375 -80 0 0 0
381000,7 293 0 28,625 -79 0 0 0
381999,8 294 0 15,375 -83 0 0 0
382000,1 292 0 15,75 -86 0 0 0
382000,1 293 0 14 -87 0 0 0
384000,7 293 0 11,4375 -82 0 0 0
384000,7 293 0 12,375 -81 0 0 0
384000,7 293 0 10,125 -81 0 0 0
380000,4 54 0 38,125 -84 0 0 0
380000,3 297 0 29,3125 -86 0 0 0
382000,2 294 0 9,125 -77 0 0 0
381999,6 293 0 1 -85 0 0 0
382000,3 295 0 9,6875 -77 0 0 0
382000,3 296 0 13,25 -79 0 0 0
382000,3 295 0 13,4375 -79 0 0 0
382000,2 295 0 11,5 -78 0 0 0
380000,5 293 0 24,4375 -88 0 0 0
380000 296 0 9,6875 -86 0 0 0
380000 293 0 11,6875 -84 0 0 0
381000,7 293 0 28,0625 -79 0 0 0
381000,6 293 0 28,625 -79 0 0 0
381000,7 293 0 42,125 -82 0 0 0
384000,8 293 0 14,625 -82 0 0 0
384000,8 294 0 14,5 -82 0 0 0
384000,7 294 0 12,75 -81 0 0 0
380000,1 296 0 50,8125 -78 0 0 0
380000,1 296 0 50,9375 -78 0 0 0
380000,1 295 0 51,1875 -78 0 0 0
382000,6 295 0 21,0625 -85 0 0 0
382000,6 293 0 21,8125 -84 0 0 0
382000,1 295 0 18,8125 -83 0 0 0
383000,2 292 0 1 -84 0 0 0
383000,3 294 0 11,5625 -84 0 0 0
383000,1 289 0 12,625 -86 0 0 0
381000,7 292 0 16,1875 -77 0 0 0
381000,6 293 0 14,4375 -76 0 0 0
381000,7 293 0 16,1875 -77 0 0 0
383000,1 290 0 12 -86 0 0 0
383000,3 289 0 11,125 -85 0 0 0
383000,4 289 0 1 -85 0 0 0
384000,8 292 0 29,3125 -86 0 0 0
384000,5 292 0 14,9375 -87 0 0 0
383000,2 290 0 1 -82 0 0 0
383000,3 291 0 1 -83 0 0 0
383000,2 292 0 1 -83 0 0 0
384000,7 292 0 12,25 -81 0 0 0
384000,8 294 0 12,125 -81 0 0 0
384000,7 293 0 12,25 -81 0 0 0
383000,3 290 0 1 -83 0 0 0
383000,2 291 0 1 -82 0 0 0
383000,2 292 0 1 -83 0 0 0
380000,4 296 0 38,125 -84 0 0 0
381000,7 292 0 28,3125 -79 0 0 0
381000,6 292 0 28,375 -79 0 0 0
381000,4 293 0 26,375 -81 0 0 0
383000,2 290 0 1 -83 0 0 0
383000,2 290 0 1 -82 0 0 0
383000,3 291 0 1 -83 0 0 0
381000,6 293 0 16,6875 -77 0 0 0
381000,6 293 0 16,6875 -77 0 0 0
381000,7 294 0 20,375 -78 0 0 0
384000,8 294 0 11,0625 -82 0 0 0
384000,7 293 0 12,25 -81 0 0 0
384000,7 293 0 11,3125 -82 0 0 0
381001,8 290 0 1 -88 0 0 0
381999,9 294 0 11,6875 -79 0 0 0
382000,3 295 0 13,25 -79 0 0 0
382000,1 295 0 12,9375 -80 0 0 0
381001 293 0,5175494 15,75 -89 0 0 0
382000,3 295 0 12,5625 -78 0 0 0
382000,1 295 0 12,125 -79 0 0 0
382000,3 294 0 13,25 -79 0 0 0
380000 293 0 11,6875 -84 0 0 0
380000,3 296 0 46,3125 -81 0 0 0
380000 296 0 7,625 -80 0 0 0
381000,4 292 0 26,375 -81 0 0 0
381000 294 0 22,875 -83 0 0 0
381001 292 0 8,25 -85 0 0 0
384000,7 293 0 11,4375 -82 0 0 0
384000,7 292 0 12,25 -81 0 0 0
384000,8 294 0 11,875 -81 0 0 0
381000,5 293 0 32,8125 -85 0 0 0
381000,5 292 0 40,6875 -83 0 0 0
381000,3 292 0 21,375 -80 0 0 0
382000,6 295 0 16,875 -81 0 0 0
381999,8 294 0 15,625 -82 0 0 0
382000,1 294 0 16,6875 -84 0 0 0
384000,8 292 0 14,375 -82 0 0 0
384000,8 293 0 14,5 -82 0 0 0
384000,7 293 0 11,625 -82 0 0 0
380000 296 0 5,6875 -79 0 0 0
380000,1 295 0 52,3125 -78 0 0 0
380000,1 296 0 52,0625 -78 0 0 0
382000,2 295 0 11,1875 -78 0 0 0
382000,1 294 0 10,5625 -77 0 0 0
382000,3 295 0 10,1875 -77 0 0 0
381000,1 293 0 19,3125 -81 0 0 0
381000,3 294 0 14,0625 -85 0 0 0
381000,3 292 0 15,25 -82 0 0 0
382000,3 294 0 13,5 -81 0 0 0
382000,6 293 0 16,375 -81 0 0 0
382000,6 295 0 21,375 -84 0 0 0
381000,7 293 0 16,1875 -77 0 0 0
381000,7 293 0 16,1875 -77 0 0 0
381000,7 293 0 16,1875 -77 0 0 0
384000,7 294 0 14,25 -83 0 0 0
384000,8 293 0 20,5 -83 0 0 0
384000,7 294 0 19,625 -84 0 0 0
383000,2 292 0 1 -82 0 0 0
383000,3 289 0 1 -82 0 0 0
383000,2 290 0 1 -82 0 0 0
382000,2 294 0 9,3125 -77 0 0 0
382000,2 295 0 9,5 -77 0 0 0
382000,4 294 0 10,75 -77 0 0 0
381000,7 293 0 16,1875 -77 0 0 0
380000 294 0 9,6875 -86 0 0 0
380000,8 293 0 22,875 -89 0 0 0
382000,4 294 0 11,125 -77 0 0 0
382000,1 295 0 10,8125 -78 0 0 0
382000,1 295 0 12,375 -79 0 0 0
383000,3 289 0 11,25 -83 0 0 0
383000,3 292 0 1 -84 0 0 0
383000,3 290 0 1 -83 0 0 0
382000,2 295 0 11,5 -78 0 0 0
382000,2 296 0 11,5 -78 0 0 0
382000,3 295 0 10,0625 -77 0 0 0
380000 297 0 7,625 -84 0 0 0
380000 295 0 7,625 -86 0 0 0
380001,2 296 0 10,6875 -88 0 0 0
383000,3 291 0 1 -83 0 0 0
383000,1 290 0 1 -82 0 0 0
383000,2 290 0 1 -82 0 0 0
380000 295 0 5,6875 -79 0 0 0
380000 296 0 6,125 -79 0 0 0
380000,2 293 0 50,375 -79 0 0 0
382000,2 294 0 16,125 -82 0 0 0
381999,9 294 0 14,0625 -81 0 0 0
382000,3 294 0 14,625 -80 0 0 0
383000,1 292 0 12,5 -85 0 0 0
383000,4 292 0 11,4375 -88 0 0 0
380000,1 296 0 51,0625 -78 0 0 0
380000,1 296 0 51,25 -78 0 0 0
380000,1 297 0 50,9375 -78 0 0 0
381000,5 292 0 29,625 -86 0 0 0
382000,1 294 0 12,4375 -78 0 0 0
382000,3 295 0 13,4375 -79 0 0 0
382000,3 294 0 15 -80 0 0 0
384000,8 293 0 13,3125 -83 0 0 0
384000,8 293 0 14,5 -82 0 0 0
384000,7 293 0 11,625 -82 0 0 0
383001,2 290 0 1 -83 0 0 0
383000,3 294 0 1 -83 0 0 0
383000,3 289 0 1 -83 0 0 0
382000,2 121 0,735044 12,625 -77 0 0 0
381999,8 293 0 1 -86 0 0 0
381999,7 296 0 1 -85 0 0 0
380000 296 0 6,5 -81 0 0 0
380000 297 0 8,125 -81 0 0 0
380000,3 296 0 40,3125 -83 0 0 0
384000,6 293 0 10,5625 -81 0 0 0
384000,7 292 0 11,3125 -82 0 0 0
384000,8 293 0 11 -82 0 0 0
380000 54 0 8,625 -87 0 0 0
380000 295 0 8,375 -85 0 0 0
381000,7 293 0 29,25 -78 0 0 0
381000,4 293 0 20,75 -79 0 0 0
381000,4 292 0 20,375 -80 0 0 0
383000,3 290 0 1 -83 0 0 0
383000,2 290 0 1 -83 0 0 0
383000,3 289 0 1 -82 0 0 0
382000,6 293 0 17,5625 -87 0 0 0
381999,8 19 0 22,875 -89 0 0 0
383000,3 287 0 1 -83 0 0 0
383000,4 290 0 1 -84 0 0 0
383000,2 290 0 1 -84 0 0 0
398999,8 332 0 11,875 -82 0 0 0
398999,8 332 0 11,875 -82 0 0 0
391999,1 288 0 17,625 -81 0 0 0
391999,4 287 0 37,75 -83 0 0 0
386998,4 60 0 9,25 -83 0 0 0
386998,3 59 0 10,0625 -84 0 0 0
386999 62 0 11 -85 0 0 0
396998,9 288 0 1 -86 0 0 0
396999 335 0 1 -86 0 0 0
396998,9 162 0 1 -86 0 0 0
405015 30 0,7901756 7,125 -86 0 0 0
390998,8 55 0 1 -83 0 0 0
390998,8 55 0 1 -83 0 0 0
390998,8 55 0 1 -83 0 0 0
393998,3 291 0 24,4375 -87 0 0 0
393999,4 290 0 23,8125 -83 0 0 0
393999,2 59 0 20,25 -80 0 0 0
394999,4 286 0 22,6875 -76 0 0 0
394999,5 286 0 16 -74 0 0 0
394999,5 286 0 17,0625 -75 0 0 0
389999,8 287 0 1,25 -89 0 0 0
389998,9 286 0 8,875 -83 0 0 0
389998,9 288 0 9 -83 0 0 0
392999,2 60 0 12,1875 -77 0 0 0
392999,2 289 0 11,9375 -77 0 0 0
392999,2 289 0,5048658 12,1875 -77 0 0 0
405015,1 23 0,6178239 7,3125 -87 0 0 0
405015,1 31 0,8303332 8,375 -86 0 0 0
387998,9 162 0 9,3125 -89 0 0 0
397999,5 153 0 26,4375 -79 0 0 0
397999,7 291 0 48,5 -79 0 0 0
397999,6 154 0 49,3125 -79 0 0 0
390998,8 56 0 1 -84 0 0 0
390998,8 294 0 1 -83 0 0 0
390998,7 56 0 1 -83 0 0 0
392999,2 292 0 11,375 -77 0 0 0
392999 289 0 11,0625 -77 0 0 0
392999,3 291 0 12,0625 -77 0 0 0
394999,4 162 0 38,5 -73 0 0 0
394999,6 162 0 69,625 -73 0 0 0
394999,6 287 0 69,4375 -73 0 0 0
390998,8 294 0 1 -82 0 0 0
390998,8 294 0 1 -83 0 0 0
390998,8 55 0 1 -83 0 0 0
393999,2 290 0 18,9375 -79 0 0 0
393999 58 0 23,4375 -77 0 0 0
393999,2 59 0 19,6875 -75 0 0 0
394999,3 289 0 23,375 -78 0 0 0
394999,2 285 0 24,4375 -82 0 0 0
394999,3 287 0 25,9375 -79 0 0 0
386998,2 291 0 1 -89 0 0 0
386998,2 288 0 1 -89 0 0 0
386998,2 288 0 1 -89 0 0 0
396999 339 0 1 -86 0 0 0
396999,1 284 0 1 -86 0 0 0
396998,9 162 0 1 -86 0 0 0
390998,8 55 0 1 -83 0 0 0
390998,8 55 0 1 -82 0 0 0
390998,8 55 0 1 -83 0 0 0
388999,1 293 0 10,5625 -86 0 0 0
388999,3 290 0 16 -85 0 0 0
388999,2 295 0 14,9375 -86 0 0 0
398999,7 333 0 12,3125 -81 0 0 0
398999,5 334 0 11,625 -80 0 0 0
398999,9 108 0 11,375 -80 0 0 0
392998,4 290,5106 0,5607913 22,875 -84 0,5105591 0 0
392999,2 289 0 16,875 -81 0 0 0
392998,8 59 0 17,9375 -80 0 0 0
393999 58 0 19,1875 -77 0 0 0
393999 292 0 21,375 -80 0 0 0
393998,7 59 0 23,1875 -81 0 0 0
387998,6 105 0 1 -89 0 0 0
387998,8 160 0 10,8125 -88 0 0 0
387998,9 162 0 7,75 -88 0 0 0
397999,6 153 0 46 -80 0 0 0
397999,7 154 0 45,5625 -80 0 0 0
397999,5 290 0 26,1875 -79 0 0 0
405015,3 29 0,9010751 8,375 -87 1 0 0
390998,8 293 0 1 -83 0 0 0
390999 56 0 1 -84 0 0 0
390998,7 56 0 1 -83 0 0 0
392999,2 59 0 12,25 -77 0 0 0
392999,2 291 0 12 -77 0 0 0
392999,2 292 0,5052932 9,6875 -77 0 0 0
385999 294 0 9,5 -87 0 0 0
385999 293 0 8,3125 -86 0 0 0
385998,9 295 0 8,5625 -86 0 0 0
395999,5 295 0 15,375 -78 0 0 0
395999,2 295 0 13 -77 0 0 0
395999,4 296 0 11,875 -76 0 0 0
391999,3 286 0 13,875 -79 0 0 0
391999,3 286 0 16,9375 -80 0 0 0
391999,4 287 0 24,0625 -80 0 0 0
394999,4 286 0 36,625 -74 0 0 0
394999,4 289 0 36,3125 -74 0 0 0
394999,3 57 0 15,125 -75 0 0 0
395999,2 299 0 17,875 -86 0 0 0
388999,1 291 0,5191966 9,8125 -89 0 0 0
388999 296 0 8,375 -88 0 0 0
398999,6 331 0 12,375 -84 0 0 0
399000,4 342 0 30,5 -86 0 0 0
399000 333 0 15,25 -84 0 0 0
393998,9 59 0 1 -77 0 0 0
393998,8 59 0 1 -76 0 0 0
393998,9 58 0 1 -77 0 0 0
397999,6 159 0 40,6875 -82 0 0 0
397999,6 290 0 37,75 -83 0 0 0
397999,8 55 0 12,1875 -85 0 0 0
386998,1 57 0 1 -89 0 0 0
386998,7 293 0 7,75 -84 0 0 0
386998,8 291 0 10,0625 -85 0 0 0
396999 337 0 1 -86 0 0 0
396998,9 288 0 1 -87 0 0 0
396999,1 334 0 1 -87 0 0 0
389999,1 289 0 9,125 -85 0 0 0
389998,9 285 0 7,375 -85 0 0 0
389999,3 287 0 8,1875 -84 0 0 0
392999,4 289 0 13,625 -77 0 0 0
392999,2 291 0 13,8125 -77 0 0 0
392998,8 291 0 15,4375 -78 0 0 0
405015,3 27 0,5842748 6,3125 -86 0 0 0
385998,8 292 0 8,8125 -86 0 0 0
385998,8 295 0 7,125 -86 0 0 0
385999,1 294 0 10,375 -86 0 0 0
395999,4 296 0,5074298 13 -75 0 0 0
395999,4 295 0 12,8125 -75 0 0 0
395999,6 295 0 12,8125 -75 0 0 0
388998,9 107 0 10,6875 -89 0 0 0
389999,1 287 0 13,125 -86 0 0 0
389999,1 162 0 12,1875 -88 0 0 0
398999,8 332 0,6751098 19,375 -85 0 0 0
399000 337 0 22,875 -89 0 0 0
405015,2 26 0,7465799 6,8125 -86 0 0 0
393998,9 58 0 1 -77 0 0 0
393998,8 100 0 1 -77 0 0 0
393998,9 58 0 1 -77 0 0 0
386998,6 289 0 7,4375 -84 0 0 0
386998,8 61 0 8,1875 -84 0 0 0
386998,6 288 0 6,5625 -84 0 0 0
396999 162 0 1 -87 0 0 0
396999 332 0 1 -87 0 0 0
396999,1 330 0 1 -87 0 0 0
389999,1 288 0 9,125 -85 0 0 0
389998,8 285 0 10,0625 -85 0 0 0
389998,7 289 0 8 -85 0 0 0
394999,7 287 0 19,5 -79 0 0 0
394999,7 162 0 19 -80 0 0 0
394999,2 287 0 16,8125 -77 0 0 0
395999,5 295 0 17,1875 -80 0 0 0
395999,6 295 0 20,1875 -81 0 0 0
395998,7 297 0 18,1875 -83 0 0 0
405015,4 26 0,539378 6,125 -86 1 0 0
387998,8 162 0 8,75 -89 0 0 0
387998,7 162 0 8,5625 -89 0 0 0
397999,6 158 0 23,5 -80 0 0 0
397999,5 291 0 16,1875 -80 0 0 0
397999,6 290 0 23,3125 -80 0 0 0
391999,3 286 0 16,9375 -80 0 0 0
391999,4 285 0 23,75 -80 0 0 0
391999,4 287 0 24,4375 -80 0 0 0
405015,1 29 0,5338594 4,625 -87 1 0 0
393998,9 58 0 1 -77 0 0 0
393998,9 59 0 1 -77 0 0 0
393998,9 59 0 1 -77 0 0 0
385998,9 291 0 6,75 -86 0 0 0
385999,2 295 0 10,1875 -86 0 0 0
385999 293 0 8,125 -86 0 0 0
395999,5 296 0 11,5625 -76 0 0 0
395999,6 295 0 12,875 -76 0 0 0
395999,6 295 0 14,1875 -77 0 0 0
397999,8 291 0 6,4375 -86 0 0 0
397999,8 56 0 7 -85 0 0 0
397999,5 102 0 38,375 -83 0 0 0
398999,9 107 0 13 -86 0 0 0
398999,8 334 0 17,8125 -87 0 0 0
391999,1 286 0 34,1875 -85 0 0 0
391999 289 0 17,0625 -86 0 0 0
391999,6 288 0 7 -85 0 0 0
392999,2 59 0 15,5 -80 0 0 0
392999,2 289 0 19,1875 -82 0 0 0
392999,2 60 0 19,125 -83 0 0 0
386998,7 289 0 7,5625 -83 0 0 0
386998,9 288 0 7,1875 -84 0 0 0
386998,7 58 0 8,5 -83 0 0 0
396999,1 332 0 1 -87 0 0 0
396999,1 288 0 1 -87 0 0 0
396999,1 107 0 1 -88 0 0 0
389998,8 284 0 7,75 -84 0 0 0
389998,9 285 0 7,1875 -84 0 0 0
389998,8 286 0 7,75 -84 0 0 0
407076,3 306 0 4 -85 0 0 0
407075,4 306 0 6,6875 -84 0 0 0
390998,3 293 0 11,8125 -88 0 0 0
390999,2 55 0 10,6875 -89 0 0 0
391999,3 286 0 35,5 -84 0 0 0
391999,3 286 0 23,8125 -81 0 0 0
391999,4 288 0 38,375 -83 0 0 0
407073,8 306 0 1 -88 0 0 0
393998,9 58 0 1 -77 0 0 0
393998,9 59 0 1 -77 0 0 0
393998,9 59 0 1 -77 0 0 0
407073,6 194 0 1 -87 0 0 0
407076,2 197 0 29,1875 -85 0 0 0
397999,6 55 0 23,5 -80 0 0 0
397999,6 55 0 23,25 -80 0 0 0
397999,6 290 0 23,75 -80 0 0 0
391999,4 287 0 16,5 -80 0 0 0
391999,3 287 0 16,75 -80 0 0 0
391999,3 288 0 16,75 -80 0 0 0
393999,1 58 0 18,25 -76 0 0 0
393999,2 59 0 13,9375 -75 0 0 0
393999 59 0 12,5625 -75 0 0 0
394999,3 286 0 30,5 -81 0 0 0
394999,7 62 0 24,125 -85 0 0 0
394998,9 60 0 16,25 -86 0 0 0
397999,7 290 0 42 -81 0 0 0
397999,6 290 0 23,375 -80 0 0 0
393999,4 101 0 20,625 -86 0 0 0
394999,4 287 0 37,125 -74 0 0 0
394999,4 162 0 36,625 -74 0 0 0
394999,6 286 0 65,375 -74 0 0 0
397999,8 291 0 8,625 -87 0 0 0
397999,8 290 0 6,4375 -86 0 0 0
397999,8 153 0 6,125 -85 0 0 0
398999,9 332 0 14,625 -85 0 0 0
399000 342 0 18,3125 -86 0 0 0
398999,9 333 0 11,375 -87 0 0 0
405015,5 26 0,6911634 6,1875 -87 0 0 0
405015,1 23 0,6839439 6,25 -88 1 0 0
390998,9 55 0 11,5 -86 0 0 0
390998,8 55 0 11,125 -85 0 0 0
390998,8 55 0 1 -85 0 0 0
391999,3 288 0 32,6875 -85 0 0 0
391999 285 0 19,25 -85 0 0 0
391999,1 289 0 28,5 -87 0 0 0
393998,9 58 0 1 -77 0 0 0
393998,9 292 0 1 -77 0 0 0
393998,9 59 0 1 -77 0 0 0
386998,5 291 0 7,125 -84 0 0 0
386998,5 58 0 8,5 -84 0 0 0
386999 292 0 8,75 -84 0 0 0
396999,1 162 0 1 -87 0 0 0
396999,3 162 0 1 -88 0 0 0
396998,9 337 0 1 -86 0 0 0
389999,1 285 0 10,6875 -87 0 0 0
389999,1 60 0 10,1875 -89 0 0 0
398999,8 342 0 18,3125 -86 0 0 0
398999,3 334 0 10,1875 -89 0 0 0
398999,3 342 0 12,1875 -88 0 0 0
392999,3 291 0 10,25 -77 0 0 0
392999 292 0 9 -77 0 0 0
392999,2 292 0 9,5 -77 0 0 0
385999 296 0 6,5 -86 0 0 0
385999 293 0 6,5 -86 0 0 0
385999 294 0 8,125 -86 0 0 0
395999,5 295 0 10,25 -75 0 0 0
395999,4 295 0 12,0625 -76 0 0 0
395999,6 294 0 12,875 -76 0 0 0
387998,8 277 0 8,8125 -89 0 0 0
397999,6 290 0 23,25 -80 0 0 0
397999,6 55 0 23,5 -80 0 0 0
397999,6 290 0 23,375 -80 0 0 0
405015,5 27 0,7590221 5,8125 -86 0 0 0
389998,6 286 0 12,6875 -89 0 0 0
390998,8 55 0 1 -85 0 0 0
390998,8 57 0 10,6875 -85 0 0 0
390998,6 55 0 4,5625 -87 0 0 0
393998,8 58 0 1 -77 0 0 0
393998,9 58 0 1 -77 0 0 0
393998,9 100 0 1 -77 0 0 0
405015,3 27 0,6108738 6,3125 -86 1 0 0
409063,6 80 0,6360208 7 -89 0 0 0
390999,3 55 0 1 -89 0 0 0
390999,1 293 0 11,1875 -85 0 0 0
390999,6 47 0 12,6875 -89 0 0 0
391999,2 286 0 23,0625 -82 0 0 0
391999,1 286 0 22 -83 0 0 0
391999,3 286 0 32,4375 -85 0 0 0
393998,8 58 0 1 -76 0 0 0
393998,9 58 0 1 -77 0 0 0
393999 58 0 10,75 -74 0 0 0
391999,3 286 0 17,9375 -79 0 0 0
391999,3 288 0 14 -79 0 0 0
391999,3 286 0 16,75 -80 0 0 0
394999,2 162 0 16,8125 -77 0 0 0
394999,3 286 0 14,9375 -76 0 0 0
394999,3 286 0 14,625 -75 0 0 0
395999,6 297 0 19,3125 -82 0 0 0
395999,2 56 0 31 -86 0 0 0
395999,2 297 0 15 -86 0 0 0
388999,2 293 0 7,75 -86 0 0 0
388999,2 293 0 6,6875 -87 0 0 0
388999,2 290 0,5613706 8,875 -87 0 0 0
398999,9 109 0 9 -81 0 0 0
398999,8 332 0 9,25 -81 0 0 0
398999,8 334 0 10,1875 -82 0 0 0
407075,8 191 0 9,125 -85 0 0 0
390998,8 147 0 10,6875 -85 0 0 0
390998,8 292 0 1 -86 0 0 0
390998,9 294 0 1 -85 0 0 0
391999,6 287 0 7,625 -86 0 0 0
391998,8 286 0 12,1875 -86 0 0 0
391999,6 162 0 6,625 -89 0 0 0
407076,2 191 0 29,0625 -85 0 0 0
385999 294 0 8,3125 -86 0 0 0
385999,1 294 0 10,5625 -86 0 0 0
385999,1 292 0 10,5625 -86 0 0 0
395999,6 296 0 14,25 -75 0 0 0
395999,6 298 0,5051762 12,875 -75 0 0 0
395999,4 296 0 11,9375 -75 0 0 0
405015,3 29 0,758724 7,1875 -88 1 0 0
389998,9 285 0 9,25 -83 0 0 0
389999,1 288 0 10,1875 -84 0 0 0
389999,3 286 0 11,1875 -84 0 0 0
391999 281 0 24,4375 -82 0 0 0
391999,1 285 0 24,8125 -81 0 0 0
391999,3 284 0 14,25 -83 0 0 0
392999,2 289 0,5483998 23,1875 -84 0 0 0
392999,9 148 0 32,0625 -86 0 0 0
392997,6 291 0 24,4375 -88 0 0 0
405014,7 32 0,7333947 7,625 -89 0 0 0
393998,7 102 0 20,875 -87 0 0 0
393999,4 103 0 23,375 -85 0 0 0
394999,4 285 0 36,625 -74 0 0 0
394999,5 287 0 65,625 -75 0 0 0
394999,5 286 0 61,8125 -76 0 0 0
386998,9 288 0 7,0625 -83 0 0 0
386998,6 61 0 7,25 -83 0 0 0
386998,6 60 0 7,25 -83 0 0 0
396999 330 0 1 -87 0 0 0
396999,1 287 0 1 -87 0 0 0
396999,4 290 0 1 -88 0 0 0
389999,1 162 0 10,6875 -87 0 0 0
389998,8 284 0 11 -86 0 0 0
389999,1 284 0 9,75 -86 0 0 0
390998,8 55 0 1 -88 0 0 0
394999,6 289 0 67,125 -74 0 0 0
394999,4 289 0,5337034 36,625 -74 0 0 0
394999,6 287 0 65,125 -74 0 0 0
405000,8 107 0,5139868 14,5625 -92 0 0 0
405000,7 267 0,7361959 15,3125 -93 0 0 0
397999,7 55 0 44,75 -80 0 0 0
397999,6 155 0 23,625 -80 0 0 0
386998,5 100 0 7 -83 0 0 0
386998,6 289 0 7,25 -83 0 0 0
386998,7 291 0 7,5625 -83 0 0 0
396999 285 0 1 -87 0 0 0
396999,1 336 0 1 -87 0 0 0
396999,1 331 0 1 -87 0 0 0
394999,5 287 0 33,9375 -74 0 0 0
394999,5 162 0 33,75 -74 0 0 0
394999,5 162 0 33,9375 -74 0 0 0
397999,6 290 0 45,75 -80 0 0 0
397999,6 55 0 43 -81 0 0 0
397999,6 154 0 43 -81 0 0 0
390998,9 56 0 1 -85 0 0 0
390998,7 57 0 1 -84 0 0 0
390998,9 293 0 1 -84 0 0 0
405015,3 18 0 5,5 -87 0 0 0
393998,9 59 0 1 -76 0 0 0
393998,9 58 0 1 -77 0 0 0
393998,9 58 0 1 -77 0 0 0
388999,1 292 0 6,875 -87 0 0 0
388999,1 292 0 6,25 -86 0 0 0
388999,3 290 0 8,4375 -87 0 0 0
398999,8 332 0 8,25 -81 0 0 0
398999,7 342 0 7,6875 -81 0 0 0
399000 287 0 8,75 -81 0 0 0
391999,3 287 0 17,9375 -79 0 0 0
391999,3 286 0 17,0625 -80 0 0 0
391999,3 286 0 14,125 -79 0 0 0
393999,1 58 0 13,125 -74 0 0 0
393998,9 59 0 11,5625 -74 0 0 0
393998,9 58 0 10,75 -74 0 0 0
394999,7 292 0 17,0625 -87 0 0 0
405015,1 26 0,6705709 4,5625 -86 0 0 0
405015,4 32 0,7507355 5,375 -86 0 0 0
397999,8 290 0 13,125 -85 0 0 0
397999,8 290 0 5,875 -84 0 0 0
397999,8 291 0 5,25 -83 0 0 0
398999,3 342 0 14,25 -87 0 0 0
398999,3 107 0 10,1875 -89 0 0 0
392999,3 290 0 10,3125 -77 0 0 0
392999,3 291 0 10,25 -77 0 0 0
392999,2 289 0 9,875 -76 0 0 0
394999,5 286 0 35,8125 -73 0 0 0
394999,5 286 0 35,4375 -73 0 0 0
394999,5 287 0 35,4375 -73 0 0 0
405000,3 146 0 15,6875 -92 0 0 0
397999,8 291 0 5,75 -83 0 0 0
397999,5 290 0 35,625 -84 0 0 0
397999,5 290 0 32,0625 -85 0 0 0
389998,8 287 0 7,75 -84 0 0 0
389998,6 287 0 7,4375 -84 0 0 0
389998,8 288 0 7,5625 -83 0 0 0
392999 292 0 10,125 -77 0 0 0
392999,2 292 0 9,5625 -77 0 0 0
392999,3 291 0 10,25 -77 0 0 0
405015,1 127 0 5,25 -86 0 0 0
385998,8 297 0 7,6875 -87 0 0 0
385999,2 296 0 10,1875 -86 0 0 0
385999 295 0 8,125 -86 0 0 0
395999,4 295 0 14,25 -77 0 0 0
395999,6 295 0 14,1875 -77 0 0 0
395999,4 295 0 12,1875 -76 0 0 0
388999,1 294 0 6,4375 -86 0 0 0
388999,2 290 0,6279103 7,5625 -86 0 0 0
388999,2 295 0 6,625 -87 0 0 0
398999,8 336 0 8,25 -81 0 0 0
398999,8 333 0 8,25 -81 0 0 0
398999,8 108 0 8,25 -81 0 0 0
405015,4 21 0,708343 6,875 -88 0 0 0
393999,1 59 0 12,9375 -74 0 0 0
393999 58 0 11 -74 0 0 0
393999 58 0 10,8125 -74 0 0 0
394998,2 285 0 20,375 -86 0 0 0
386998,4 63 0 6,75 -83 0 0 0
386999,2 59 0 7,0625 -83 0 0 0
386998,7 290 0 7,5625 -83 0 0 0
396999 283 0 1 -87 0 0 0
396999,1 285 0 1 -87 0 0 0
396999 332 0 1 -87 0 0 0
388999,4 293 0 20,375 -88 0 0 0
388999,3 292 0 10,8125 -88 0 0 0
388999 293 0 7,3125 -87 0 0 0
398999,7 333 0 11,875 -82 0 0 0
398999,7 335 0 11,5 -83 0 0 0
398999,8 286 0 9,625 -81 0 0 0
390999 57 0 12,1875 -86 0 0 0
390998,8 293 0 1 -86 0 0 0
390998,8 57 0 1 -86 0 0 0
391999,4 287 0 35,625 -84 0 0 0
391999,3 287 0 30,5 -86 0 0 0
391999,1 289 0 24,4375 -88 0 0 0
386998,1 55 0 1 -89 0 0 0
386999 292 0 10,6875 -87 0 0 0
386998,3 100 0 11,4375 -89 0 0 0
395998,5 296 0 18,8125 -86 0 0 0
395999,2 295 0 22,375 -84 0 0 0
395999,6 297 0 19,6875 -81 0 0 0
396999,1 162 0 1 -88 0 0 0
396999,1 330 0 1 -89 0 0 0
396999,5 341 0 13,75 -88 0 0 0
388999,1 287 0 9,25 -87 0 0 0
388999,3 292 0,5033582 8,5625 -87 0 0 0
388999,2 292 0 7,625 -86 0 0 0
398999,8 331 0 11,875 -82 0 0 0
399000 342 0 11 -82 0 0 0
398999,8 329 0 9,625 -81 0 0 0
392999,3 290 0 10,0625 -77 0 0 0
392999,2 292 0 10,3125 -77 0 0 0
392999,3 291 0,5206373 11,875 -78 0 0 0
394999,4 286 0 36 -74 0 0 0
394999,6 286 0 64,875 -74 0 0 0
394999,5 288 0 34,125 -74 0 0 0
405000,3 234 0 14,1875 -93 0 0 0
388999,2 289 0 7,5625 -86 0 0 0
388999,2 293 0 6,6875 -87 0 0 0
388999,1 294 0 6,5 -86 0 0 0
398999,8 330 0 9,625 -81 0 0 0
398999,8 108 0 10 -80 0 0 0
398999,9 333 0 7,0625 -81 0 0 0
390998,8 57 0 1 -88 0 0 0
390999,4 39 0 13,75 -88 1 0 0
391999,3 283 0,6424844 25,0625 -81 0 0 0
391999 286 0 23,5 -82 0 0 0
391999,1 287 0 32,8125 -85 0 0 0
405014,9 29 0 5,625 -89 0 0 0
387998,9 289 0 6,1875 -89 0 0 0
387998,8 61 0 8,625 -89 0 0 0
397999,6 290 0 23,375 -80 0 0 0
397999,7 291 0 45,125 -80 0 0 0
397999,6 291 0 24,0625 -80 0 0 0
405014,9 31 0,6067812 4,9375 -86 0 0 0
405015,3 28 0,7362689 5,5 -87 0 0 0
389998,3 286 0 11,4375 -89 0 0 0
389998,7 287 0 12,4375 -87 0 0 0
389998,8 287 0 11 -86 0 0 0
390998,9 55 0 11 -86 0 0 0
390999 55 0 10,1875 -88 0 0 0
405015,1 34 0,6636562 5,1875 -87 0 0 0
389999,1 288 0 6,8125 -84 0 0 0
389998,9 287 0 7,375 -85 0 0 0
389998,9 287 0 8,1875 -84 0 0 0
392999,2 292 0 21,8125 -84 0 0 0
392999,7 293 0,5072911 22,875 -83 0 0 0
392999,5 290 0 16,8125 -80 0 0 0
393999 60 0 21,1875 -78 0 0 0
393999 100 0 21,6875 -80 0 0 0
393998,7 289 0 20,3125 -81 0 0 0
405015,5 28 0,6976822 5,3125 -88 0 0 0
385998,9 296 0 7,25 -89 0 0 0
385999,2 46 0 9,5625 -89 0 0 0
385998,9 293 0 10,1875 -87 0 0 0
395999,6 295 0 19,3125 -81 0 0 0
395999,5 296 0 18,3125 -79 0 0 0
395999,7 295 0 17,25 -79 0 0 0
397000,3 108 0 10,1875 -89 0 0 0
389998,5 287 0,5033221 9,625 -86 0 0 0
389998,8 286 0 11 -86 0 0 0
389998,8 287 0 10,0625 -85 0 0 0
391999,3 287 0 27,25 -79 0 0 0
391999,2 287 0 18,5 -80 0 0 0
391999,3 279 0,5298829 17,8125 -80 0 0 0
407028 102,4976 0,6175477 16,625 -61 0,4975815 0 0
394999,4 287 0 37 -73 0 0 0
394999,4 286 0 37,125 -73 0 0 0
394999,4 286 0 38,5625 -73 0 0 0
390998,6 56 0 16,125 -85 0 0 0
390998,6 295 0 13 -84 0 0 0
390998,8 56 0 10,6875 -82 0 0 0
391999,6 287 0 13,75 -87 0 0 0
391998,8 290 0 16 -87 0 0 0
393998,9 59 0 10,5 -73 0 0 0
393999 100 0 10,25 -73 0 0 0
393999 58 0 1 -77 0 0 0
385999 293 0 8,3125 -86 0 0 0
385998,8 293 0 8,8125 -86 0 0 0
385999,1 294 0 8 -86 0 0 0
395999,6 126 0 14,1875 -77 0 0 0
395999,4 295 0 12,0625 -76 0 0 0
395999,4 295 0 12,1875 -76 0 0 0
392999,7 144 0 15,25 -88 0 0 0
393998,9 58 0 12,5 -74 0 0 0
393999,1 292 0 12,5625 -74 0 0 0
393999 101 0 14,8125 -75 0 0 0
385999,1 293 0 7,875 -86 0 0 0
385999 294 0 6,625 -86 0 0 0
385999,1 293 0 6,4375 -86 0 0 0
395999,5 295 0 10,25 -75 0 0 0
395999,5 294 0 10,1875 -75 0 0 0
395999,5 298 0,5693352 10,4375 -76 0 0 0
397999,6 290 0 23,875 -80 0 0 0
397999,6 61 0 23,625 -80 0 0 0
397999,6 291 0 23,75 -80 0 0 0
391999,3 285 0,5312542 36,1875 -84 0 0 0
391999,1 286 0 21,75 -83 0 0 0
391999,6 286 0 7,625 -86 0 0 0
392999,2 292 0 16,875 -81 0 0 0
392999,7 288 0 21,875 -84 0 0 0
392999,2 290,4977 0,5590663 20,375 -85 0,4976501 0 0
405015,4 31 0,6031938 4,6875 -87 0 0 0
385999,2 293 0 7,625 -86 0 0 0
385998,9 294 0 6,9375 -86 0 0 0
385998,9 293 0 6,9375 -86 0 0 0
395999,5 295 0 10,5 -75 0 0 0
395999,5 295 0 10,4375 -76 0 0 0
395999,5 295 0 10,125 -75 0 0 0
387998,8 61 0 8,75 -89 0 0 0
387998,8 55 0,6056161 8,625 -89 0 0 0
397999,6 55 0 23,625 -80 0 0 0
397999,6 290 0 23,625 -80 0 0 0
397999,6 290 0 23,3125 -80 0 0 0
390998,8 293 0 10,0625 -85 0 0 0
390998,8 293 0 1 -86 0 0 0
390999,4 55 0 10,9375 -87 0 0 0
393998,9 58 0 1 -77 0 0 0
393998,9 59 0 1 -77 0 0 0
393998,9 58 0 1 -77 0 0 0
391999,4 285 0 16,625 -80 0 0 0
391999,3 286 0 14,3125 -79 0 0 0
391999,4 285 0 16,5 -80 0 0 0
405015,2 29 0,7647498 4,4375 -87 1 0 0
393998,7 58 0 20,875 -87 0 0 0
393999 59 0 18,1875 -83 0 0 0
393999 58 0 22,25 -80 0 0 0
394999,4 286 0 36,625 -75 0 0 0
394999,3 286 0 15,25 -75 0 0 0
394999,4 287 0 17,875 -77 0 0 0
405000,3 93 0,8643084 15,8125 -92 0 0 0
386998,7 61 0 7,5625 -83 0 0 0
386998,7 58 0 7,5625 -83 0 0 0
386998,7 60 0 7,5625 -83 0 0 0
396999 284 0 1 -87 0 0 0
396999,1 326 0 1 -87 0 0 0
396999,1 288 0 1 -87 0 0 0
391001,6 294 0 1 -85 0 0 0
390998,8 293 0 1 -84 0 0 0
390998,9 293 0 1 -85 0 0 0
405015,2 33 0,740168 5,6875 -86 0 0 0
405015,4 32 0,7651041 5,375 -86 1 0 0
393998,9 59 0 1 -77 0 0 0
393998,8 100 0 1 -77 0 0 0
393999 100 0 10,1875 -74 0 0 0
387998,8 61 0 8,8125 -89 0 0 0
397999,6 153 0 23,25 -80 0 0 0
397999,5 154 0 16,5 -80 0 0 0
397999,6 154 0 23,375 -80 0 0 0
405015,2 31 0,7814909 5,6875 -86 0 0 0
390998,8 294 0 1 -84 0 0 0
390998,8 55 0 1 -84 0 0 0
390998,8 57 0 1 -84 0 0 0
405014,9 25 0,6175879 6,625 -87 0 0 0
385998,9 291 0 6,75 -86 0 0 0
385999 293 0 6,5 -86 0 0 0
385999,1 295 0 6,4375 -86 0 0 0
395999,6 295 0 10,375 -76 0 0 0
395999,3 295 0 10,3125 -75 0 0 0
395999,3 296 0 10,3125 -75 0 0 0
388999,1 289 0 8 -86 0 0 0
388998,8 293 0 5,9375 -86 0 0 0
388999,3 292 0 8,4375 -87 0 0 0
399000 162 0 8,75 -81 0 0 0
398999,7 109 0 9,25 -80 0 0 0
398999,9 331 0 10,5625 -81 0 0 0
397999,4 162 0 29,3125 -86 0 0 0
397999,8 55 0 7 -85 0 0 0
397999,5 289 0 38,375 -83 0 0 0
398998,9 339 0 10,875 -86 0 0 0
399000 332 0 13,75 -88 0 0 0
390998,8 56 0 1 -84 0 0 0
390998,8 55 0 1 -84 0 0 0
390998,8 293 0 1 -84 0 0 0
394999,5 286 0 33,3125 -74 0 0 0
394999,4 286 0 24,75 -73 0 0 0
394999,5 288 0 33,75 -74 0 0 0
397999,6 55 0 43 -81 0 0 0
397999,5 154 0 23,4375 -81 0 0 0
397999,6 156 0 40,3125 -82 0 0 0
391998,6 283 0,5251873 20,4375 -85 0 0 0
391999,6 286 0 15,75 -89 0 0 0
391999,3 288 0 29,3125 -86 0 0 0
392999,2 293 0 14,125 -80 0 0 0
392999,2 291 0 15,6875 -81 0 0 0
392998,7 289 0 17,3125 -83 0 0 0
405015,3 33 0,6777413 5,6875 -87 0 0 0
386998,7 289 0 7,75 -84 0 0 0
386998,3 60 0 7,375 -83 0 0 0
386998,7 58 0 7,75 -84 0 0 0
396999,1 162 0 1 -88 0 0 0
396999,2 162 0 1 -87 0 0 0
396999 162 0 1 -87 0 0 0
389999,1 285 0 12,1875 -88 0 0 0
390998,8 292 0 11,125 -85 0 0 0
390998,8 58 0 1 -87 0 0 0
390999,2 296 0 1 -89 0 0 0
392999,4 290 0 10,0625 -77 0 0 0
392999,2 290 0 9,375 -77 0 0 0
392999,3 290 0,5121198 10,625 -77 0 0 0
386998,5 59 0 7 -83 0 0 0
386998,7 290 0 7,5625 -83 0 0 0
386998,6 60 0 8,125 -83 0 0 0
396999,2 332 0 1 -88 0 0 0
396999 283 0 1 -87 0 0 0
396999,1 330 0 1 -87 0 0 0
390998,8 56 0 1 -84 0 0 0
390998,8 56 0 1 -84 0 0 0
390998,8 291 0 1 -84 0 0 0
405015,6 126 0 5,3125 -89 0 0 0
393998,9 58 0 18,375 -74 0 0 0
393999 58 0 12,5625 -74 0 0 0
393998,9 58 0 12,3125 -73 0 0 0
394998,9 162 0 17,8125 -88 0 0 0
405015,3 27 0,6373441 8,375 -87 0 0 0
386998,7 286 0 11,0625 -86 0 0 0
386998,3 289 0 22,875 -89 0 0 0
396999 162 0 11,5 -86 0 0 0
396999,5 162 0 22,875 -89 0 0 0
397999,8 55 0 13,25 -85 0 0 0
398000,1 37 0 14,8125 -85 0 0 0
397999,3 289 0 28,5 -87 0 0 0
405015 28 0,7943973 6,875 -89 0 0 0
389999,3 286 0 10,0625 -82 0 0 0
389998,9 285 0 9,4375 -84 0 0 0
389998,9 288 0 8,1875 -84 0 0 0
394999,4 287 0 37 -73 0 0 0
394999,5 162 0 36,625 -73 0 0 0
394999,4 287 0 37,125 -73 0 0 0
405014,3 22 0,90855 6,875 -89 0 0 0
387998,9 281 0 6,1875 -89 0 0 0
387998,8 162 0,5197749 6,0625 -89 0 0 0
397999,7 153 0 45,125 -80 0 0 0
397999,6 154 0 23,25 -80 0 0 0
397999,7 153 0 41,375 -81 0 0 0
405014,3 30 0,5906307 4,4375 -89 0 0 0
391999,3 286 0 14,125 -79 0 0 0
391999,3 286 0 16,9375 -80 0 0 0
391999,3 288 0 16,75 -80 0 0 0
385999 295 0 9,8125 -87 0 0 0
385998,7 293 0 7,625 -86 0 0 0
385998,9 293 0 6,9375 -86 0 0 0
395999,4 295 0 13,875 -77 0 0 0
395999,6 295 0 14,4375 -77 0 0 0
395999,6 297 0,5271915 12,875 -76 0 0 0
391999,2 288 0 18,125 -80 0 0 0
391999,3 287 0 23,8125 -81 0 0 0
391999,3 286 0 22,875 -82 0 0 0
393998,8 100 0 1 -76 0 0 0
393998,9 58 0 1 -77 0 0 0
393998,9 58 0 1 -77 0 0 0
405014,9 23 0,5980184 5,0625 -85 1 0 0
389998,8 286 0 7,75 -84 0 0 0
389998,9 286 0 7,9375 -83 0 0 0
389998,9 288 0 7,9375 -83 0 0 0
393999 291 0 19,5625 -82 0 0 0
393999 101 0 20,3125 -81 0 0 0
393999 58 0 20,625 -79 0 0 0
394999,3 287 0 15,125 -75 0 0 0
394999,5 289 0 16,5625 -77 0 0 0
394999,4 162 0 17,4375 -78 0 0 0
392999,2 290 0 12,75 -78 0 0 0
392999,2 60 0 12,0625 -77 0 0 0
392999,2 291 0 10,5625 -77 0 0 0
390998,8 57 0 1 -84 0 0 0
390998,9 56 0 1 -85 0 0 0
390998,8 294 0 1 -84 0 0 0
393998,9 58 0 1 -77 0 0 0
393998,9 59 0 1 -77 0 0 0
393998,9 100 0 1 -77 0 0 0
388999,1 291 0 8 -86 0 0 0
388998,9 295 0 8,5625 -86 0 0 0
388999,1 289 0,5330828 8,125 -88 0 0 0
398999,7 332 0 11,875 -82 0 0 0
398999,9 162 0 10,5625 -81 0 0 0
398999,9 332 0 10,5625 -81 0 0 0
393999 100 0 10,1875 -74 0 0 0
393999 101 0 11,375 -74 0 0 0
393999 58 0 11,375 -74 0 0 0
385999,2 294 0 10 -86 0 0 0
385999,1 294 0 8 -86 0 0 0
385999 294 0 8,125 -86 0 0 0
395999,4 295 0 12,0625 -76 0 0 0
395999,4 295 0 11,375 -76 0 0 0
395999,5 294 0,593549 11,375 -76 0 0 0
388999,1 292 0 9,25 -87 0 0 0
388999,2 103 0 8,75 -87 0 0 0
388999 292 0 7,3125 -87 0 0 0
398999,8 342 0 11 -81 0 0 0
