382000 292 0 1 -86 0 0 0
384000,8 293 0 12,125 -81 0 0 0
380000,1 297 0 50,8125 -78 0 0 0
383000,1 290 0 1 -82 0 0 0
381000,7 292 0 16 -77 0 0 0
383000,2 348 0 1 -83 0 0 0
380000,1 296 0 51,0625 -78 0 0 0
382000,2 295 0 11,1875 -77 0 0 0
381000,5 293 0 13,8125 -77 0 0 0
381000,6 292 0 16,4375 -77 0 0 0
381000,7 293 0 16 -77 0 0 0
383000,3 162 0 1 -83 0 0 0
381000,6 292 0 22,625 -77 0 0 0
384000,7 294 0 11,4375 -82 0 0 0
380000,1 296 0 51,1875 -78 0 0 0
383000,3 290 0 1 -83 0 0 0
382000,3 295 0 10,1875 -77 0 0 0
382000,2 294 0 9,125 -76 0 0 0
384000,6 295 0 10,25 -81 0 0 0
380000,1 298 0 51,1875 -78 0 0 0
380000,1 297 0 50,9375 -78 0 0 0
381999,9 18 0 1 -85 0 0 0
383000,2 294 0 1 -83 0 0 0
380000,1 296 0 50,8125 -78 0 0 0
381999,8 294 0 1 -86 0 0 0
381999,8 295 0 1 -85 0 0 0
381000,5 293 0 21,6875 -78 0 0 0
383000,2 290 0 1 -82 0 0 0
382000,2 294 0 9,3125 -77 0 0 0
384000,8 294 0 14,375 -82 0 0 0
380000,1 296 0 50,8125 -78 0 0 0
382000,3 294 0 10,1875 -77 0 0 0
381999,8 293 0 1 -85 0 0 0
381000,7 293 0 16 -77 0 0 0
383000,2 290 0 1 -83 0 0 0
381999,6 294 0 1 -84 0 0 0
381999,7 291 0 1 -85 0 0 0
384000,7 293 0 11,4375 -82 0 0 0
380000,1 296 0 50,9375 -78 0 0 0
383000,2 292 0 1 -82 0 0 0
383000,3 293 0 1 -83 0 0 0
383000,2 291 0 1 -83 0 0 0
380000,1 296 0 50,8125 -78 0 0 0
381999,8 294 0 1 -85 0 0 0
381000,7 292 0 16,1875 -77 0 0 0
384000,6 294 0 10,25 -81 0 0 0
384000,7 292 0 12,375 -81 0 0 0
380000 296 0 8,125 -81 0 0 0
380000 297 0 11,6875 -84 0 0 0
382000,2 294 0 9,3125 -77 0 0 0
383999,6 294 0 18,3125 -88 0 0 0
380000,1 297 0 50,9375 -78 0 0 0
383000,3 291 0 1 -83 0 0 0
380000 295 0 7,625 -84 0 0 0
381000,7 293 0 46,1875 -81 0 0 0
381000,6 293 0 14,4375 -76 0 0 0
384000,7 293 0 11,4375 -82 0 0 0
380000,1 296 0 50,9375 -78 0 0 0
382000,2 295 0 9,0625 -76 0 0 0
380000 297 0 8,875 -82 0 0 0
381000,7 294 0 15,4375 -83 0 0 0
383000,2 291 0 1 -83 0 0 0
382000,2 294 0 9,125 -76 0 0 0
384000,8 293 0 11,0625 -82 0 0 0
380000,2 296 0 28,3125 -77 0 0 0
381999,8 293 0 1 -85 0 0 0
381000,7 293 0 16,1875 -77 0 0 0
383000,2 291 0 1 -83 0 0 0
381000,7 293 0 16,1875 -77 0 0 0
384000,7 294 0 12,25 -81 0 0 0
384000,8 293 0 11,1875 -82 0 0 0
380000,1 296 0 50,9375 -78 0 0 0
382000,2 294 0 9,1875 -77 0 0 0
381000,7 292 0 15,875 -77 0 0 0
381000,7 293 0 16,1875 -77 0 0 0
383000,2 293 0 1 -83 0 0 0
383000,2 292 0 1 -83 0 0 0
380000 293 0 4,5625 -87 0 0 0
381999,9 18 0 1 -86 0 0 0
384000,8 293 0 16,5 -83 0 0 0
380000,1 297 0 51,1875 -78 0 0 0
383000,2 291 0 1 -82 0 0 0
381000,5 292 0 14,625 -85 0 0 0
382000,1 295 0 13,5 -79 0 0 0
382000,3 294 0 15 -80 0 0 0
380000,1 297 0 50,9375 -78 0 0 0
381999,6 295 0 1 -85 0 0 0
380000,2 297 0 28,5625 -77 0 0 0
383000,2 292 0 1 -83 0 0 0
381000,6 293 0 16,6875 -77 0 0 0
384000,6 293 0 8,8125 -81 0 0 0
380000 297 0 5,6875 -79 0 0 0
382000,2 294 0 9,0625 -76 0 0 0
380000,1 297 0 51,1875 -78 0 0 0
383000,2 162 0 1 -83 0 0 0
381000,7 293 0 16,1875 -77 0 0 0
383000,3 291 0 1 -83 0 0 0
381999,7 292 0 1 -84 0 0 0
384000,7 293 0 11,3125 -82 0 0 0
380000,1 296 0 50,875 -78 0 0 0
380000,1 295 0 51,1875 -78 0 0 0
383000,2 291 0 1 -82 0 0 0
383000,3 290 0 1 -83 0 0 0
384000,7 292 0 19,0625 -84 0 0 0
382000,1 294 0 9,6875 -76 0 0 0
382000,2 294 0 9,5 -77 0 0 0
384000,7 292 0 11,3125 -82 0 0 0
384000,6 294 0 10,4375 -81 0 0 0
380000,1 296 0 50,875 -78 0 0 0
383000,2 291 0 1 -83 0 0 0
381000,6 293 0 14,1875 -76 0 0 0
383000,2 290 0 1 -83 0 0 0
383000,2 290 0 1 -83 0 0 0
382000,2 293 0 11,5 -78 0 0 0
384000,7 292 0 11,4375 -82 0 0 0
380000,2 295 0 28,3125 -77 0 0 0
382000,2 294 0 9,375 -77 0 0 0
380000,1 297 0 51,25 -78 0 0 0
383000,2 288 0 1 -83 0 0 0
381000,5 293 0 13,8125 -76 0 0 0
381000,7 293 0 15,25 -77 0 0 0
383000,3 292 0 1 -83 0 0 0
383000,2 292 0 1 -83 0 0 0
381000,7 294 0 16,1875 -77 0 0 0
384000,7 292 0 11,3125 -82 0 0 0
382000,3 294 0 9,5625 -76 0 0 0
384000,7 292 0 19,0625 -84 0 0 0
384000,8 294 0 15 -82 0 0 0
380000,1 296 0 28,1875 -77 0 0 0
383000,2 289 0 1 -83 0 0 0
381000,7 293 0 15,0625 -77 0 0 0
381000,6 293 0 14,4375 -76 0 0 0
381000,6 293 0 16,4375 -77 0 0 0
384000,7 292 0 12,375 -81 0 0 0
380000,1 296 0 50,8125 -78 0 0 0
381999,7 292 0 1 -85 0 0 0
380000,1 296 0 50,8125 -78 0 0 0
380000,1 297 0 50,8125 -78 0 0 0
383000,3 290 0 1 -84 0 0 0
381000,7 293 0 16,1875 -77 0 0 0
383000,2 290 0 1 -83 0 0 0
383000,2 290 0 1 -83 0 0 0
381999,6 294 0 1 -85 0 0 0
384000,7 292 0 9,9375 -81 0 0 0
380000,1 296 0 51,1875 -78 0 0 0
380000,1 296 0 50,875 -78 0 0 0
382000 294 0 11,25 -78 0 0 0
382000,3 294 0 10,1875 -77 0 0 0
381000,6 293 0 15,4375 -77 0 0 0
383000,2 342 0 1 -82 0 0 0
381999,7 293 0 1 -85 0 0 0
382000,2 294 0 9,625 -77 0 0 0
384000,6 293 0 10,25 -81 0 0 0
380000,1 295 0 28,125 -77 0 0 0
382000,2 294 0 9,125 -76 0 0 0
380000 297 0 4,8125 -79 0 0 0
380000,1 296 0 51,6875 -78 0 0 0
383000,3 289 0 1 -83 0 0 0
381000,7 293 0 16,1875 -77 0 0 0
382999,8 291 0 12,6875 -87 0 0 0
384000,7 294 0 19,0625 -84 0 0 0
384000,7 291 0 17,6875 -85 0 0 0
381999,6 295 0 1 -85 0 0 0
384000,8 294 0 11,875 -81 0 0 0
380000,1 295 0 51,0625 -78 0 0 0
382000,3 294 0 12,375 -78 0 0 0
381000,7 294 0 16,1875 -77 0 0 0
381000,7 292 0 16 -77 0 0 0
383000,2 294 0 1 -83 0 0 0
382000,2 295 0 11,375 -77 0 0 0
384000,6 294 0 9,5 -82 0 0 0
384000,8 294 0 12 -81 0 0 0
380000,2 297 0 28,3125 -77 0 0 0
382000,2 294 0 15,625 -82 0 0 0
383000,4 292 0 12,1875 -86 0 0 0
381000,7 293 0 15,875 -77 0 0 0
383000,2 291 0 1 -82 0 0 0
382000,3 295 0 9,6875 -77 0 0 0
384000,6 293 0 10,25 -81 0 0 0
386998,6 291 0 6,5625 -84 0 0 0
389998,7 285 0 6,5625 -84 0 0 0
389999,1 288 0 6,8125 -84 0 0 0
391999,3 287 0 17,0625 -80 0 0 0
391999,4 288 0 16,625 -80 0 0 0
394999,4 286 0 24,75 -73 0 0 0
396999,1 337 0 1 -87 0 0 0
387998,8 55 0 7,1875 -88 0 0 0
390998,8 57 0 1 -84 0 0 0
392999,3 289 0 10 -77 0 0 0
395999,5 297 0 10,5 -76 0 0 0
397999,5 55 0 16,1875 -80 0 0 0
397999,6 155 0 23,75 -80 0 0 0
386998,5 291 0 7,125 -84 0 0 0
388999,1 294 0 6,4375 -86 0 0 0
391999,3 289 0 14 -79 0 0 0
393998,9 101 0 1 -77 0 0 0
396999,1 282 0 1 -87 0 0 0
396999,1 286 0 1 -87 0 0 0
398999,6 342 0 8 -81 0 0 0
405015,1 28 0,7195201 5,1875 -87 0 0 0
389998,7 288 0 6,5625 -84 0 0 0
392999,2 292 0 9,375 -77 0 0 0
392999,2 292 0 9,125 -78 0 0 0
394999,4 285 0 24,75 -73 0 0 0
397999,6 290 0 23,125 -80 0 0 0
389999,1 286 0 6,8125 -84 0 0 0
389999,1 288 0 7,625 -84 0 0 0
392999,2 289 0 9,5625 -77 0 0 0
394999,4 286 0 24,9375 -73 0 0 0
397999,6 55 0 23,625 -80 0 0 0
385999,1 294 0 6,75 -87 0 0 0
388999 290 0 7,3125 -87 0 0 0
390998,8 294 0 1 -84 0 0 0
395999,3 294 0,5940144 10,125 -75 0 0 0
398999,6 333 0 8 -81 0 0 0
386998,8 59 0 9 -83 0 0 0
388999,2 290 0,584399 8,875 -87 0 0 0
391999,4 286 0 26,4375 -79 0 0 0
393998,9 58 0 10,375 -73 0 0 0
396998,9 106 0 1 -85 0 0 0
398999,7 333 0 10,75 -81 0 0 0
398999,6 335 0,5414086 13 -80 0 0 0
385999 294 0 8,125 -86 0 0 0
390998,8 55 0 1 -83 0 0 0
392999,2 290 0 11,25 -77 0 0 0
395999,6 294 0 13,375 -75 0 0 0
395999,6 295 0 12,875 -75 0 0 0
397999,5 55 0 24,4375 -80 0 0 0
386998 288 0 1 -88 0 0 0
389999,1 288 0 11 -85 0 0 0
391999,3 287 0 18,75 -79 0 0 0
393999 104 0 25,4375 -86 0 0 0
393999,4 292 0 19,625 -81 0 0 0
394999,5 286 0 15,4375 -74 0 0 0
394999,4 287 0 18,8125 -77 0 0 0
396999 107 0 1 -86 0 0 0
387998,8 159 0 8,8125 -89 0 0 0
389998,9 286 0 8,1875 -84 0 0 0
394999,4 59 0 36,625 -73 0 0 0
397999,6 155 0 46 -80 0 0 0
385999,1 294 0 7,1875 -85 0 0 0
390998,8 294 0 1 -84 0 0 0
392999,2 292 0 12,125 -78 0 0 0
395999,3 295 0 9,5 -75 0 0 0
397999,7 290 0 42,3125 -81 0 0 0
386998,5 291 0 7 -83 0 0 0
388999,2 295 0 6,625 -87 0 0 0
391999,3 287 0 13,75 -79 0 0 0
393998,9 59 0 1 -77 0 0 0
396998,9 333 0 1 -86 0 0 0
396999 162 0 1 -87 0 0 0
398999,6 331 0 8 -81 0 0 0
386998,3 62 0 1 -89 0 0 0
386998,7 291 0 7,5625 -83 0 0 0
389998,7 285 0 7,25 -83 0 0 0
391999,3 286 0 17,0625 -80 0 0 0
394999,5 286 0 24,5625 -73 0 0 0
396999,1 106 0 1 -87 0 0 0
405014,7 30 0 6,125 -87 0 0 0
385998,9 55 0 6,9375 -86 0 0 0
385999,1 295 0 6,4375 -86 0 0 0
388999,2 289 0 6,75 -87 0 0 0
390998,9 296 0 1 -85 0 0 0
393998,9 101 0 1 -77 0 0 0
399000 335 0 9,9375 -81 0 0 0
386998,3 58 0 7,375 -83 0 0 0
388999,1 290 0 6,875 -87 0 0 0
388999,1 292 0 6,3125 -86 0 0 0
391999,3 285 0 16,75 -80 0 0 0
393999 100 0 10,1875 -74 0 0 0
396999 291 0 1 -86 0 0 0
398999,8 342 0 9,625 -81 0 0 0
407024,5 164 0 1 -86 0 0 0
389998,8 285 0 6,875 -84 0 0 0
392999,3 291 0 9,5625 -77 0 0 0
394999,5 287 0 35,625 -73 0 0 0
394999,4 289 0 24,9375 -73 0 0 0
397999,6 55 0 23,875 -80 0 0 0
385999,1 294 0 7 -87 0 0 0
385999,1 295 0 6,3125 -86 0 0 0
388999,1 299 0 6,5 -86 0 0 0
390998,8 294 0 1 -84 0 0 0
393998,9 58 0 1 -77 0 0 0
395999,5 296 0 10,0625 -75 0 0 0
398999,7 107 0 7,6875 -81 0 0 0
405015,3 24 0,7810974 6,3125 -86 0 0 0
389998,7 288 0 9,4375 -85 0 0 0
394999,4 286 0 36,625 -74 0 0 0
394999,6 286 0 64,875 -74 0 0 0
396999,1 282 0 1 -87 0 0 0
396999 341 0 1 -87 0 0 0
385999,1 61 0 6,4375 -86 0 0 0
385999,1 295 0 6,4375 -86 0 0 0
390998,8 46 0 1 -84 0 0 0
392999,2 292 0 9,6875 -77 0 0 0
395999,5 295 0 10,1875 -75 0 0 0
395999,5 295 0 10,0625 -75 0 0 0
397999,6 290 0 23,375 -80 0 0 0
389999,5 284 0,511443 10,6875 -88 0 0 0
391999,3 286 0 16,9375 -80 0 0 0
396999 341 0 1 -87 0 0 0
396999,1 162 0 1 -87 0 0 0
398998,9 106 0 10,6875 -86 0 0 0
399000 332 0,5552061 15,25 -84 0 0 0
389998,8 287 0 6,875 -84 0 0 0
392999,2 291 0 9,375 -77 0 0 0
392999,3 287 0,5334594 9,25 -77 0 0 0
394999,5 285 0 35,4375 -73 0 0 0
397999,6 154 0 23,3125 -80 0 0 0
405015,4 41 0,7880936 6,875 -88 0 0 0
386998,8 288 0 6,8125 -83 0 0 0
388999 289 0 5,8125 -87 0 0 0
388999,1 293 0 5,4375 -87 0 0 0
391999,3 287 0 14,125 -79 0 0 0
391999,3 288 0 13,875 -79 0 0 0
393998,9 59 0 1 -77 0 0 0
396999 107 0 1 -87 0 0 0
398999,7 333 0 8,5625 -81 0 0 0
386998,7 63 0 6,5 -83 0 0 0
386998,7 292 0 7,5625 -83 0 0 0
391999,4 288 0 16,625 -80 0 0 0
394999,4 286 0 24,9375 -73 0 0 0
396999,1 58 0 1 -87 0 0 0
387998,8 281 0 8,625 -89 0 0 0
389998,9 285 0 7,1875 -84 0 0 0
392999,2 292 0 9,5 -77 0 0 0
394999,4 289 0 24,75 -73 0 0 0
397999,6 290 0 23,5 -80 0 0 0
385999 294 0 5,625 -86 0 0 0
390998,7 55 0 1 -83 0 0 0
392998,6 149 0 1 -87 0 0 0
395999,3 296 0,50739 9,6875 -75 0 0 0
397999,6 290 0 23,625 -80 0 0 0
397999,6 290 0 23,625 -80 0 0 0
386998,6 291 0 7,25 -83 0 0 0
388999,2 291 0 6,6875 -87 0 0 0
391999,3 287 0 16,75 -80 0 0 0
393998,9 100 0 1 -77 0 0 0
396999,2 282 0 1 -89 0 0 0
398999,8 334 0 9,25 -81 0 0 0
386998,6 293 0 6,5625 -84 0 0 0
389998,8 287 0 6,875 -84 0 0 0
389998,6 288 0 7,4375 -84 0 0 0
391999,3 286 0 14,125 -79 0 0 0
391999,3 286 0 18,125 -79 0 0 0
394999,4 286 0 24,75 -73 0 0 0
394999,4 289 0 24,9375 -73 0 0 0
396999 162 0 1 -87 0 0 0
385998,9 294 0 6,9375 -86 0 0 0
388999,1 289 0,52397 5,625 -87 0 0 0
390998,9 57 0 1 -85 0 0 0
395999,5 294 0 10,1875 -75 0 0 0
398999,7 330 0 8,3125 -80 0 0 0
398999,8 107 0 8,25 -81 0 0 0
386998,6 289 0 6,5625 -84 0 0 0
386998,3 57 0 7,1875 -83 0 0 0
388999,1 290 0 7,9375 -88 0 0 0
391999,4 286 0 16,5 -80 0 0 0
396999,1 282 0 1 -87 0 0 0
405015,5 22 0,5380838 5,1875 -87 1 0 0
389998,8 274 0 6,8125 -83 0 0 0
392999,2 292 0 9,4375 -77 0 0 0
394999,5 286 0 33,9375 -74 0 0 0
397999,6 290 0 23,375 -80 0 0 0
405015,2 23 0,5139074 5,6875 -86 0 0 0
385999,1 293 0 7 -85 0 0 0
387998,8 283 0 8,625 -89 0 0 0
387998,8 342 0 8,75 -89 0 0 0
390998,8 58 0 1 -84 0 0 0
392999,2 292 0 9,5625 -77 0 0 0
395999,3 296 0 10,125 -75 0 0 0
397999,6 290 0 23,25 -80 0 0 0
386998,6 60 0 6,3125 -83 0 0 0
388999,1 296 0 5,625 -87 0 0 0
391999,3 287 0 16,75 -80 0 0 0
393998,9 59 0 1 -77 0 0 0
396999,1 340 0 1 -87 0 0 0
398999,7 332 0 8,5625 -81 0 0 0
405015,3 26 0 5,5 -86 0 0 0
405015,3 30 0,6836442 5,5 -86 0 0 0
387998,8 55 0 8,625 -89 0 0 0
389998,6 286 0,5102822 6,375 -84 0 0 0
392999,2 59 0 9,4375 -77 0 0 0
394999,4 58 0 24,9375 -73 0 0 0
388999,1 293 0 5,625 -87 0 0 0
390998,8 292 0 1 -86 0 0 0
391999,6 285 0 8,625 -87 0 0 0
393998,9 295 0 1 -77 0 0 0
393998,9 101 0 1 -77 0 0 0
395999,2 296 0 17,5625 -80 0 0 0
398999,8 333 0 8,25 -81 0 0 0
386998,9 289 0 7,0625 -83 0 0 0
389998,9 287 0 6,4375 -84 0 0 0
391999,4 288 0 16,25 -80 0 0 0
394999,5 286 0 35,625 -73 0 0 0
396999,1 341 0 1 -87 0 0 0
385998,8 295 0 7,125 -86 0 0 0
390998,9 55 0 1 -85 0 0 0
392999 292 0 9,4375 -77 0 0 0
392999,2 292 0 9,5625 -77 0 0 0
395999,5 296 0 10,375 -75 0 0 0
395999,4 295 0 10,875 -76 0 0 0
397999,5 154 0 16,125 -80 0 0 0
407076,2 306 0 32,125 -84 0 0 0
385999 296 0 7,3125 -85 0 0 0
385998,9 296 0 6,5625 -85 0 0 0
388999,1 290 0 5,6875 -87 0 0 0
390998,8 292 0 1 -84 0 0 0
395999,3 296 0 10,3125 -75 0 0 0
398999,7 332 0 7,6875 -81 0 0 0
407075,5 192 0 6,6875 -85 0 0 0
386998,4 58 0 7,5625 -83 0 0 0
388999,1 288 0,5109495 6,875 -87 0 0 0
391999,4 278 0 16,5 -80 0 0 0
393998,9 58 0 1 -77 0 0 0
396999,2 107 0 1 -88 0 0 0
398999,7 334 0 7,6875 -81 0 0 0
386998,7 292 0,5515738 8,875 -89 0 0 0
389998,9 287 0 7,1875 -84 0 0 0
389999,1 285 0,5084536 6,8125 -84 0 0 0
391999,3 289 0 22 -88 0 0 0
391999,4 162 0 35,625 -84 0 0 0
392999,2 292 0 15,4375 -81 0 0 0
392999,7 61 0 21,875 -84 0 0 0
394999,4 289 0 24,75 -73 0 0 0
397999,5 289 0 34,875 -84 0 0 0
385999 296 0 6,625 -86 0 0 0
387998,7 162 0 8,5625 -89 0 0 0
390998,8 293 0 1 -84 0 0 0
392999 288 0,5014796 9,6875 -77 0 0 0
395999,4 295 0 11,4375 -76 0 0 0
397999,6 154 0 23,3125 -80 0 0 0
386998,5 290 0 6,375 -84 0 0 0
388999,2 101 0 7,75 -86 0 0 0
388999,2 101 0 6,625 -87 0 0 0
391999,4 286 0 16,625 -80 0 0 0
391999,3 287 0 16,9375 -80 0 0 0
393998,9 100 0 1 -77 0 0 0
393998,8 290 0 1 -77 0 0 0
396999,1 338 0 1 -87 0 0 0
398999,9 332 0 9 -81 0 0 0
386998,5 59 0 8,5 -84 0 0 0
389998,9 286 0 7,1875 -84 0 0 0
391999,3 286 0 14,3125 -79 0 0 0
394999,4 286 0 24,9375 -73 0 0 0
396999 107 0 1 -86 0 0 0
389999,1 288 0 15,25 -89 0 0 0
390998,8 294 0 10,6875 -85 0 0 0
390998,3 56 0 24,9375 -87 0 0 0
392999,2 291 0,555211 9,5625 -77 0 0 0
392999 292 0 9,125 -78 0 0 0
394999,7 287 0 18,3125 -80 0 0 0
395999,2 295 0 19,6875 -81 0 0 0
397999,6 291 0 23,3125 -80 0 0 0
385998,9 295 0 6,75 -86 0 0 0
388999,3 295 0 8,3125 -87 0 0 0
390998,8 55 0 1 -84 0 0 0
393998,9 58 0 1 -77 0 0 0
395999,3 295 0 10,125 -75 0 0 0
398999,6 107 0 8 -81 0 0 0
386998,9 60 0 7,0625 -83 0 0 0
386998,6 292 0 6,5625 -84 0 0 0
389998,8 162 0 6,875 -84 0 0 0
389998,8 285 0 7,75 -84 0 0 0
391999,3 286 0 13,75 -79 0 0 0
394999,4 286 0 24,75 -73 0 0 0
385999,2 295 0 7,625 -86 0 0 0
390998,8 56 0 1 -84 0 0 0
392999,2 291 0 9,75 -77 0 0 0
395999,5 295 0 10,0625 -75 0 0 0
395999,5 296 0 10,25 -75 0 0 0
397999,6 291 0 23,5 -80 0 0 0
385999,2 292 0 7,625 -86 0 0 0
385999 294 0 6,5 -86 0 0 0
388999,2 289 0 6,625 -87 0 0 0
390998,9 293 0 1 -85 0 0 0
393998,9 59 0 1 -77 0 0 0
395999,5 295 0 9,875 -75 0 0 0
389998,7 286 0 5,3125 -84 0 0 0
389998,9 160 0 7,375 -84 0 0 0
391999,2 288 0 13,5 -79 0 0 0
391999,3 287 0 13,1875 -79 0 0 0
394999,4 287 0 23,75 -73 0 0 0
396999,2 281 0 1 -87 0 0 0
389998 160 0 1 -89 0 0 0
392999,2 291 0 12,25 -77 0 0 0
394999,4 287 0 37,625 -73 0 0 0
394999,4 162 0 37,125 -73 0 0 0
397999,5 290 0 24,1875 -80 0 0 0
405014,7 35 0 8,125 -86 0 0 0
388999,2 101 0 10,375 -86 0 0 0
390998,8 56 0 1 -84 0 0 0
393998,9 59 0 10,375 -73 0 0 0
395999,2 295 0 12 -75 0 0 0
398999,7 162 0 10,6875 -81 0 0 0
398999,7 331 0 10,75 -81 0 0 0
405015,2 33 0,8265448 6,9375 -87 0 0 0
405015,6 24 0,693382 9,8125 -87 0 0 0
386998,7 293 0 8,5 -83 0 0 0
388999 292 0 8,3125 -86 0 0 0
388999,1 286 0 8,125 -86 0 0 0
391999,4 286 0 26,4375 -79 0 0 0
391999,3 286 0 18,75 -79 0 0 0
393998,9 58 0 10,375 -73 0 0 0
396999 162 0 1 -86 0 0 0
398999,9 334 0 10,5625 -81 0 0 0
387998,8 71 0 8,75 -89 0 0 0
389998,9 162 0 7,0625 -83 0 0 0
392999,2 59 0 9,5625 -77 0 0 0
394999,4 288 0 24,75 -73 0 0 0
394999,5 286 0 35,625 -73 0 0 0
397999,6 291 0 23,375 -80 0 0 0
405000,4 262 0,7369199 15,1875 -93 0 0 0
405000,9 91 0,6929892 15,1875 -93 0 0,2713515 0
389998,8 287 0 7 -85 0 0 0
392999,2 292 0 9,6875 -77 0 0 0
394999,5 287 0 35,8125 -73 0 0 0
405015,4 32 0,6454501 5,375 -86 0 0 0
405014,9 26 0,8054239 4,3125 -87 1 0 0
385999,1 292 0 6,1875 -86 0 0 0
390998,9 45 0 1 -85 0 0 0
392999,2 290 0 15,6875 -81 0 0 0
393998,7 290 0 23,375 -81 0 0 0
395999,6 296 0 10,375 -76 0 0 0
397999,8 56 0 14,0625 -86 0 0 0
397999,8 347 0 6,625 -84 0 0 0
398999,3 334 0 14,25 -87 0 0 0
388999,1 292 0 7 -87 0 0 0
388999,1 291 0 6,3125 -86 0 0 0
391999,3 287 0 16,75 -80 0 0 0
391999,3 286 0 14,125 -79 0 0 0
393998,9 59 0 1 -77 0 0 0
393998,9 59 0 1 -77 0 0 0
396999,1 342 0 1 -87 0 0 0
399000 330 0 8,5 -81 0 0 0
407076,3 306 0 3,0625 -85 0 0 0
389998,8 288 0 6,1875 -84 0 0 0
391999,3 286 0 14 -79 0 0 0
394999,4 286 0 24,9375 -73 0 0 0
396999 106 0 1 -86 0 0 0
405000,4 130 0,845231 15,0625 -93 0 0 0
407023,8 68 0,5032903 0,5 -88 0 0 0
407074,5 193 0 9 -83 0 0 0
389998,8 288 0 7,75 -84 0 0 0
394999,5 287 0 36,0625 -73 0 0 0
394999,4 286 0 24,9375 -73 0 0 0
397999,6 55 0 23,375 -80 0 0 0
397999,6 154 0 23,375 -80 0 0 0
405014,7 27 0,6791621 5,0625 -89 0 0 0
385999 293 0 6,5 -86 0 0 0
385999,1 295 0 6,4375 -86 0 0 0
390998,8 293 0 1 -84 0 0 0
395999,5 296 0 10,0625 -75 0 0 0
397999,5 55 0 23,4375 -81 0 0 0
386998,7 291 0 6,5 -83 0 0 0
388999,1 295 0 7,125 -87 0 0 0
393998,9 59 0 1 -77 0 0 0
393998,9 295 0 1 -77 0 0 0
396999,2 162 0 1 -88 0 0 0
396999 106 0 1 -87 0 0 0
398999,4 331 0 9,375 -81 0 0 0
386998,6 292 0 7,4375 -84 0 0 0
389998,9 288 0 7,0625 -83 0 0 0
391999,4 287 0 24,0625 -80 0 0 0
394999,4 287 0 24,75 -73 0 0 0
396999 285 0 1 -87 0 0 0
385999,2 295 0 11,4375 -88 0 0 0
390998,8 55 0 1 -84 0 0 0
390998,9 295 0 1 -86 0 0 0
392999 289 0 9,5 -77 0 0 0
392999,2 292 0 9,5 -77 0 0 0
394999,7 341 0 16,25 -87 0 0 0
395999,5 294 0 15 -78 0 0 0
397999,6 290 0 23,5 -80 0 0 0
407023,9 45 0,5924941 9,25 -87 0 0 0
385998,9 293 0 6,75 -86 0 0 0
388999,1 294 0,5651368 6,25 -86 0 0 0
390998,8 56 0 1 -84 0 0 0
393998,8 100 0 1 -77 0 0 0
395999,5 295 0 10,5 -76 0 0 0
398999,8 332 0 9,25 -81 0 0 0
398999,7 335 0 7,6875 -81 0 0 0
407023,7 288 0 10,1875 -87 0 0 0
407027,5 55 0,6225761 16,4375 -89 0 0 0
386998,6 289 0 6,5625 -84 0 0 0
386998,4 292 0 7,5625 -83 0 0 0
389998,8 288 0 6,875 -84 0 0 0
389998,6 289 0 6,375 -84 0 0 0
391999,3 287 0 14 -79 0 0 0
394999,5 287 0 33,5625 -74 0 0 0
396999 162 0 1 -87 0 0 0
389998,9 287 0 7,1875 -84 0 0 0
392999,3 291 0 9,4375 -77 0 0 0
394999,4 286 0 24,75 -73 0 0 0
394999,5 162 0 35,8125 -73 0 0 0
397999,5 55 0 16,375 -80 0 0 0
397999,6 154 0 23,875 -80 0 0 0
407027,7 160 0 10,8125 -88 0 0 0
385999 295 0 6,5 -86 0 0 0
388999,1 296 0,5099147 8,125 -88 0 0 0
390998,9 292 0 1 -85 0 0 0
393999 58 0 11,375 -74 0 0 0
395999,4 295 0 10,8125 -76 0 0 0
398999,5 334 0 11,3125 -83 0 0 0
386998,4 293 0 6,75 -83 0 0 0
391999,3 288 0 14,125 -79 0 0 0
394999,5 289 0 33,9375 -74 0 0 0
394999,5 286 0 24,5625 -73 0 0 0
396999,1 178 0 1 -87 0 0 0
407024,1 160 0 17,8125 -89 0 0 0
389998,8 289 0 7,75 -84 0 0 0
392999,2 290 0 9,5 -77 0 0 0
394999,4 162 0 24,9375 -73 0 0 0
397999,5 290 0 16,5 -80 0 0 0
405014,7 127 0 4,375 -89 0 0 0
385999 297 0 6,5 -86 0 0 0
390998,9 55 0 1 -85 0 0 0
390998,8 295 0 1 -84 0 0 0
392999,2 288 0,51493 9,5625 -77 0 0 0
395999,5 295 0 10,125 -75 0 0 0
397999,6 55 0 23,5 -80 0 0 0
405015,4 31 0,5938001 6,125 -86 1 0 0
385999 295 0 6,5 -86 0 0 0
388999,3 291 0 8,3125 -87 0 0 0
390998,8 57 0 1 -84 0 0 0
393998,9 100 0 1 -77 0 0 0
395999,3 295 0 10,1875 -75 0 0 0
398999,9 333 0 9 -81 0 0 0
398999,8 330 0 8,25 -81 0 0 0
386998,4 291 0 6,875 -84 0 0 0
394999,4 162 0 24,9375 -73 0 0 0
396999 341 0 1 -87 0 0 0
389998,6 286 0 6,375 -84 0 0 0
392999 291 0 9,5 -77 0 0 0
394999,5 162 0 35,4375 -73 0 0 0
397999,6 55 0 23,375 -80 0 0 0
385999 292 0 6,5 -86 0 0 0
388999,3 292 0 8,375 -87 0 0 0
390998,8 295 0 1 -84 0 0 0
393998,9 290 0 1 -77 0 0 0
393998,9 59 0 1 -77 0 0 0
395999,3 297 0 9,875 -76 0 0 0
398999,8 162 0 9,25 -81 0 0 0
386998,8 60 0 6,8125 -83 0 0 0
388999,2 292 0,5339179 6,5 -87 0 0 0
391999,4 286 0 16,5 -80 0 0 0
393998,8 100 0 1 -77 0 0 0
396999,1 331 0 1 -87 0 0 0
398999,8 108 0 8,25 -81 0 0 0
398999,6 105 0 8 -81 0 0 0
389998,5 287 0 7,125 -84 0 0 0
392999,2 59 0 10,25 -77 0 0 0
394999,5 286 0 24,5625 -73 0 0 0
397999,6 290 0 23,625 -80 0 0 0
407023,7 161 0 10,1875 -87 0 0 0
386998 293 0 1 -89 0 0 0
386999 293 0 9,75 -86 0 0 0
391999,3 287 0 22,375 -82 0 0 0
393998,9 100 0 1 -77 0 0 0
395999,2 293 0 18,3125 -86 0 0 0
396998,8 337 0 1 -87 0 0 0
398999,6 331 0 8 -81 0 0 0
405015,2 26 0,6958526 5,6875 -86 1 0 0
386998,5 292 0 7 -83 0 0 0
389998,9 286 0 6,4375 -84 0 0 0
389999 289 0 6,4375 -83 0 0 0
391999,3 286 0 16,75 -80 0 0 0
394999,5 286 0 35,4375 -73 0 0 0
396999,2 341 0 1 -87 0 0 0
405015,3 31 0,7656082 5,5 -87 0 0 0
