383000,2 292 0 1 -83 0 0 0
382000,2 295 0 9,5 -77 0 0 0
383000,2 290 0 1 -83 0 0 0
384000,6 293 0 10,4375 -81 0 0 0
381000,7 293 0 16 -77 0 0 0
383000,3 291 0 1 -84 0 0 0
382000,3 294 0 9,625 -77 0 0 0
384000,8 294 0 12,125 -81 0 0 0
380000,2 297 0 28,3125 -77 0 0 0
383000,2 289 0 1 -83 0 0 0
382000,3 295 0 9,5625 -76 0 0 0
384000,7 294 0 10,125 -81 0 0 0
380000,2 296 0 28,3125 -77 0 0 0
382000,2 294 0 9,0625 -76 0 0 0
383000,3 289 0 1 -83 0 0 0
380000,2 296 0 28,3125 -77 0 0 0
381000,6 293 0 14,4375 -76 0 0 0
383000,3 289 0 1 -83 0 0 0
384000,8 291 0 12,125 -81 0 0 0
384000,8 292 0 10,875 -82 0 0 0
381000,7 293 0 16 -77 0 0 0
382000,2 295 0 9,625 -77 0 0 0
384000,6 293 0 10,25 -81 0 0 0
380000,1 295 0 50,875 -78 0 0 0
381999,9 294 0 1 -85 0 0 0
383000,2 293 0 1 -83 0 0 0
380000,2 296 0 28,5625 -77 0 0 0
383000,3 292 0 1 -83 0 0 0
384000,7 291 0 10,125 -81 0 0 0
380000,1 295 0 50,8125 -78 0 0 0
381000,6 292 0 16,4375 -77 0 0 0
383000,3 291 0 1 -83 0 0 0
384000,8 293 0 11,1875 -82 0 0 0
381000,7 293 0 16 -77 0 0 0
382000,2 295 0 9,375 -77 0 0 0
380000,1 296 0 28 -77 0 0 0
382000,2 294 0 9,3125 -77 0 0 0
383000,3 290 0 1 -84 0 0 0
380000,1 296 0 51,1875 -78 0 0 0
381000,7 293 0 16,1875 -77 0 0 0
383000,2 291 0 1 -83 0 0 0
384000,7 293 0 12,25 -81 0 0 0
381000,7 293 0 15,875 -77 0 0 0
382000,2 294 0 9,1875 -77 0 0 0
383000,3 290 0 1 -83 0 0 0
384000,6 293 0 10,25 -81 0 0 0
381000,7 292 0 16 -77 0 0 0
384000,6 291 0 10,5625 -81 0 0 0
381999,8 291 0 1 -86 0 0 0
383000,2 292 0 1 -82 0 0 0
383000,2 290 0 1 -82 0 0 0
381000,7 293 0 16 -77 0 0 0
381999,8 295 0 1 -85 0 0 0
384000,7 292 0 12,25 -81 0 0 0
382000,2 294 0 9,125 -77 0 0 0
383000,2 290 0 1 -83 0 0 0
384000,7 292 0 10 -81 0 0 0
381000,6 293 0 14,1875 -76 0 0 0
381999,7 294 0 1 -85 0 0 0
384000,8 293 0 11,1875 -82 0 0 0
381000,7 293 0 16,1875 -77 0 0 0
382000,2 295 0 9,5 -77 0 0 0
381000,7 293 0 15,6875 -77 0 0 0
382000,2 295 0 9,1875 -77 0 0 0
384000,7 293 0 11,4375 -82 0 0 0
380000,1 297 0 51,0625 -78 0 0 0
381999,7 293 0 1 -85 0 0 0
383000,2 289 0 1 -83 0 0 0
380000,1 296 0 51,375 -78 0 0 0
381000,7 293 0 16,1875 -77 0 0 0
383000,2 289 0 1 -82 0 0 0
384000,8 292 0 12,125 -81 0 0 0
382000,2 294 0 9,0625 -76 0 0 0
384000,7 294 0 15,5625 -82 0 0 0
384000,8 292 0 11,1875 -82 0 0 0
380000,1 296 0 50,875 -78 0 0 0
382000,2 294 0 9,3125 -77 0 0 0
380000,1 296 0 51,1875 -78 0 0 0
381000,7 293 0 16 -77 0 0 0
380000,4 295 0 41,9375 -83 0 0 0
381000,3 291 0 24,4375 -82 0 0 0
382000,3 294 0 9,375 -77 0 0 0
383000,1 342 0 12 -86 0 0 0
384000,5 291 0,512124 14,9375 -87 0 0 0
382000,3 294 0 9,625 -77 0 0 0
384000,6 294 0 14,5625 -83 0 0 0
380000,1 296 0 50,9375 -78 0 0 0
382000,3 296 0 9,5 -76 0 0 0
383000,3 288 0 1 -83 0 0 0
380000,1 295 0 51,1875 -78 0 0 0
384000,8 293 0 12,125 -81 0 0 0
380000,1 296 0 50,875 -78 0 0 0
381000,7 292 0 16,1875 -77 0 0 0
383000,2 292 0 1 -83 0 0 0
381000,6 293 0 16,4375 -77 0 0 0
382000,2 294 0 9,1875 -77 0 0 0
380000,1 296 0 51,1875 -78 0 0 0
382000,3 295 0 9,125 -77 0 0 0
380000,1 297 0 51,1875 -78 0 0 0
381999,7 296 0 1 -85 0 0 0
383000,2 289 0 1 -82 0 0 0
384000,7 294 0 12,25 -81 0 0 0
380000,1 295 0 51,375 -78 0 0 0
382000,3 294 0 9,9375 -77 0 0 0
383000,3 289 0 1 -83 0 0 0
380000,1 296 0 50,875 -78 0 0 0
381000,7 292 0 16 -77 0 0 0
383000,3 291 0 1 -83 0 0 0
384000,7 293 0 11,4375 -82 0 0 0
380000,1 296 0 51,0625 -78 0 0 0
381000,6 292 0 13,125 -77 0 0 0
382000,6 295 0 23,75 -83 0 0 0
382999,8 292 0 12,4375 -86 0 0 0
384000,7 294 0 11,75 -82 0 0 0
380000,1 295 0 51,0625 -78 0 0 0
382000,2 294 0 9,3125 -77 0 0 0
383000,2 290 0 1 -83 0 0 0
380000,1 297 0 28,1875 -77 0 0 0
381000,7 293 0 16,1875 -77 0 0 0
383000,2 290 0 1 -83 0 0 0
381000,6 292 0 14,1875 -76 0 0 0
382000,4 294 0 10,5 -76 0 0 0
382000,3 294 0 9,125 -77 0 0 0
384000,7 294 0 12,25 -81 0 0 0
380000,2 295 0 50,375 -79 0 0 0
381000,3 293 0 22,875 -89 0 0 0
380000,1 296 0 51,0625 -78 0 0 0
381000,7 293 0 16,1875 -77 0 0 0
380000,1 296 0 27,9375 -77 0 0 0
382000,2 294 0 9,375 -77 0 0 0
383000,2 346 0 1 -82 0 0 0
380000,1 297 0 51,1875 -78 0 0 0
381000,6 292 0 13,125 -77 0 0 0
383000,2 290 0 1 -82 0 0 0
384000,7 291 0 12,75 -81 0 0 0
381000,7 293 0 15,6875 -77 0 0 0
381999,9 294 0 1 -86 0 0 0
384000,8 292 0 11,875 -81 0 0 0
382000,2 294 0 9,125 -77 0 0 0
383000,2 292 0 1 -83 0 0 0
380000,1 297 0 50,9375 -78 0 0 0
381000,7 294 0 16,1875 -77 0 0 0
383000,2 342 0 1 -83 0 0 0
384000,8 293 0 11,0625 -82 0 0 0
383000,2 290 0 1 -83 0 0 0
384000,7 294 0 12,25 -81 0 0 0
382000,2 294 0 9,375 -77 0 0 0
383000,2 292 0 1 -83 0 0 0
383000,3 290 0 1 -83 0 0 0
384000,7 293 0 12,25 -81 0 0 0
381000,6 294 0 13,4375 -77 0 0 0
382000,2 294 0 9 -77 0 0 0
384000,7 293 0 12,375 -81 0 0 0
380000,1 296 0 50,9375 -78 0 0 0
382000,3 294 0 9,125 -77 0 0 0
380000,1 296 0 51,0625 -78 0 0 0
383000,2 292 0 1 -83 0 0 0
384000,8 294 0 12,125 -81 0 0 0
381999,8 295 0 1 -85 0 0 0
384000,7 294 0 12,25 -81 0 0 0
382000,3 294 0 9,875 -77 0 0 0
383000,3 290 0 1 -83 0 0 0
380000,1 295 0 28,125 -77 0 0 0
383000,3 342 0 1 -83 0 0 0
384000,8 294 0 12,125 -81 0 0 0
381000,6 292 0 13,625 -77 0 0 0
381999,8 295 0 1 -85 0 0 0
384000,8 294 0 12 -81 0 0 0
382000,2 293 0 9,125 -77 0 0 0
383000,3 290 0 1 -83 0 0 0
381000,6 293 0 13,4375 -77 0 0 0
383000,3 292 0 1 -83 0 0 0
384000,6 293 0 10,25 -81 0 0 0
382000,2 294 0 15,625 -82 0 0 0
383000,4 346 0 11,5 -86 0 0 0
384000,8 293 0 11,0625 -82 0 0 0
384000,7 294 0 11,3125 -82 0 0 0
380000,1 295 0 51,1875 -78 0 0 0
380000,2 296 0 28,4375 -77 0 0 0
381000,7 293 0 16 -77 0 0 0
383000,2 290 0 1 -83 0 0 0
381000,7 293 0 16,1875 -77 0 0 0
384000,6 293 0 10,4375 -81 0 0 0
382000,2 294 0 9,3125 -77 0 0 0
383000,3 289 0 1 -83 0 0 0
380000,1 296 0 50,9375 -78 0 0 0
381000,7 293 0 16,1875 -77 0 0 0
383000,3 342 0 1 -83 0 0 0
384000,8 293 0 14,375 -82 0 0 0
380000,1 296 0 50,9375 -78 0 0 0
381000,7 292 0 15,875 -77 0 0 0
383000,2 293 0 1 -82 0 0 0
384000,7 293 0 11,3125 -82 0 0 0
381000,7 292 0 16,1875 -77 0 0 0
384000,7 293 0 12,375 -81 0 0 0
380000,1 295 0 28,125 -77 0 0 0
381999,8 294 0 1 -85 0 0 0
383000,2 281 0 1 -83 0 0 0
380000,1 297 0 52,3125 -78 0 0 0
383000,2 290 0 1 -83 0 0 0
384000,6 294 0 10,25 -81 0 0 0
381999,8 296 0 1 -85 0 0 0
384000,7 292 0 10,9375 -80 0 0 0
384000,7 293 0 10,125 -81 0 0 0
380000,1 295 0 28 -77 0 0 0
382000,4 295 0 9,3125 -76 0 0 0
383000,3 294 0 1 -83 0 0 0
381000,7 293 0 15,6875 -77 0 0 0
383000,3 291 0 1 -83 0 0 0
384000,8 293 0 12,125 -81 0 0 0
380000,4 297 0 38,125 -84 0 0 0
381000,7 292 0 17,1875 -76 0 0 0
382000,3 295 0 15 -80 0 0 0
383000,8 149 0 22,875 -89 0 0 0
384000,7 293 0 12,25 -81 0 0 0
380000,4 297 0 34,3125 -85 0 0 0
381000,6 292 0 27,0625 -80 0 0 0
381999,9 294 0 1 -86 0 0 0
383000,1 290 0 12,1875 -88 0 0 0
384000,6 291 0 18,3125 -85 0 0 0
380000,1 295 0 51,375 -78 0 0 0
381000,7 293 0 15,875 -77 0 0 0
384000,8 292 0 11 -82 0 0 0
381000,7 293 0 15,875 -77 0 0 0
382000,2 295 0 9,25 -76 0 0 0
383000,2 294 0 1 -83 0 0 0
384000,8 293 0 14,375 -82 0 0 0
380000,2 296 0 28,4375 -77 0 0 0
380000,1 296 0 51,1875 -78 0 0 0
382000,2 294 0 9,375 -77 0 0 0
380000,1 296 0 28,1875 -77 0 0 0
381000,7 293 0 16,1875 -77 0 0 0
383000,3 293 0 1 -83 0 0 0
384000,8 293 0 12,125 -81 0 0 0
381000,7 293 0 15,6875 -77 0 0 0
383000,2 292 0 1 -82 0 0 0
384000,8 293 0 12,125 -81 0 0 0
381000,7 293 0 16 -77 0 0 0
382000 294 0 1 -85 0 0 0
384000,7 293 0 12,25 -81 0 0 0
380000,1 295 0 51,1875 -78 0 0 0
382000,3 294 0 9,1875 -77 0 0 0
383000,3 292 0 1 -83 0 0 0
380000,2 295 0 28,3125 -77 0 0 0
381000,7 293 0 16,1875 -77 0 0 0
383000,2 292 0 1 -82 0 0 0
384000,6 295 0 10,5625 -81 0 0 0
381000,6 293 0 16,4375 -77 0 0 0
382000,2 294 0 9,375 -77 0 0 0
384000,7 293 0 11,3125 -82 0 0 0
380000,1 297 0 51,0625 -78 0 0 0
381000,7 293 0 16,1875 -77 0 0 0
383000,3 291 0 1 -83 0 0 0
382000,2 295 0 9,1875 -77 0 0 0
384000,7 294 0 12,25 -81 0 0 0
380000,2 296 0 28,3125 -77 0 0 0
382000,2 293 0 9,375 -77 0 0 0
383000,3 289 0 1 -84 0 0 0
380000,1 297 0 51,0625 -78 0 0 0
381000,6 293 0 13,25 -77 0 0 0
383000,2 289 0 1 -82 0 0 0
381000,7 293 0 16,1875 -77 0 0 0
382000,3 294 0 10 -76 0 0 0
381000,6 293 0 16,6875 -77 0 0 0
381999,7 292 0 1 -85 0 0 0
384000,7 294 0 15,25 -82 0 0 0
380000,1 294 0 51,0625 -78 0 0 0
381000,7 292 0 15,6875 -77 0 0 0
383000,2 292 0 1 -83 0 0 0
384000,8 294 0 14,25 -82 0 0 0
380000,1 296 0 51,1875 -78 0 0 0
381000,6 292 0 13,25 -77 0 0 0
383000,2 150 0 1 -83 0 0 0
384000,8 294 0 12,125 -81 0 0 0
381000,7 293 0 15,875 -77 0 0 0
384000,8 294 0 11,0625 -82 0 0 0
382000,2 294 0 9,625 -77 0 0 0
383000,1 347 0 4,9375 -85 0 0 0
384000,5 294 0 14,9375 -87 0 0 0
384000,7 294 0 19,625 -84 0 0 0
381000,7 292 0 15,875 -77 0 0 0
382000,3 295 0 9,5625 -76 0 0 0
382000,1 294 0 10,25 -77 0 0 0
381000,6 293 0 16,4375 -77 0 0 0
383000,2 289 0 1 -83 0 0 0
380000,1 296 0 52,5625 -78 0 0 0
381000,7 293 0 16,1875 -77 0 0 0
383000,1 291 0 3,9375 -83 0 0 0
384000,7 293 0 11,3125 -82 0 0 0
381000,7 293 0 16 -77 0 0 0
381999,7 295 0 1 -85 0 0 0
384000,7 291 0 10 -81 0 0 0
380000,1 297 0 51,0625 -78 0 0 0
382000,2 294 0 9,1875 -77 0 0 0
381000,7 294 0 15,875 -77 0 0 0
384000,8 293 0 12 -81 0 0 0
383000,3 290 0 1 -84 0 0 0
380000,1 296 0 27,875 -77 0 0 0
380000 296 0 6,625 -79 0 0 0
380999,5 293 0 19,8125 -89 0 0 0
380000,2 296 0 28,3125 -77 0 0 0
382000,3 293 0 9,5625 -76 0 0 0
383000,3 292 0 1 -83 0 0 0
380000,2 297 0 28,3125 -77 0 0 0
381000,7 293 0 15,5625 -77 0 0 0
383000,2 290 0 1 -83 0 0 0
384000,7 294 0 10,125 -81 0 0 0
381000,7 293 0 15,6875 -77 0 0 0
382000,3 294 0 9,875 -77 0 0 0
380000,2 296 0 28,4375 -77 0 0 0
383000,2 290 0 1 -83 0 0 0
380000,1 296 0 51,0625 -78 0 0 0
381000,7 293 0 15,6875 -77 0 0 0
383000,2 294 0 1 -83 0 0 0
384000,8 294 0 11,875 -81 0 0 0
381000,7 293 0 15,875 -77 0 0 0
382000,2 294 0 9,25 -76 0 0 0
384000,8 294 0 11,0625 -82 0 0 0
382000,3 295 0 9,1875 -77 0 0 0
383000,3 290 0 1 -83 0 0 0
381000,7 293 0 16 -77 0 0 0
383000,2 290 0 1 -83 0 0 0
384000,7 293 0 11,3125 -82 0 0 0
380000 297 0 6,875 -87 0 0 0
382000,1 295 0 13,25 -79 0 0 0
384000,8 293 0 11,875 -81 0 0 0
380000,1 295 0 28,125 -77 0 0 0
382000,3 295 0 9,5 -77 0 0 0
383000,2 291 0 1 -83 0 0 0
380000,2 296 0 28,4375 -77 0 0 0
383000,2 292 0 1 -83 0 0 0
384000,8 292 0 18,625 -84 0 0 0
380000,1 296 0 27,9375 -77 0 0 0
382000,3 294 0 10,1875 -77 0 0 0
383000,3 236 0 1 -83 0 0 0
380000,1 297 0 50,875 -78 0 0 0
381000,7 292 0 16,1875 -77 0 0 0
383000,2 294 0 1 -83 0 0 0
384000,7 292 0 10 -81 0 0 0
380000,1 296 0 51,1875 -78 0 0 0
381000,7 293 0 16 -77 0 0 0
383000,3 292 0 1 -84 0 0 0
384000,6 293 0 10,25 -81 0 0 0
381000,7 293 0 15,6875 -77 0 0 0
384000,6 293 0 10,25 -81 0 0 0
383000,2 291 0 1 -83 0 0 0
380000,1 296 0 51,1875 -78 0 0 0
381000,4 292 0 20,1875 -79 0 0 0
382001,3 295 0 27,4375 -88 0 0 0
383000,3 290 0 1 -83 0 0 0
384000,8 294 0 18,625 -84 0 0 0
381000,6 292 0 13,625 -77 0 0 0
382000,3 294 0 9,6875 -77 0 0 0
384000,8 293 0 14,5 -82 0 0 0
380000,2 296 0 28,5625 -77 0 0 0
381999,8 293 0 1 -85 0 0 0
383000,3 291 0 1 -83 0 0 0
380000,2 297 0 28,3125 -77 0 0 0
381001 19 0 14,25 -85 0 0 0
381999,9 295 0 14,375 -81 0 0 0
383000,3 291 0 1 -83 0 0 0
384001,1 295 0 5,3125 -89 0 0 0
380000,1 295 0 28 -77 0 0 0
383000,2 292 0 1 -83 0 0 0
384000,6 294 0 10,25 -81 0 0 0
381000,7 292 0 16,1875 -77 0 0 0
382000,2 294 0 9,3125 -77 0 0 0
384000,7 293 0 11,3125 -82 0 0 0
380000,1 296 0 51,0625 -78 0 0 0
382000,2 295 0 9,375 -77 0 0 0
383000,1 342 0 1 -82 0 0 0
380000,1 297 0 52,0625 -78 0 0 0
381000,7 292 0 16 -77 0 0 0
383000,3 291 0 1 -83 0 0 0
384000,8 293 0 11,75 -81 0 0 0
380000 296 0 6,875 -80 0 0 0
381001 292 0 6,75 -87 0 0 0
383000,2 292 0 1 -84 0 0 0
381000,7 293 0 16 -77 0 0 0
383000,2 291 0 1 -83 0 0 0
384000,7 293 0 11,4375 -82 0 0 0
384000,7 293 0 12,375 -81 0 0 0
380000,1 296 0 51,1875 -78 0 0 0
381000,6 293 0 16,6875 -77 0 0 0
381000,6 293 0 16,4375 -77 0 0 0
384000,7 293 0 12,5625 -81 0 0 0
380000,1 296 0 51,375 -78 0 0 0
382000,2 294 0 9 -76 0 0 0
383000,2 291 0 1 -83 0 0 0
380000,1 297 0 51,375 -78 0 0 0
381999,7 294 0 1 -85 0 0 0
383000,2 289 0 1 -82 0 0 0
380000 297 0 12,1875 -87 0 0 0
381000,7 294 0 15,875 -77 0 0 0
384000,6 292 0 10,25 -81 0 0 0
384000,8 294 0 12 -81 0 0 0
380000,1 296 0 51,1875 -78 0 0 0
381000,7 293 0 16,1875 -77 0 0 0
380000,1 297 0 50,9375 -78 0 0 0
382000,2 294 0 9,3125 -77 0 0 0
380000,1 296 0 28,1875 -77 0 0 0
382000,3 294 0 13,0625 -78 0 0 0
383000,3 291 0 1 -84 0 0 0
381000,7 293 0 15,6875 -77 0 0 0
383000,2 292 0 1 -82 0 0 0
381000,7 293 0 16 -77 0 0 0
382000,3 295 0 9,125 -76 0 0 0
384000,7 294 0 11,3125 -82 0 0 0
380000,1 296 0 50,8125 -78 0 0 0
381000,5 293 0 27,4375 -80 0 0 0
382001,3 295 0 35,875 -85 0 0 0
384000,6 294 0 18,3125 -85 0 0 0
381000,7 293 0 16,1875 -77 0 0 0
381999,8 294 0 1 -85 0 0 0
384000,8 294 0 14,375 -82 0 0 0
380000,1 296 0 50,8125 -78 0 0 0
382000,3 294 0 9,5625 -76 0 0 0
383000,3 293 0 1 -83 0 0 0
380000,1 297 0 51,1875 -78 0 0 0
381000,6 293 0 13,4375 -77 0 0 0
383000,2 294 0 1 -82 0 0 0
384000,7 293 0 11,3125 -82 0 0 0
381000,7 293 0 16 -77 0 0 0
380000,1 296 0 50,9375 -78 0 0 0
382000,2 295 0 9,375 -76 0 0 0
383000,3 290 0 1 -83 0 0 0
380000,1 297 0 50,875 -78 0 0 0
382000,2 293 0 10,875 -77 0 0 0
383000,3 291 0 1 -83 0 0 0
381000,6 292 0 13,25 -77 0 0 0
384000,9 293 0 13,9375 -82 0 0 0
381999,6 295 0 1 -85 0 0 0
383000,2 294 0 1 -82 0 0 0
381000,6 293 0 13,625 -77 0 0 0
383000,3 291 0 1 -84 0 0 0
384000,7 293 0 12,25 -81 0 0 0
384000,8 294 0 11 -82 0 0 0
380000,1 297 0 28 -77 0 0 0
381000,6 286 0 13,4375 -77 0 0 0
381000,7 292 0 16,1875 -77 0 0 0
382000,3 294 0 9,5625 -76 0 0 0
384000,7 293 0 11,3125 -82 0 0 0
380000,1 296 0 54,25 -77 0 0 0
381001 294 0 14,8125 -86 0 0 0
382000,3 293 0 14,625 -80 0 0 0
383000,3 290 0 1 -83 0 0 0
384000,6 290 0 20,375 -89 0 0 0
380000,1 296 0 27,9375 -77 0 0 0
381000,7 293 0 16,1875 -77 0 0 0
384000,7 293 0 11,3125 -82 0 0 0
381000,7 293 0 16 -77 0 0 0
382000,2 294 0 9,375 -76 0 0 0
381000,7 294 0 16,1875 -77 0 0 0
382000,3 294 0 9,5625 -76 0 0 0
384000,7 294 0 11,3125 -82 0 0 0
383000,3 292 0 1 -83 0 0 0
381000,7 293 0 15,875 -77 0 0 0
384000,7 292 0 12,25 -81 0 0 0
380000,1 296 0 50,875 -78 0 0 0
381999,6 296 0 1 -85 0 0 0
383000,2 290 0 1 -83 0 0 0
380000,1 294 0 51,1875 -78 0 0 0
381000,7 292 0 16,1875 -77 0 0 0
383000,3 290 0 1 -83 0 0 0
384000,7 293 0 12,25 -81 0 0 0
381000,6 293 0 14,0625 -76 0 0 0
381999,7 296 0 1 -85 0 0 0
384000,7 292 0 11,3125 -82 0 0 0
381000,7 293 0 16,1875 -77 0 0 0
381999,8 294 0 1 -85 0 0 0
384000,8 293 0 11,1875 -82 0 0 0
380000,1 295 0 50,6875 -78 0 0 0
382000,2 295 0 9,3125 -77 0 0 0
380000,2 295 0 28,6875 -77 0 0 0
381000,7 293 0 15,875 -77 0 0 0
383000,2 291 0 1 -82 0 0 0
384000,8 293 0 12 -81 0 0 0
381000,7 293 0 15,875 -77 0 0 0
382000,2 295 0 9,125 -76 0 0 0
384000,8 294 0 11 -82 0 0 0
381000,5 292 0 13,8125 -77 0 0 0
382000,2 294 0 8,875 -76 0 0 0
384000,8 294 0 14,375 -82 0 0 0
380000,2 297 0 28,3125 -77 0 0 0
382000,2 294 0 9,75 -77 0 0 0
383000,2 342 0 1 -83 0 0 0
380000,1 297 0 51,375 -78 0 0 0
381000,6 294 0 13,4375 -77 0 0 0
383000,2 290 0 1 -83 0 0 0
385999,1 294 0 6,9375 -85 0 0 0
388999,3 289 0,5140329 9,5625 -86 0 0 0
390998,8 294 0 1 -84 0 0 0
391999,4 287 0 23,875 -80 0 0 0
393998,9 293 0 1 -77 0 0 0
394999,5 287 0 35,4375 -73 0 0 0
405000,6 234 0,5012169 14,8125 -93 0 0 0
385999,1 296 0 8 -86 0 0 0
387998,7 162 0 8,5625 -89 0 0 0
388999,2 293 0 7,75 -86 0 0 0
390998,8 55 0 1 -84 0 0 0
391999,3 286 0 16,75 -80 0 0 0
394999,5 286 0 35,625 -73 0 0 0
405000,4 82 0,7837886 15,25 -93 0 0 0
385998,8 293 0 6,125 -86 0 0 0
386998,4 58 0 6,75 -83 0 0 0
388999,2 292 0 6,6875 -87 0 0 0
391999,3 288 0 14 -79 0 0 0
392999,2 291 0 9,6875 -77 0 0 0
394999,4 286 0 24,75 -73 0 0 0
395999,5 295 0 10,6875 -76 0 0 0
397999,7 157 0 41,5625 -81 0 0 0
405015,2 31 0,7619788 6,9375 -87 0 0 0
386998,9 60 0 7,1875 -84 0 0 0
387998,7 336 0 8,5625 -89 0 0 0
389998,9 286 0 7,0625 -83 0 0 0
390998,8 57 0 1 -84 0 0 0
392999,3 61 0 10,0625 -77 0 0 0
393998,9 103 0 1 -77 0 0 0
395999,3 295 0 10,375 -75 0 0 0
385999 295 0 6,5 -86 0 0 0
388999,2 293 0 7,5625 -86 0 0 0
390998,8 55 0 1 -84 0 0 0
391999,4 287 0 16,5 -80 0 0 0
393998,8 292 0 1 -77 0 0 0
405015,3 26 0,7084888 5,5 -86 1 0 0
385999,1 294 0 8 -86 0 0 0
386999 289 0 9,125 -85 0 0 0
388999,1 293 0 5,625 -87 0 0 0
389998,6 286 0 10,1875 -86 0 0 0
391999,3 287 0 14 -79 0 0 0
395999,6 296 0 14,1875 -77 0 0 0
397999,6 154 0 23,25 -80 0 0 0
386998,7 291 0 7,75 -84 0 0 0
387998,8 162 0 6,0625 -89 0 0 0
389998,6 286 0 7,4375 -84 0 0 0
390998,9 55 0 1 -85 0 0 0
392999,2 289 0,6228582 9,5625 -77 0 0 0
393998,9 101 0 1 -77 0 0 0
395999,5 292 0,5104554 10,1875 -75 0 0 0
385999 294 0 6,625 -86 0 0 0
388999,1 290 0 6,875 -87 0 0 0
390998,9 55 0 1 -85 0 0 0
391999,4 289 0 24,0625 -80 0 0 0
393998,8 293 0 1 -77 0 0 0
385999,1 295 0 6,4375 -86 0 0 0
386998,5 292 0 7 -83 0 0 0
388999,1 292 0 8 -86 0 0 0
389998,8 286 0 6,1875 -84 0 0 0
397999,7 291 0 45,25 -80 0 0 0
388999,3 292 0 7,375 -86 0 0 0
389998,8 284 0 6,1875 -84 0 0 0
391999,3 288 0 13,625 -79 0 0 0
392999,2 292 0 9,4375 -77 0 0 0
394999,5 57 0 35,25 -73 0 0 0
395999,5 296 0 10,1875 -75 0 0 0
397999,6 155 0 23,3125 -80 0 0 0
398999,7 333 0 8,5625 -81 0 0 0
386998,4 60 0 6,1875 -84 0 0 0
389998,9 287 0 7,1875 -84 0 0 0
392999,2 289 0 9,75 -77 0 0 0
393999 291 0 11,375 -74 0 0 0
395999,3 295 0 10,125 -75 0 0 0
386998,5 61 0 9,125 -85 0 0 0
387998,9 285 0 6,25 -89 0 0 0
389999,3 284 0 8,9375 -86 0 0 0
395999,5 295 0 10,125 -75 0 0 0
397999,5 154 0 24,4375 -80 0 0 0
385999,1 291 0 6,3125 -86 0 0 0
386998,3 288 0 13,75 -88 0 0 0
388999,3 100 0 8,5625 -87 0 0 0
389999,1 281 0 12,1875 -88 0 0 0
390998,3 55 0 18,3125 -89 0 0 0
397999,8 289 0 8,625 -87 0 0 0
398998,8 334 0 13,5 -86 0 0 0
386998,6 290 0 7,25 -83 0 0 0
389998,9 287 0 7,1875 -84 0 0 0
390998,8 55 0 1 -84 0 0 0
397999,6 55 0 23,5 -80 0 0 0
388999,2 294 0 6,6875 -87 0 0 0
389998,9 284 0 7,0625 -83 0 0 0
391999,3 287 0 13,875 -79 0 0 0
396999 336 0 1 -87 0 0 0
397999,6 156 0 23,375 -80 0 0 0
385999 296 0 9,8125 -87 0 0 0
388999,1 100 0 7,9375 -88 0 0 0
390999 293 0 1 -85 0 0 0
391999,4 287 0 24,625 -80 0 0 0
398999,8 330 0 8,25 -81 0 0 0
385999,1 296 0 7,125 -85 0 0 0
388999,1 295 0,5022425 6,5 -86 0 0 0
390999,1 292 0 10,3125 -85 0 0 0
391999,3 288 0 14,3125 -79 0 0 0
386998,8 289 0 6,1875 -84 0 0 0
389998,7 287 0 6,5625 -84 0 0 0
390998,8 56 0 1 -84 0 0 0
392999 58 0 9,75 -77 0 0 0
398999,6 342 0 7,375 -82 0 0 0
385998,9 294 0 6,9375 -86 0 0 0
388999,3 291 0 14,4375 -86 0 0 0
391999,4 286 0 26,1875 -79 0 0 0
393998,9 291 0 10,0625 -73 0 0 0
394999,5 287 0 36,875 -73 0 0 0
385998,8 295 0 7,125 -86 0 0 0
386998,1 297 0,5004179 1 -89 90 0 0
391999,4 286 0 26,4375 -79 0 0 0
392999,3 290 0 12 -77 0 0 0
394999,5 286 0 36,75 -73 0 0 0
395999,6 294 0 13,875 -76 0 0 0
397999,7 290 0 45,375 -80 0 0 0
387998,8 285 0 8,75 -89 0 0 0
389998,7 286 0 8,875 -84 0 0 0
390998,8 294 0 1 -83 0 0 0
392999,2 292 0 12,25 -77 0 0 0
393998,9 291 0 10,375 -73 0 0 0
395999,6 296 0 12,875 -75 0 0 0
396999,1 333 0 1 -87 0 0 0
398999,9 342 0 8 -81 0 0 0
407025,2 105 0,60878 14,6875 -61 0 0 0
385999 290 0 6,5 -86 0 0 0
387998,7 287 0 8,5625 -89 0 0 0
388999,2 295 0 7,625 -86 0 0 0
390998,8 294 0 1 -84 0 0 0
391999,4 285 0 17,5625 -79 0 0 0
393998,9 59 0 1 -77 0 0 0
394999,5 286 0 35,25 -73 0 0 0
397999,6 291 0 23,5 -80 0 0 0
405000,9 80 0,8185312 14,75 -93 0 0,3206805 0
385999,1 296 0 6,4375 -86 0 0 0
388999,3 293 0 8,25 -87 0 0 0
389998,9 284 0 7,1875 -84 0 0 0
391999,3 287 0 14,3125 -79 0 0 0
392999,2 291 0 9,5625 -77 0 0 0
394999,5 162 0 35,4375 -73 0 0 0
395999,3 295 0 10,1875 -75 0 0 0
398999,8 107 0 8,25 -81 0 0 0
387998,8 63 0 8,8125 -89 0 0 0
389998,9 162 0 6,4375 -84 0 0 0
390998,8 294 0 1 -84 0 0 0
392999,2 57 0 9,5625 -77 0 0 0
393998,9 100 0 1 -77 0 0 0
395999,5 296 0 10,5 -76 0 0 0
385999 296 0 10,1875 -89 0 0 0
387998,8 284 0 6,0625 -89 0 0 0
388999,2 291 0 9,3125 -89 0 0 0
390998,8 55 0 1 -84 0 0 0
391999,3 287 0 23,8125 -81 0 0 0
385999 292 0 6,5 -86 0 0 0
386998,6 290 0 7,25 -83 0 0 0
388999,2 296 0 6,75 -87 0 0 0
389998,9 286 0 7,9375 -83 0 0 0
392999,3 291 0 9,5625 -77 0 0 0
394999,5 286 0 35,25 -73 0 0 0
386998,4 292 0 6,625 -83 0 0 0
389998,8 289 0 6,875 -84 0 0 0
390998,8 293 0 1 -84 0 0 0
392999,3 289 0 10 -77 0 0 0
393998,9 58 0 1 -77 0 0 0
395999,5 295 0 10,375 -75 0 0 0
405014,9 30 0,6193879 4,9375 -86 0 0 0
386998,9 291 0 7,9375 -83 0 0 0
389998,9 288 0 8,5 -85 0 0 0
392999,3 292 0 12,0625 -78 0 0 0
393998,9 291 0 1 -77 0 0 0
395999,4 294 0 13,25 -76 0 0 0
385999 293 0 6,625 -86 0 0 0
388999,3 290 0 8,5625 -87 0 0 0
389998,5 287 0 7,125 -84 0 0 0
391999,3 285 0 16,75 -80 0 0 0
392999,2 58 0 9,5625 -77 0 0 0
395999,6 295 0,5049309 9,9375 -75 0 0 0
397999,6 157 0 23,5 -80 0 0 0
398999,9 331 0 7,8125 -81 0 0 0
386998,6 58 0 6,5625 -84 0 0 0
389999,1 289 0 6,8125 -84 0 0 0
392999,3 293 0 9,3125 -77 0 0 0
393998,9 58 0 1 -77 0 0 0
392999,2 292 0 9,5625 -77 0 0 0
393998,8 292 0 1 -77 0 0 0
395999,6 295 0 10 -75 0 0 0
396999,1 282 0 1 -87 0 0 0
398999,8 334 0 8,25 -81 0 0 0
386998,8 290 0 8,1875 -84 0 0 0
389999,1 288 0 7,4375 -83 0 0 0
390998,8 57 0 1 -87 0 0 0
391999,3 284 0 30,5 -86 0 0 0
392999 291 0 9,75 -77 0 0 0
393999,2 291 0 17,4375 -77 0 0 0
394999,3 289 0 19,1875 -81 0 0 0
395999,5 295 0 10,25 -75 0 0 0
396999,1 340 0 1 -89 0 0 0
398000,5 287 0 22,875 -89 0 0 0
385999 293 0 6,3125 -85 0 0 0
387998,8 285 0 8,875 -89 0 0 0
388999,1 295 0,5484134 6,875 -87 0 0 0
390998,9 55 0 1 -85 0 0 0
391999,3 287 0 13,875 -79 0 0 0
396999,1 337 0 1 -87 0 0 0
398999,7 334 0 8,5625 -81 0 0 0
385998,9 292 0 6,75 -86 0 0 0
386998,7 290 0 6,875 -84 0 0 0
388999,2 293 0 7,625 -86 0 0 0
389998,8 286 0 7,5625 -83 0 0 0
391999,3 286 0 13,75 -79 0 0 0
386998,7 288 0 6,5 -83 0 0 0
389999,3 288 0 7,1875 -84 0 0 0
390998,8 55 0 1 -84 0 0 0
392999,2 291 0 9,6875 -77 0 0 0
393998,9 59 0 1 -77 0 0 0
385998,9 294 0 6,75 -86 0 0 0
388999,1 291 0 6,875 -87 0 0 0
390998,8 295 0 1 -84 0 0 0
391999,4 288 0 16,5 -80 0 0 0
396999,1 159 0 1 -87 0 0 0
389998,6 286 0 6,375 -84 0 0 0
392999,2 289 0 9,4375 -77 0 0 0
395999,3 294 0 9,6875 -75 0 0 0
398999,7 332 0 7,9375 -82 0 0 0
385999 295 0 6,5 -86 0 0 0
386998,4 291 0 6,75 -83 0 0 0
388999,1 295 0 6,5 -86 0 0 0
396999,1 162 0 1 -87 0 0 0
397999,6 291 0 23,5 -80 0 0 0
386998,4 57 0 6,75 -83 0 0 0
387998,8 57 0 8,625 -89 0 0 0
389998,9 285 0 7,1875 -84 0 0 0
390998,9 55 0 1 -84 0 0 0
392999,2 291 0 9,75 -77 0 0 0
393998,9 294 0 1 -77 0 0 0
405015 18 0 5,3125 -85 0 0 0
387998,8 162 0 8,625 -89 0 0 0
389998,8 286 0 6,875 -84 0 0 0
394999,5 162 0 35,4375 -73 0 0 0
395999,6 295 0 10,25 -76 0 0 0
397999,6 156 0 23,3125 -80 0 0 0
398999,8 342 0 8,25 -81 0 0 0
389998,9 162 0 7,1875 -84 0 0 0
390998,8 294 0 1 -84 0 0 0
392999,2 292 0 9,4375 -77 0 0 0
393998,8 58 0 1 -77 0 0 0
396999 182 0 1 -87 0 0 0
398999,7 332 0 8,5625 -81 0 0 0
385999 295 0 6,625 -86 0 0 0
388999,1 295 0 7,125 -87 0 0 0
390998,9 55 0 1 -85 0 0 0
391999,3 287 0 14 -79 0 0 0
393998,9 295 0 1 -77 0 0 0
394999,5 286 0 35,4375 -73 0 0 0
397999,6 154 0 23,625 -80 0 0 0
405000,6 238 0,6266629 15,0625 -93 0 0 0
385999,1 294 0 6,4375 -86 0 0 0
388999,1 291 0,6390656 6,5 -86 0 0 0
389998,9 286 0 7,1875 -84 0 0 0
391999,3 287 0 13,875 -79 0 0 0
392999,2 59 0 9,5625 -77 0 0 0
386998,7 291 0 7,75 -84 0 0 0
387998,8 24 0 8,625 -89 0 0 0
394999,4 286 0 24,75 -73 0 0 0
395999,3 298 0,5148324 9,4375 -75 0 0 0
398999,7 330 0 7,6875 -81 0 0 0
388999,2 295 0 6,625 -87 0 0 0
390998,9 57 0 1 -85 0 0 0
391999,3 286 0 14 -79 0 0 0
393998,9 100 0 1 -77 0 0 0
394999,5 286 0 35,4375 -73 0 0 0
396999 286 0 1 -87 0 0 0
405000,7 91 0 15,3125 -93 0 0 0
389998,9 286 0 7,1875 -84 0 0 0
391999,3 286 0 14 -79 0 0 0
394999,5 287 0 35,4375 -73 0 0 0
395999,7 294 0 10,3125 -76 0 0 0
397999,6 155 0 23,5 -80 0 0 0
398999,8 333 0 8,25 -81 0 0 0
389999,1 287 0 6,8125 -84 0 0 0
390998,9 56 0 1 -85 0 0 0
392999,3 289 0 9,3125 -77 0 0 0
393998,9 101 0 1 -77 0 0 0
396999,1 332 0 1 -87 0 0 0
398999,8 334 0 8,25 -81 0 0 0
385998,8 295 0 7,6875 -87 0 0 0
388999,1 294 0 8,125 -86 0 0 0
390998,8 292 0 1 -84 0 0 0
391999,4 288 0 24,625 -80 0 0 0
393998,9 58 0 1 -77 0 0 0
394999,5 286 0 35,8125 -73 0 0 0
396999,1 106 0 1 -88 0 0 0
397999,6 346 0 23,625 -80 0 0 0
386998,8 289 0 6,8125 -83 0 0 0
389998,5 285 0 7,125 -84 0 0 0
392999,2 291 0 9,4375 -77 0 0 0
393998,9 58 0 1 -77 0 0 0
395999,5 296 0 10,625 -75 0 0 0
388999,1 293 0,5172704 8 -86 0 0 0
390998,8 55 0 1 -84 0 0 0
395999,5 295 0 9,875 -75 0 0 0
396999 282 0 1 -87 0 0 0
390998,9 294 0 1 -85 0 0 0
391999,4 287 0 16,625 -80 0 0 0
393998,9 58 0 1 -77 0 0 0
394999,5 162 0 24,4375 -73 0 0 0
396999 288 0 1 -87 0 0 0
397999,6 153 0 23,75 -80 0 0 0
385999 293 0 6,625 -86 0 0 0
386998,7 287 0 7,5625 -83 0 0 0
389998,8 288 0 7,75 -84 0 0 0
391999,4 287 0 16,5 -80 0 0 0
392999,3 291 0 9,875 -78 0 0 0
394999,5 287 0 35,4375 -73 0 0 0
397999,6 291 0 23,3125 -80 0 0 0
398999,8 334 0 9,25 -81 0 0 0
405000,3 358 0 15,25 -93 0 0 0
386998,9 289 0 7,1875 -84 0 0 0
387998,7 287 0 8,5625 -89 0 0 0
389999,1 285 0 6,8125 -84 0 0 0
392999,2 60 0 9,1875 -77 0 0 0
398999,8 342 0 9,25 -81 0 0 0
385999,1 293 0 6,1875 -86 0 0 0
392999,2 292 0 8,9375 -77 0 0 0
393998,9 101 0 1 -77 0 0 0
395999,6 295 0 10,25 -75 0 0 0
396999,1 162 0 1 -87 0 0 0
386998,9 289 0 7,1875 -84 0 0 0
390998,8 46 0 1 -84 0 0 0
393998,8 58 0 1 -77 0 0 0
394999,5 286 0 35,125 -73 0 0 0
396999,1 331 0 1 -88 0 0 0
397999,6 290 0 23,625 -80 0 0 0
386998,8 291 0 6,1875 -84 0 0 0
389998,5 288 0 7,125 -84 0 0 0
390998,8 293 0 1 -84 0 0 0
392999,2 290 0 9,875 -77 0 0 0
393998,9 289 0 1 -77 0 0 0
396999 341 0 1 -87 0 0 0
398999,7 331 0 7,6875 -81 0 0 0
386998,5 289 0 7 -83 0 0 0
389998,7 287 0 6,5625 -84 0 0 0
397999,6 153 0 23,375 -80 0 0 0
398999,8 342 0 9,25 -81 0 0 0
390998,9 59 0 1 -85 0 0 0
392999,3 291 0 9,625 -77 0 0 0
393998,9 100 0 1 -77 0 0 0
395999,3 296 0 10,1875 -75 0 0 0
398999,4 331 0 8,375 -81 0 0 0
385999 292 0 6,5 -86 0 0 0
387998,8 277 0 7,3125 -88 0 0 0
388999,1 291 0 6,4375 -86 0 0 0
390998,8 295 0 1 -84 0 0 0
391999,3 287 0 16,75 -80 0 0 0
393998,9 58 0 1 -77 0 0 0
394999,4 162 0 24,75 -73 0 0 0
396999,2 162 0 1 -88 0 0 0
385998,9 293 0 8,5625 -86 0 0 0
386998,8 292 0 9 -83 0 0 0
388999 290 0 8,3125 -86 0 0 0
394999,4 289 0 36,75 -73 0 0 0
396999 333 0 1 -86 0 0 0
397999,7 55 0 45,375 -80 0 0 0
391999,4 287 0 26,4375 -79 0 0 0
392999,3 289 0,5155545 12 -77 0 0 0
395999,6 292 0,5239216 13,0625 -75 0 0 0
397999,7 290 0 45,5625 -80 0 0 0
398999,8 332 0 11 -81 0 0 0
385999 294 0 8,125 -86 0 0 0
393999 101 0 10,5 -73 0 0 0
395999,4 296 0 13,125 -75 0 0 0
396998,9 333 0 1 -85 0 0 0
398999,8 107 0 11 -81 0 0 0
385999,1 295 0 6,3125 -86 0 0 0
386998,7 290 0 6,5 -83 0 0 0
393998,9 100 0 1 -77 0 0 0
394999,5 286 0 35,4375 -73 0 0 0
397999,7 290 0 45 -80 0 0 0
386998,7 290 0 7,75 -84 0 0 0
389998,8 285 0 6,1875 -84 0 0 0
390998,9 292 0 11,625 -85 0 0 0
391999 291 0 17,0625 -86 0 0 0
394999,5 287 0 35,625 -73 0 0 0
396000 298 0 34,0625 -85 0 0 0
396998,8 163 0 1 -87 0 0 0
398999,8 162 0 12,6875 -89 0 0 0
386998,8 290 0 6,1875 -84 0 0 0
389998,8 284 0 6,1875 -84 0 0 0
390998,9 294 0 1 -85 0 0 0
392999,3 290 0,5608386 9,25 -77 0 0 0
393998,9 292 0 1 -77 0 0 0
395999,6 296 0 10,5 -75 0 0 0
385998,9 294 0 7,8125 -85 0 0 0
387998,8 285 0 6,125 -89 0 0 0
388999,3 293 0 8,4375 -87 0 0 0
390998,9 292 0 1 -84 0 0 0
391999,3 286 0 16,9375 -80 0 0 0
393998,9 100 0 1 -77 0 0 0
394999,5 286 0 35,4375 -73 0 0 0
396999,1 283 0 1 -87 0 0 0
385999,1 293 0 7,125 -85 0 0 0
386998,5 287 0 7 -83 0 0 0
388999,1 289 0,5855078 8,125 -86 0 0 0
389998,6 287 0 7,4375 -84 0 0 0
391999,4 288 0 16,25 -80 0 0 0
392999,2 291 0 9,6875 -77 0 0 0
407076 190 0 15,875 -85 0 0 0
386998,7 289 0 7,75 -84 0 0 0
389998,9 285 0 9,4375 -84 0 0 0
390998,8 291 0 1 -84 0 0 0
397999,6 290 0 23,25 -80 0 0 0
398999,8 331 0 8,25 -81 0 0 0
385999,1 295 0 7,1875 -85 0 0 0
386998,5 291 0 7,125 -84 0 0 0
388999,1 289 0,5328127 6,5 -86 0 0 0
389999,1 287 0 7,625 -84 0 0 0
391999,4 288 0 16,5 -80 0 0 0
407075,9 191 0 9,4375 -84 0 0 0
407076,3 192 0 1 -85 0 0 0
386998,7 59 0 7,5625 -83 0 0 0
389999,1 284 0 7,625 -84 0 0 0
392999,2 291 0 9,5625 -77 0 0 0
397999,6 56 0 23,625 -80 0 0 0
399000,2 328 0 16 -83 0 0 0
386998,5 289 0 7 -83 0 0 0
389998,9 286 0 7,1875 -84 0 0 0
390999 55 0 1 -85 0 0 0
392999,2 292 0 9,5625 -77 0 0 0
393998,9 101 0 1 -77 0 0 0
385999 295 0 7,4375 -85 0 0 0
386998,7 59 0 11 -86 0 0 0
388999,2 294 0 6,6875 -87 0 0 0
389998,8 286 0,502036 10,0625 -85 0 0 0
391999,4 287 0 16,625 -80 0 0 0
392999,2 290 0,5264024 12,625 -79 0 0 0
393998,7 294 0 15,5 -87 0 0 0
385999,1 293 0 6,4375 -86 0 0 0
386998,7 291 0 6,5 -83 0 0 0
388999,2 101 0 8,875 -87 0 0 0
389998,7 287 0 5,9375 -84 0 0 0
391999,4 287 0 17,6875 -79 0 0 0
392999,3 289 0 10 -77 0 0 0
386998,7 58 0 6,875 -84 0 0 0
387998,7 334 0 16,375 -89 0 0 0
389998,9 286 0 6,4375 -84 0 0 0
390998,8 55 0 1 -84 0 0 0
392999,2 292 0 9,5625 -77 0 0 0
385999,1 292 0 7,75 -86 0 0 0
388999,3 289 0 8,3125 -87 0 0 0
390998,8 55 0 1 -84 0 0 0
391999,3 277 0 14,3125 -79 0 0 0
385999,1 294 0 6,4375 -86 0 0 0
388999,3 287 0 8,4375 -87 0 0 0
389998,8 286 0 6,1875 -84 0 0 0
391999,3 286 0 14 -79 0 0 0
392999,3 292 0 9,625 -77 0 0 0
394999,5 162 0 35,25 -73 0 0 0
397999,7 290 0 44,75 -80 0 0 0
386998,9 293 0 7,0625 -83 0 0 0
388999,1 296 0 5,6875 -87 0 0 0
389998,8 286 0 6,1875 -84 0 0 0
391999,3 287 0 14 -79 0 0 0
392999,2 291 0 10,25 -77 0 0 0
394999,5 286 0 35,625 -73 0 0 0
395999,5 296 0 11,125 -75 0 0 0
397999,6 156 0 23,125 -80 0 0 0
386998,7 293 0 7,75 -84 0 0 0
389998,9 284 0 6,4375 -84 0 0 0
390998,8 291 0 1 -84 0 0 0
392999,2 292 0 9,6875 -77 0 0 0
393998,9 59 0 1 -77 0 0 0
396999,1 108 0 1 -87 0 0 0
398999,8 333 0 9,25 -81 0 0 0
387998,8 286 0 8,75 -89 0 0 0
389998,8 286 0 6,1875 -84 0 0 0
390998,8 294 0 1 -84 0 0 0
392999,2 292 0 9,4375 -77 0 0 0
393998,9 101 0 1 -77 0 0 0
395999,5 295 0 10,25 -75 0 0 0
398999,8 330 0 8,25 -81 0 0 0
388999,3 295 0 8,5625 -87 0 0 0
389998,8 284 0 8,9375 -86 0 0 0
394999,5 286 0 35,625 -73 0 0 0
395999,4 293 0 14,25 -77 0 0 0
397999,6 154 0 23,75 -80 0 0 0
398999,8 342 0 10,1875 -82 0 0 0
390998,8 55 0 1 -84 0 0 0
392999,3 292 0 9,5625 -77 0 0 0
393998,9 292 0 1 -77 0 0 0
395999,5 295 0 10,125 -75 0 0 0
396999,1 158 0 1 -87 0 0 0
398999,7 107 0 7,6875 -81 0 0 0
385999 295 0 5,625 -86 0 0 0
386998,4 288 0 6,75 -83 0 0 0
393998,9 100 0 1 -77 0 0 0
394999,5 288 0 35,625 -73 0 0 0
396999,1 162 0 1 -88 0 0 0
385998,9 294 0 6,75 -86 0 0 0
390998,8 58 0 1 -85 0 0 0
395999,5 295 0 12,125 -76 0 0 0
396999 162 0 1 -87 0 0 0
398999,8 333 0 10,1875 -82 0 0 0
386998,9 292 0 7,9375 -83 0 0 0
389999 285 0 5,8125 -84 0 0 0
390998,8 55 0 1 -84 0 0 0
397999,6 156 0 23,375 -80 0 0 0
398999,6 342 0 7,375 -82 0 0 0
385999 293 0 6,625 -86 0 0 0
387998,8 162 0 6,125 -89 0 0 0
388999,2 291 0,5360876 7,5625 -86 0 0 0
390998,8 294 0 1 -85 0 0 0
398999,8 330 0 9,25 -81 0 0 0
385999 294 0 6,1875 -85 0 0 0
386998,6 291 0 7,25 -83 0 0 0
388999,2 289 0,5140329 6,625 -87 0 0 0
389998,9 286 0 7,1875 -84 0 0 0
391999,4 286 0 16,5 -80 0 0 0
397999,6 290 0 23,3125 -80 0 0 0
386998,5 289 0 7,125 -84 0 0 0
389998,8 287 0 7,75 -84 0 0 0
390998,8 57 0 1 -84 0 0 0
395999,5 296 0 10,125 -75 0 0 0
407076,4 192 0 1 -87 0 0 0
407075,5 192 0 10,3125 -85 0 0 0
386998,6 61 0 6,5625 -84 0 0 0
389998,8 284 0 7,75 -84 0 0 0
390998,8 293 0 1 -84 0 0 0
392999,2 292 0 9,5 -77 0 0 0
393998,9 59 0 1 -77 0 0 0
395999,5 296 0 10,625 -75 0 0 0
396999 162 0 1 -87 0 0 0
407073,7 194 0 1 -88 0 0 0
407073,5 195 0 1 -88 0 0 0
385999,1 295 0 6,4375 -86 0 0 0
388999,1 292 0,5029882 5,6875 -87 0 0 0
390998,7 58 0 1 -83 0 0 0
391999,4 287 0 26,4375 -79 0 0 0
393998,9 59 0 10,125 -73 0 0 0
385998,9 295 0 8,5625 -86 0 0 0
386998 99 0 1 -88 0 0 0
388999,3 292 0 12,125 -87 0 0 0
389998,1 285 0 1 -89 0 0 0
391999,4 288 0 26,6875 -79 0 0 0
392998,9 61 0 11,75 -78 0 0 0
394999,6 289 0 69,0625 -73 0 0 0
385998,9 292 0 7,5 -87 0 0 0
386998 296 0 1 -89 0 0 0
388999,1 292 0 8,125 -86 0 0 0
389998,9 284 0 8,1875 -84 0 0 0
391999,4 288 0 26,6875 -79 0 0 0
389999,3 285 0 7,1875 -84 0 0 0
392999,3 293 0 9,375 -77 0 0 0
395999,6 298 0,5275158 12,9375 -75 0 0 0
397999,6 290 0 46 -80 0 0 0
399000 333 0 12,3125 -81 0 0 0
407025,2 105 0,6088974 14,875 -61 0 0 0
385999,1 295 0 6,4375 -86 0 0 0
388999,1 296 0 8 -86 0 0 0
390998,9 56 0 1 -85 0 0 0
396999 162 0 1 -86 0 0 0
385998,9 295 0 6,5625 -85 0 0 0
386998,6 290 0 7,25 -83 0 0 0
388999,3 289 0,5096533 7,25 -86 0 0 0
389998,8 285 0 6,875 -84 0 0 0
391999,4 287 0 16,375 -80 0 0 0
392999,3 291 0 9,5625 -77 0 0 0
386998,6 292 0 7,4375 -84 0 0 0
389998,5 285 0 7,125 -84 0 0 0
390998,8 295 0 1 -84 0 0 0
392999,3 290 0 10,125 -77 0 0 0
393998,9 58 0 1 -77 0 0 0
395999,6 295 0 10,8125 -75 0 0 0
386998,4 60 0 6,875 -84 0 0 0
389998,8 287 0 6,875 -84 0 0 0
392999,3 291 0 9,75 -77 0 0 0
393998,9 101 0 1 -77 0 0 0
395999,5 295 0 10,25 -75 0 0 0
396999,1 341 0 1 -88 0 0 0
405015,4 26 0 5,375 -86 0 0 0
385998,8 296 0 7,3125 -86 0 0 0
388999,1 291 0 6,5 -86 0 0 0
390998,8 55 0 1 -84 0 0 0
391999,3 285 0 14,125 -79 0 0 0
393998,9 100 0 1 -77 0 0 0
394999,5 162 0 35,4375 -73 0 0 0
397999,6 156 0 23,3125 -80 0 0 0
386998,9 58 0 7,9375 -83 0 0 0
388999,2 290 0 6,75 -87 0 0 0
389998,7 287 0 6,5625 -84 0 0 0
391999,3 286 0 13,625 -79 0 0 0
392999,3 291 0 9,5625 -77 0 0 0
394999,5 287 0 35,4375 -73 0 0 0
397999,6 290 0 23,625 -80 0 0 0
398999,7 107 0 8,5625 -81 0 0 0
389998,7 284 0 6,5625 -84 0 0 0
390998,7 294 0 1 -83 0 0 0
392999,2 289 0 9,5 -77 0 0 0
395999,6 296 0,5008687 10,625 -75 0 0 0
396999,1 284 0 1 -87 0 0 0
398999,8 162 0 9,25 -81 0 0 0
390998,8 55 0 1 -84 0 0 0
392999,2 58 0 9,5625 -77 0 0 0
393998,9 59 0 1 -77 0 0 0
395999,6 295 0 10,4375 -76 0 0 0
396999,1 341 0 1 -87 0 0 0
398999,8 106 0 8,25 -81 0 0 0
386998,8 289 0 6,8125 -83 0 0 0
392999,2 290 0,5553131 15,6875 -81 0 0 0
393999 291 0 21,0625 -80 0 0 0
394999,5 286 0 35,4375 -73 0 0 0
395999,8 296 0 20,0625 -80 0 0 0
385999,2 293 0 10,1875 -86 0 0 0
388999,2 291 0 7,75 -88 0 0 0
395999,3 296 0 10,125 -75 0 0 0
396998,9 334 0 1 -88 0 0 0
398999,8 332 0 9,25 -81 0 0 0
385999 294 0 6,5 -86 0 0 0
388999,2 294 0 6,75 -87 0 0 0
390998,8 55 0 1 -84 0 0 0
396999,1 283 0 1 -87 0 0 0
398999,7 331 0 7,6875 -81 0 0 0
403224,9 200 0,5200576 1 -85 0 0 0
385999 294 0 6,5 -86 0 0 0
388999,2 295 0 7,625 -86 0 0 0
389998,8 285 0 6,875 -84 0 0 0
391999,4 286 0 16,5 -80 0 0 0
392999,2 59 0 9,4375 -77 0 0 0
385998,9 294 0 8,75 -88 0 0 0
388999,1 294 0 8,125 -88 0 0 0
390998,9 293 0 1 -85 0 0 0
391999,3 286 0 23,4375 -81 0 0 0
393998,9 100 0 1 -77 0 0 0
394999,6 289 0 67,625 -74 0 0 0
385999,1 294 0 6,4375 -86 0 0 0
389998,8 286 0 8,5 -83 0 0 0
390998,8 55 0 1 -84 0 0 0
392999,2 60 0 9,6875 -77 0 0 0
393998,9 291 0 1 -77 0 0 0
398999,4 342 0 8,375 -81 0 0 0
385999,1 291 0 6,4375 -86 0 0 0
392999 162 0 8,8125 -78 0 0 0
393998,9 271 0 1 -77 0 0 0
395999,5 296 0 10,0625 -75 0 0 0
396999,1 333 0 1 -87 0 0 0
398999,7 334 0 8,5625 -81 0 0 0
391999,3 287 0 16,9375 -80 0 0 0
393998,9 100 0 1 -77 0 0 0
394999,5 286 0 35,4375 -73 0 0 0
396999,2 163 0 1 -88 0 0 0
397999,6 155 0 23,125 -80 0 0 0
388998,9 294 0,5970891 7,125 -86 0 0 0
389998,6 286 0 6,6875 -85 0 0 0
391999,3 287 0 13,75 -79 0 0 0
392999,2 292 0 9,5625 -77 0 0 0
395999,5 296 0 10,0625 -75 0 0 0
397999,6 55 0 23,3125 -80 0 0 0
398999,8 333 0 8,25 -81 0 0 0
389998,8 286 0 7,75 -84 0 0 0
391999,3 287 0 17,8125 -80 0 0 0
392999,2 292 0 9,4375 -77 0 0 0
394999,6 289 0 66,8125 -74 0 0 0
395999,5 297 0,5477646 10,3125 -76 0 0 0
397999,6 55 0 42,75 -81 0 0 0
385998,9 292 0 6,75 -86 0 0 0
392999,2 291 0 9,4375 -77 0 0 0
393998,9 59 0 1 -77 0 0 0
396999,1 282 0 1 -87 0 0 0
398999,8 333 0 9,25 -81 0 0 0
405014,7 28 0,7158069 5,3125 -87 0 0 0
385999,1 293 0 7,1875 -85 0 0 0
388999,2 291 0 6,6875 -87 0 0 0
390998,8 295 0 1 -84 0 0 0
396999 285 0 1 -87 0 0 0
398999,7 330 0 8,5625 -81 0 0 0
386998,6 59 0 6,3125 -83 0 0 0
389998,9 288 0 7,1875 -84 0 0 0
390998,9 295 0 1 -85 0 0 0
392999,2 289 0 9,5625 -77 0 0 0
398999,3 331 0 12,1875 -86 0 0 0
386998,5 292 0 7 -83 0 0 0
389998,9 284 0 7,1875 -84 0 0 0
390998,8 55 0 1 -84 0 0 0
392999,2 290 0 9,5625 -77 0 0 0
395999,5 296 0 10,1875 -75 0 0 0
385999,1 294 0 6,3125 -86 0 0 0
387998,8 64 0 8,75 -89 0 0 0
391999,3 286 0 13,875 -79 0 0 0
393998,9 290 0 1 -77 0 0 0
394999,5 286 0 35,25 -73 0 0 0
396999,1 336 0 1 -87 0 0 0
397999,6 55 0 23,75 -80 0 0 0
385999 294 0 6,625 -86 0 0 0
388999,2 99 0 6,5 -87 0 0 0
389998,8 286 0 6,1875 -84 0 0 0
391999,3 288 0 13,5 -79 0 0 0
392999,3 293 0,5384101 10,0625 -77 0 0 0
394999,5 286 0 35,4375 -73 0 0 0
395999,5 296 0 10,125 -75 0 0 0
397999,6 153 0 23,3125 -80 0 0 0
398999,6 342 0 8,9375 -81 0 0 0
387998,8 37 0 8,8125 -89 0 0 0
389998,8 286 0 6,875 -84 0 0 0
390998,8 55 0 1 -84 0 0 0
392999,3 292 0 10,0625 -77 0 0 0
395999,6 295 0 10,375 -75 0 0 0
396999,2 107 0 1 -88 0 0 0
398999,7 332 0 8,5625 -81 0 0 0
388999,2 293 0 7,5625 -86 0 0 0
390998,8 56 0 1 -84 0 0 0
391999,4 286 0 16,5 -80 0 0 0
393998,9 59 0 1 -77 0 0 0
394999,5 162 0 35,4375 -73 0 0 0
396999,1 162 0 1 -87 0 0 0
397999,6 290 0 23,375 -80 0 0 0
389998,5 286 0 7,125 -84 0 0 0
390998,8 57 0 1 -84 0 0 0
391999,4 289 0 17,8125 -79 0 0 0
395999,5 295 0 10,1875 -75 0 0 0
397999,6 154 0 23,3125 -80 0 0 0
386998,9 292 0 7,1875 -84 0 0 0
387998,8 334 0 8,75 -89 0 0 0
389999,1 286 0 7,4375 -83 0 0 0
395999,5 294 0 10,3125 -76 0 0 0
397999,6 55 0 23,875 -80 0 0 0
398999,7 330 0 8,5625 -81 0 0 0
385999,1 294 0 7,75 -86 0 0 0
388999,1 292 0 8 -86 0 0 0
390998,8 57 0 1 -84 0 0 0
391999,4 285 0 16,5 -80 0 0 0
398999,7 336 0 8,5625 -81 0 0 0
385999 293 0 6,625 -86 0 0 0
386998,6 60 0 7,25 -83 0 0 0
388999,1 296 0 5,6875 -87 0 0 0
389998,8 285 0 7,75 -84 0 0 0
391999,4 287 0 17,6875 -79 0 0 0
392999,3 292 0 9,6875 -78 0 0 0
394999,4 286 0 24,75 -73 0 0 0
386998,4 58 0 6,875 -84 0 0 0
390998,8 55 0 1 -84 0 0 0
392999,3 291 0 9,375 -77 0 0 0
393998,9 290 0 1 -77 0 0 0
395999,5 294 0 10,0625 -75 0 0 0
387999 281 0 4,875 -89 0 0 0
388999,2 293 0 6,5 -87 0 0 0
390998,9 294 0 1 -85 0 0 0
391999,4 286 0 17,8125 -79 0 0 0
393998,9 59 0 1 -77 0 0 0
394999,5 286 0 24,5625 -73 0 0 0
396999,2 162 0 1 -88 0 0 0
397999,6 290 0 23,3125 -80 0 0 0
386998,6 291 0 7,25 -83 0 0 0
388999,2 292 0 6,625 -87 0 0 0
389999,1 286 0 7,625 -84 0 0 0
391999,3 287 0 17,9375 -79 0 0 0
392999,2 292 0 9,6875 -77 0 0 0
394999,5 289 0 35,4375 -73 0 0 0
395999,5 295 0 10,25 -75 0 0 0
397999,6 291 0 23,125 -80 0 0 0
398999,7 333 0 8,5625 -81 0 0 0
388999,2 293 0 6,6875 -87 0 0 0
389999,3 162 0 7,1875 -84 0 0 0
391999,3 287 0 16,9375 -80 0 0 0
392999,2 292 0 9,375 -77 0 0 0
394999,6 289 0 64,625 -74 0 0 0
395999,5 295 0 10,1875 -75 0 0 0
397999,7 290 0 42 -81 0 0 0
398999,6 162 0 8 -81 0 0 0
385998,8 294 0 6,125 -86 0 0 0
390998,9 55 0 1 -85 0 0 0
391999,4 286 0 16,625 -80 0 0 0
393998,9 59 0 1 -77 0 0 0
394999,5 289 0 35,25 -73 0 0 0
405000,1 126 0 15,0625 -93 0 0 0
386998,5 289 0 6,375 -84 0 0 0
392999,2 289 0 9,6875 -77 0 0 0
395999,5 295 0 10,5 -76 0 0 0
397999,6 290 0 23,375 -80 0 0 0
398999,7 339 0 7,6875 -81 0 0 0
386998,4 289 0 6,75 -83 0 0 0
387998,8 162 0 6,125 -89 0 0 0
394999,5 287 0 24,4375 -73 0 0 0
395999,5 296 0 10,5 -76 0 0 0
397999,7 55 0 44,75 -80 0 0 0
398999,7 333 0 7,6875 -81 0 0 0
385999,1 293 0 6,3125 -86 0 0 0
386998,6 59 0 7,25 -83 0 0 0
388999,3 292 0 8,375 -87 0 0 0
389999,3 287 0 7,1875 -84 0 0 0
396999,2 341 0 1 -88 0 0 0
397999,6 55 0 23,3125 -80 0 0 0
405015,4 30 0,6115432 5,875 -85 0 0 0
386998,1 293 0 1 -89 0 0 0
389999,1 284 0 8,75 -84 0 0 0
390998,7 55 0 1 -83 0 0 0
392999,2 289 0 12,0625 -77 0 0 0
398999,8 342 0 12,1875 -81 0 0 0
385999,1 295 0 10,5625 -86 0 0 0
388999,1 292 0 8,125 -86 0 0 0
390998,8 293 0 1 -83 0 0 0
391999,4 288 0 26,4375 -79 0 0 0
393998,9 59 0 10,625 -73 0 0 0
385999,1 295 0 10,5625 -86 0 0 0
386999 62 0 10,1875 -84 0 0 0
388999,3 288 0 14,25 -86 0 0 0
389997,9 285 0 1 -88 0 0 0
391999,4 287 0 26,4375 -79 0 0 0
392999,2 293 0 12,1875 -77 0 0 0
385999,2 296 0 7,625 -86 0 0 0
386998,8 288 0 6,8125 -83 0 0 0
388999,1 293 0,5817042 8,125 -86 0 0 0
389998,9 286 0 7,1875 -84 0 0 0
392999,2 292 0 9,5 -77 0 0 0
394999,5 286 0 35,4375 -73 0 0 0
395999,3 295 0 9,4375 -75 0 0 0
397999,6 290 0 23,375 -80 0 0 0
386998,6 61 0 7,25 -83 0 0 0
389999,1 286 0 7,625 -84 0 0 0
390998,8 57 0 1 -84 0 0 0
392999,2 290 0 10 -77 0 0 0
393998,9 59 0 1 -77 0 0 0
395999,5 296 0 10,25 -75 0 0 0
396999,1 162 0 1 -87 0 0 0
398999,9 332 0 9 -81 0 0 0
403225,8 199 0 13,6875 -83 0 0 0
403225,8 199 0 7,9375 -82 0 0 0
391999,3 289 0 13,75 -79 0 0 0
392999,2 59 0 9,5625 -77 0 0 0
394999,5 162 0 35,4375 -73 0 0 0
395999,6 295 0 10,75 -75 0 0 0
397999,6 290 0 23,375 -80 0 0 0
398999,7 337 0 7,6875 -81 0 0 0
403225,5 91 0,508646 10,25 -83 0 0 0
385999,1 295 0 6,3125 -86 0 0 0
388999,3 291 0,5160404 8,3125 -87 0 0 0
391999,3 279 0,5308565 16,75 -80 0 0 0
393998,9 58 0 1 -77 0 0 0
395999,3 296 0 10 -76 0 0 0
403224,3 198 0,501282 14 -83 0 0 0
386998,8 291 0 6,1875 -84 0 0 0
388999,1 292 0,5852541 7,875 -86 0 0 0
389998,7 285 0 6,5625 -84 0 0 0
391999,3 287 0 17,0625 -80 0 0 0
392999,2 289 0 9,5 -77 0 0 0
394999,5 286 0 35,625 -73 0 0 0
395999,5 296 0 10,1875 -75 0 0 0
398999,7 331 0 7,6875 -81 0 0 0
403227,3 198 0 15,875 -82 0 0 0
407027,7 22 0,5051685 10,8125 -88 1 0 0
389998,7 285 0 6,5625 -84 0 0 0
390998,8 293 0 1 -84 0 0 0
392999,2 289 0,5703114 9,8125 -78 0 0 0
395999,5 294 0 10,1875 -75 0 0 0
396999,2 107 0 1 -88 0 0 0
398999,3 332 0 7,9375 -81 0 0 0
403227,4 198 0,5036505 13,4375 -83 0 0 0
390998,8 292 0 1 -84 0 0 0
391999,3 289 0 16,75 -80 0 0 0
393998,9 292 0 1 -77 0 0 0
394999,4 286 0 24,75 -73 0 0 0
396999,1 162 0 1 -87 0 0 0
397999,7 55 0 44,6875 -80 0 0 0
403225,4 91 0 1 -88 0 0 0
389998,9 103 0 7,0625 -83 0 0 0
392999 291 0 9,6875 -77 0 0 0
394999,5 287 0 35,625 -73 0 0 0
395999,5 295 0 10,25 -75 0 0 0
397999,6 55 0 23,625 -80 0 0 0
398999,9 107 0 10,5625 -81 0 0 0
403225 92 0 1 -85 0 0 0
392999,2 291 0 9,75 -77 0 0 0
394999,5 286 0 35,8125 -73 0 0 0
395999,5 295 0 10,25 -75 0 0 0
397999,6 155 0 23,3125 -80 0 0 0
398999,9 334 0 9 -81 0 0 0
405000,7 83 0,692201 14,25 -93 0 0 0
385999,1 293 0 7,75 -86 0 0 0
387998,9 57 0 6,25 -89 0 0 0
388999,1 294 0 7,125 -87 0 0 0
390998,8 295 0 1 -84 0 0 0
396999 341 0 1 -86 0 0 0
398999,7 342 0 7,6875 -81 0 0 0
385999,1 297 0 7,875 -86 0 0 0
388999,2 288 0,5033697 7,5625 -86 0 0 0
389999,1 277 0 6,8125 -84 0 0 0
396999 162 0 1 -87 0 0 0
397999,6 342 0 23,3125 -80 0 0 0
386998,5 290 0 7 -83 0 0 0
389999,1 288 0 6,8125 -84 0 0 0
395999,5 295 0 10,25 -75 0 0 0
397999,6 55 0 23,25 -80 0 0 0
398999,7 333 0 7,6875 -81 0 0 0
407024,2 49 0,741724 6,625 -88 0 0 0
407027,6 159 0 16,8125 -89 0 0 0
385999 294 0 6,5 -86 0 0 0
387998,7 286 0 16,8125 -89 0 0 0
388999,1 289 0 6,3125 -86 0 0 0
396999 341 0 1 -87 0 0 0
398999,8 107 0 8,25 -81 0 0 0
407024,2 288 0,5622782 23,75 -87 0 0 0
407023,8 162 0 9,5 -87 0 0 0
385999 294 0 7,3125 -85 0 0 0
386998,6 287 0 6,3125 -83 0 0 0
388999,2 293 0 7,75 -86 0 0 0
389998,8 286 0 6,875 -84 0 0 0
396999,1 286 0 1 -87 0 0 0
407027,5 286 0 16,4375 -89 0 0 0
386998,5 57 0 6,125 -83 0 0 0
390998,8 293 0 1 -84 0 0 0
397999,6 290 0 23,625 -80 0 0 0
398999,7 335 0 8,5625 -81 0 0 0
385999 293 0 5,5 -86 0 0 0
388999,2 294 0,5254784 6,625 -87 0 0 0
396999 162 0 1 -87 0 0 0
398999,6 334 0 8 -81 0 0 0
385999,1 294 0 6,4375 -86 0 0 0
388999,3 296 0 8,375 -87 0 0 0
389998,8 283 0 6,875 -84 0 0 0
396999,1 158 0 1 -87 0 0 0
397999,6 156 0 23,5 -80 0 0 0
405015,2 30 0,6076558 5,9375 -88 0 0 0
386998,9 61 0 7,1875 -84 0 0 0
389999,1 286 0 6,8125 -84 0 0 0
390998,8 55 0 1 -84 0 0 0
392999,2 287 0,5323359 9,5625 -77 0 0 0
398999,8 335 0 9,25 -81 0 0 0
385999 296 0 6,5 -86 0 0 0
388999,1 292 0 6,3125 -86 0 0 0
390998,8 55 0 1 -84 0 0 0
393998,9 291 0 1 -77 0 0 0
385999 294 0 6,5 -86 0 0 0
386998,6 291 0 6,5625 -84 0 0 0
388999,1 294 0 6,4375 -86 0 0 0
391999,4 287 0 17,6875 -79 0 0 0
392999,2 291 0 9,5 -77 0 0 0
394999,5 286 0 35,8125 -73 0 0 0
395999,3 296 0 9,5 -75 0 0 0
407024 59 0 11,1875 -88 0 0 0
388999,1 288 0,5128993 9,25 -87 0 0 0
390998,8 55 0 1 -85 0 0 0
391999,4 286 0 24,0625 -80 0 0 0
393998,9 58 0 1 -77 0 0 0
394999,5 286 0 35,8125 -73 0 0 0
396999,1 284 0 1 -87 0 0 0
397999,6 290 0 23,625 -80 0 0 0
386998,6 288 0 7,25 -83 0 0 0
387998,8 279 0 8,625 -89 0 0 0
389999,3 276 0 7,1875 -84 0 0 0
390998,8 294 0 1 -84 0 0 0
392999,3 59 0 9,5625 -77 0 0 0
393998,9 58 0 1 -77 0 0 0
396999,1 285 0 1 -88 0 0 0
398999,9 342 0 9 -81 0 0 0
407024,1 163 0,5518979 17,8125 -89 0 0 0
388999,2 292 0 7,5625 -86 0 0 0
390998,8 62 0 1 -84 0 0 0
393998,9 101 0 1 -77 0 0 0
394999,5 286 0 35,4375 -73 0 0 0
396999 162 0 1 -87 0 0 0
397999,7 155 0 44,75 -80 0 0 0
386998,6 59 0 7,25 -83 0 0 0
392999,3 291 0 10,0625 -77 0 0 0
394999,5 286 0 24,5625 -73 0 0 0
395999,5 299 0,5578406 10,125 -75 0 0 0
397999,6 154 0 23,5 -80 0 0 0
385999,2 293 0 7,5625 -86 0 0 0
388999,2 293 0 7,75 -86 0 0 0
395999,3 295 0 10,125 -75 0 0 0
396999 287 0 1 -87 0 0 0
398999,6 330 0 8 -81 0 0 0
407024,1 288 0 17,4375 -89 0 0 0
407027,8 50 0,5332038 6,375 -89 0 0 0
385999 291 0 6,5 -86 0 0 0
386999 292 0 6,6875 -83 0 0 0
388999,1 295 0 7,875 -86 0 0 0
389998,9 287 0 7,1875 -84 0 0 0
397999,6 55 0 23,625 -80 0 0 0
407024,2 28 0,6304059 20,375 -88 0 0 0
407024 154 0 9,3125 -89 0 0 0
386998,6 292 0 7,25 -83 0 0 0
389998,7 287 0 6,5625 -84 0 0 0
390998,8 294 0 1 -84 0 0 0
392999,3 59 0 9,5625 -77 0 0 0
393998,9 58 0 1 -77 0 0 0
395999,5 295 0 10,1875 -75 0 0 0
407023,8 153 0 8,125 -88 0 0 0
407023,6 162 0 9,125 -88 0 0 0
385998,9 296 0 6,75 -86 0 0 0
386998,9 289 0 7,0625 -83 0 0 0
388999,2 292 0 6,5 -87 0 0 0
389998,8 287 0 6,875 -84 0 0 0
391999,4 287 0 16,625 -80 0 0 0
394999,5 285 0 33,9375 -74 0 0 0
395999,5 296 0 10,1875 -75 0 0 0
397999,6 155 0 23,375 -80 0 0 0
407024,2 162 0 16,9375 -89 0 0 0
390998,9 55 0 1 -85 0 0 0
391999,1 279 0,5357602 22 -83 0 0 0
392999,2 60 0 31 -86 0 0 0
393998,9 59 0 1 -77 0 0 0
394999,3 287 0 15,875 -76 0 0 0
396000,8 293 0 7,1875 -86 0 0 0
396998,9 162 0 1 -87 0 0 0
397999,4 156 0 22,375 -82 0 0 0
385998,9 294 0 6,75 -86 0 0 0
388999,2 292 0 6,625 -87 0 0 0
390998,9 293 0 1 -85 0 0 0
391999,3 286 0 13,75 -79 0 0 0
393998,9 59 0 1 -77 0 0 0
396999,1 162 0 1 -88 0 0 0
397999,7 289 0 45 -80 0 0 0
407023,9 289 0 9,8125 -89 0 0 0
386998,6 291 0 6,3125 -83 0 0 0
388999 287 0 6,75 -86 0 0 0
389998,9 286 0 6,4375 -84 0 0 0
391999,4 287 0 16,625 -80 0 0 0
392999,2 292 0 9,5625 -77 0 0 0
394999,5 286 0 24,5625 -73 0 0 0
395999,5 295 0,5172198 10,375 -75 0 0 0
397999,6 290 0 23,3125 -80 0 0 0
389998,8 287 0 6,875 -84 0 0 0
390998,9 57 0 1 -85 0 0 0
392999,3 292 0 9,0625 -77 0 0 0
393998,9 292 0 1 -77 0 0 0
395999,6 295 0 10 -75 0 0 0
388999,3 290 0 8,5625 -87 0 0 0
391999,3 287 0 13,875 -79 0 0 0
393998,9 58 0 1 -77 0 0 0
394999,5 286 0 24,5625 -73 0 0 0
396999,1 162 0 1 -87 0 0 0
397999,6 290 0 23,3125 -80 0 0 0
403225,1 198,5316 0,5745005 9,375 -83 0,5316162 0 0
407024,2 162 0 17,1875 -89 0 0 0
389998,9 286 0 8,5 -85 0 0 0
391999,3 287 0 13,875 -79 0 0 0
392999 291 0 11,125 -78 0 0 0
394999,5 286 0 35,4375 -73 0 0 0
395999,4 295 0 11,625 -76 0 0 0
398999,8 333 0 9,25 -81 0 0 0
403227 91 0 11 -82 0 0 0
392999,2 291 0 9,6875 -77 0 0 0
393998,9 59 0 1 -77 0 0 0
395999,5 295 0,5156076 10,625 -75 0 0 0
396999,1 162 0 1 -87 0 0 0
398999,6 334 0 8,9375 -81 0 0 0
391999,3 287 0 17,9375 -79 0 0 0
393998,9 101 0 1 -77 0 0 0
394999,5 162 0 24,5625 -73 0 0 0
396999,2 162 0 1 -88 0 0 0
397999,6 154 0 23,625 -80 0 0 0
403224,4 92 0 17,8125 -84 0 0 0
403226,4 200 0 8,625 -82 0 0 0
405015,3 29 0,7145051 6 -89 0 0 0
386998,4 59 0 7,5625 -83 0 0 0
389999,1 287 0 7,625 -84 0 0 0
392999,3 57 0 9,4375 -77 0 0 0
395999,5 296 0 10,1875 -75 0 0 0
397999,5 55 0 16,5 -80 0 0 0
403225 91 0,5424547 6,125 -89 0 0 0
385999 294 0 5,625 -86 0 0 0
388999 291 0 6,75 -86 0 0 0
395999,5 295 0 10,125 -75 0 0 0
398999,7 342 0 8,5625 -81 0 0 0
403224,8 201 0 1 -85 0 0 0
385999 293 0 6,625 -86 0 0 0
386998,4 62 0 6,875 -84 0 0 0
388999,2 306 0 6,6875 -87 0 0 0
389999,1 261 0,502963 5 -85 0 0 0
391999,3 287 0 14 -79 0 0 0
397999,7 291 0 44,875 -80 0 0 0
403224,3 198 0 11,75 -82 0 0 0
403224,7 92 0 23,1875 -83 0 0 0
386998,8 62 0 9,4375 -84 0 0 0
387998,8 158 0 6,0625 -89 0 0 0
389998,8 287 0 8,9375 -86 0 0 0
390998,8 55 0 1 -84 0 0 0
392999,2 292 0 13,1875 -79 0 0 0
393998,9 100 0 1 -77 0 0 0
403224,7 198 0 3,875 -84 0 0 0
403225,1 197 0 1 -87 0 0 0
385998,9 57 0 6,75 -86 0 0 0
387998,8 285 0 8,8125 -89 0 0 0
388999,3 292 0 8,4375 -87 0 0 0
390998,9 55 0 1 -85 0 0 0
391999,4 287 0 16,625 -80 0 0 0
398999,7 107 0 7,6875 -81 0 0 0
385999,1 294 0 6,4375 -86 0 0 0
386998,4 57 0 6,75 -83 0 0 0
388999,2 294 0 6,75 -87 0 0 0
389999,3 285 0 7,1875 -84 0 0 0
391999,4 288 0 16,5 -80 0 0 0
392999,2 291 0 10,1875 -77 0 0 0
395999,5 294 0 10,0625 -75 0 0 0
397999,6 155 0 23,625 -80 0 0 0
405015,2 120 0 5,0625 -86 0 0 0
405015,3 29 0,7142283 5,5625 -85 0 0 0
386998,7 292 0 7,75 -84 0 0 0
390998,7 294 0 1 -83 0 0 0
392999,4 291 0 13,5 -77 0 0 0
393998,9 59 0 11,3125 -73 0 0 0
395999,2 295 0 14,625 -76 0 0 0
396999 162 0 1 -85 0 0 0
398999,9 337 0 13,75 -82 0 0 0
407025,4 105,5054 0,7086812 19,6875 -62 0,5053787 0 0
386997,9 60 0 1 -88 0 0 0
386998,7 59 0 8,875 -84 0 0 0
389999,1 288 0 8,75 -84 0 0 0
391999,4 286 0 26,4375 -79 0 0 0
392999,3 292 0 12,4375 -77 0 0 0
394999,6 162 0 69 -73 0 0 0
397999,5 55 0 24,1875 -80 0 0 0
385999,1 295 0 10,375 -86 0 0 0
388999,2 291 0 10,375 -86 0 0 0
390998,8 55 0 1 -83 0 0 0
398999,6 342 0 10,0625 -81 0 0 0
385999 294 0 6,625 -86 0 0 0
386998,7 60 0 7,75 -84 0 0 0
388999,3 291 0,5367592 7,3125 -86 0 0 0
394999,5 286 0 35,4375 -73 0 0 0
396999,1 162 0 1 -87 0 0 0
405000,4 198 0 15,375 -92 0 0 0
386998,7 58 0 7,5625 -83 0 0 0
387998,9 336 0 4,75 -89 0 0 0
390998,8 55 0 1 -84 0 0 0
392999,3 58 0 9,5625 -77 0 0 0
393998,9 292 0 1 -77 0 0 0
395999,5 296 0 10,5 -76 0 0 0
385999 297 0 6,5 -86 0 0 0
388999,1 291 0,6342522 6,4375 -86 0 0 0
390998,9 55 0 1 -85 0 0 0
391999,4 286 0 16,5 -80 0 0 0
393998,9 59 0 1 -77 0 0 0
396999,1 331 0 1 -87 0 0 0
397999,6 156 0 23,25 -80 0 0 0
385999,1 293 0 7,1875 -85 0 0 0
386998,9 59 0 7,0625 -83 0 0 0
388999,2 291 0 7,5625 -86 0 0 0
391999,3 287 0 17,9375 -79 0 0 0
392999,2 291 0 10,125 -77 0 0 0
394999,5 286 0 35,625 -73 0 0 0
395999,5 295 0 9,9375 -75 0 0 0
397999,6 55 0 23,875 -80 0 0 0
398999,9 342 0 10,5625 -81 0 0 0
388999,1 293 0 6,875 -87 0 0 0
389999,1 162 0 9,75 -86 0 0 0
391999,4 286 0 23,75 -80 0 0 0
392999,4 58 0 14,5 -79 0 0 0
393999,2 291 0 16,4375 -86 0 0 0
394999,5 286 0 35,625 -73 0 0 0
395999,5 295 0 15,1875 -78 0 0 0
397999,7 157 0 45,25 -80 0 0 0
398999,8 106 0 11,875 -82 0 0 0
390998,8 294 0 1 -84 0 0 0
392999,2 289 0 10,5 -78 0 0 0
393998,9 59 0 1 -77 0 0 0
395999,5 296 0 10,5 -76 0 0 0
398999,9 331 0 9 -81 0 0 0
385999 294 0 6,5 -86 0 0 0
391999,4 287 0 23,875 -80 0 0 0
394999,5 159 0 35,625 -73 0 0 0
396999,1 162 0 1 -87 0 0 0
397999,7 290 0 44,6875 -80 0 0 0
385999,1 294 0 8 -86 0 0 0
386998,7 59 0 7,5625 -83 0 0 0
388999,2 291 0 7,5625 -86 0 0 0
389998,9 287 0 7,9375 -83 0 0 0
394999,5 285 0 35,8125 -73 0 0 0
396999,1 329 0 1 -87 0 0 0
397999,6 153 0 23,875 -80 0 0 0
407076 193 0 15,6875 -85 0 0 0
407076,3 306 0 1 -85 0 0 0
386999 290 0 8,375 -83 0 0 0
389998,9 287 0 7,1875 -84 0 0 0
390998,8 55 0 1 -84 0 0 0
392999 292 0 9,6875 -77 0 0 0
398999,8 331 0 9,25 -81 0 0 0
386998,7 290 0 7,5625 -83 0 0 0
387998,6 55 0 16,1875 -89 0 0 0
389999,1 285 0 8,75 -84 0 0 0
392999,2 292 0 11,5 -77 0 0 0
393998,9 59 0 1 -77 0 0 0
395999,4 296 0 12,9375 -77 0 0 0
405015,4 27 0,7750332 6,4375 -87 0 0 0
385999,1 295 0 8 -86 0 0 0
388999,2 293 0 6,6875 -87 0 0 0
390998,8 294 0 1 -84 0 0 0
391999,3 286 0 16,9375 -80 0 0 0
393998,8 292 0 1 -77 0 0 0
394999,5 287 0 35,4375 -73 0 0 0
396999 334 0 1 -87 0 0 0
405014 31 0,7005938 8,125 -89 0 0 0
387998,8 55 0 9,125 -89 0 0 0
390998,8 55 0 1 -84 0 0 0
392999,2 58 0 10,5625 -77 0 0 0
393998,8 59 0 1 -77 0 0 0
396999,1 162 0 1 -87 0 0 0
398999,6 332 0 8,9375 -81 0 0 0
385998,9 293 0 8,5625 -86 0 0 0
393998,8 100 0 1 -76 0 0 0
394999,4 59 0 18,5 -78 0 0 0
395999,6 296 0 18,75 -82 0 0 0
396999,1 283 0 1 -88 0 0 0
397999,5 55 0 35,625 -84 0 0 0
398999,3 336 0 9,125 -88 0 0 0
385998,9 143 0 10,6875 -89 0 0 0
386998,6 60 0 7,25 -83 0 0 0
391999,3 287 0 16,9375 -80 0 0 0
392979,8 306 0 17,8125 -93 0 0 0
393999,1 59 0 11,8125 -74 0 0 0
394999,5 286 0 35,8125 -73 0 0 0
396999,2 105 0 1 -88 0 0 0
397999,7 290 0 45,25 -80 0 0 0
407025,3 297 0 12,375 -67 0 0 0
386998,5 288 0 8,9375 -85 0 0 0
394999,6 285 0 64,625 -74 0 0 0
397999,7 291 0 41,75 -81 0 0 0
398999,7 332 0 7,9375 -82 0 0 0
387998,9 55 0 5,8125 -88 0 0 0
389999,1 287 0 6,8125 -84 0 0 0
390998,8 57 0 1 -84 0 0 0
395999,5 295 0 10,0625 -75 0 0 0
397999,6 156 0 23,25 -80 0 0 0
398999,7 106 0 7,6875 -81 0 0 0
385999,1 295 0 7 -85 0 0 0
386998,7 291 0 7,5625 -83 0 0 0
388999,3 291 0 9,5 -86 0 0 0
389998,7 286 0 6,5625 -84 0 0 0
391999,5 287 0 23,625 -80 0 0 0
397999,6 55 0 23,25 -80 0 0 0
386998,6 289 0 7,25 -83 0 0 0
387998,8 162 0 6,0625 -89 0 0 0
389998,8 286 0 7,75 -84 0 0 0
390998,8 55 0 1 -85 0 0 0
392999,3 291 0 10,0625 -77 0 0 0
386998,7 63 0 6,875 -84 0 0 0
389998,6 287 0 6,375 -84 0 0 0
390999,1 55 0 1 -84 0 0 0
398999,7 342 0 8,5625 -81 0 0 0
389998,9 285 0 7,0625 -83 0 0 0
390998,8 57 0 1 -84 0 0 0
392999,4 60 0 10,0625 -77 0 0 0
395999,5 296 0 10,5 -76 0 0 0
396999 333 0 1 -87 0 0 0
398999,8 342 0 8,25 -81 0 0 0
385998,9 295 0 6,75 -86 0 0 0
387998,8 162 0 8,625 -89 0 0 0
388999,1 293 0 6,875 -87 0 0 0
390998,9 47 0 1 -85 0 0 0
391999,3 286 0 13,875 -79 0 0 0
393998,9 59 0 1 -77 0 0 0
394999,5 286 0 24,5625 -73 0 0 0
405000,9 55 0,6564224 14,625 -93 0 0 0
405015,3 21 0,6754218 5,5625 -85 0 0 0
385999,1 293 0 6,4375 -86 0 0 0
386998,7 292 0 7,5625 -83 0 0 0
394999,5 287 0 35,25 -73 0 0 0
396999,1 337 0 1 -87 0 0 0
397999,6 291 0 23,3125 -80 0 0 0
