388749 295 0,5913675 9,3125 -89 0 0 0
393748,9 293 0 12,4375 -76 0 0 0
393748,9 293 0 11,4375 -76 0 0 0
393749 292 0 10,625 -75 0 0 0
393998,7 292 0 15,25 -86 0 0 0
407023,8 306 0 7 -89 0 0 0
390498,7 146 0 1 -87 0 0 0
390498,8 58 0 9,6875 -85 0 0 0
390498,8 157 0 10,5625 -87 0 0 0
395249,5 290 0 16,25 -87 0 0 0
395249,2 292 0 17,25 -83 0 0 0
395249,6 291 0 16,8125 -81 0 0 0
395499,7 294 0 22,8125 -77 0 0 0
395499,7 293 0 29 -79 0 0 0
395499,6 293 0 27,875 -80 0 0 0
386998,7 286 0 9,625 -87 0 0 0
386998,7 295 0 11 -86 0 0 0
386998,6 292 0 9,4375 -85 0 0 0
391999,4 286 0 35,625 -84 0 0 0
391999,3 287 0 22,375 -82 0 0 0
391999,2 287 0 17,1875 -81 0 0 0
392249,4 288 0 24,4375 -88 0 0 0
390498,3 290 0 1 -87 0 0 0
390498,5 162 0 1 -87 0 0 0
390498,6 154 0 1 -89 0 0 0
395250 159 0 15,25 -88 0 0 0
395499,7 293 0 20,375 -76 0 0 0
395499,7 293 0 22,8125 -77 0 0 0
395499,7 293 0 23,375 -77 0 0 0
387498,6 99 0 10,6875 -89 0 0 0
392500,2 162 0 6,75 -87 0 0 0
392499,3 286 0 16,25 -83 0 0 0
392749,5 288 0 17,375 -82 0 0 0
392747,8 55 0 13,25 -87 0 0 0
393998,9 58 0 17,3125 -78 0 0 0
393999 291 0 15,375 -76 0 0 0
393999 58 0 12,3125 -75 0 0 0
394249,3 105 0 20,875 -81 0 0 0
394248,9 104 0 25,625 -84 0 0 0
394249,3 332 0 17,5625 -87 0 0 0
391248,9 295 0 1 -82 0 0 0
391249 295 0 1 -82 0 0 0
391249 293 0 1 -83 0 0 0
396249,3 99 0 10,875 -80 0 0 0
396249,3 101 0 10,75 -80 0 0 0
396249,5 295 0 12,1875 -80 0 0 0
392999,9 156 0 22,875 -89 0 0 0
393249,2 292 0 11,875 -79 0 0 0
393249 290 0 10,875 -79 0 0 0
393248,9 291 0 14 -80 0 0 0
390498,6 55 0 1 -89 0 0 0
390498,8 43 0 11,4375 -89 0 0 0
390499,2 290 0 10,6875 -88 0 0 0
390748,7 55 0 10,625 -86 0 0 0
390748,7 45 0 9,8125 -88 0 0 0
395499,6 294 0 27,875 -80 0 0 0
395499,7 289 0,5234482 29 -79 0 0 0
395499,7 294 0 14,3125 -82 0 0 0
395749,6 295 0 20,375 -80 0 0 0
395749,4 295 0 23,9375 -83 0 0 0
395749,7 293 0,503933 15,125 -86 0 0 0
387498,5 284 0 7,9375 -88 0 0 0
392499,3 287 0 18,3125 -82 0 0 0
392499,1 286 0 15,125 -81 0 0 0
392499,1 286 0 15,125 -81 0 0 0
392748,4 157 0 13,5 -86 0 0 0
389249,3 101 0 8,375 -88 0 0 0
389249,3 288 0 6,8125 -89 0 0 0
394249,3 286 0 14,875 -76 0 0 0
394249,2 287 0 14,9375 -75 0 0 0
394249 290 0 10,75 -75 0 0 0
394499,2 289 0 17,875 -85 0 0 0
394499,2 161 0 17,3125 -87 0 0 0
390748,5 290 0 1 -85 0 0 0
390748,6 45 0 1 -86 0 0 0
390748,6 55 0 1 -86 0 0 0
395749,6 296 0 15,625 -77 0 0 0
395749,8 294 0 19,5 -77 0 0 0
395749,7 295 0 19,0625 -77 0 0 0
407027,8 105,3251 0,6077845 20,625 -62 0,3251343 0 0
387248,8 294 0 10,1875 -86 0 0 0
387248,5 293 0 13,75 -88 0 0 0
391999,3 290 0 13,4375 -85 0 0 0
392249,3 287 0,5005618 23,125 -82 0 0 0
392249,6 286 0 38,4375 -83 0 0 0
392248,9 287 0 21,375 -84 0 0 0
388749,1 297 0 10,6875 -88 0 0 0
388748,9 294 0 9,5625 -89 0 0 0
393499,2 286 0 21,375 -88 0 0 0
393749,2 293 0 13,1875 -75 0 0 0
393749 292 0 13,4375 -76 0 0 0
393748,9 294 0 16,25 -77 0 0 0
390498,4 59 0,5133212 10,1875 -88 0 0 0
390498,8 157 0 11,1875 -86 0 0 0
390498,7 55 0 10,9375 -85 0 0 0
390748,7 55 0 10,6875 -88 0 0 0
395499,7 294 0 30,875 -78 0 0 0
395499,8 294 0 15,5625 -80 0 0 0
395499,8 294 0 15,5625 -80 0 0 0
395749,7 296 0 16,0625 -82 0 0 0
395748,9 294 0 15,875 -85 0 0 0
395747,4 55 0 19,0625 -89 0 0 0
407076,3 194 0 3,8125 -85 0 0 0
407076,1 306 0 29,4375 -85 0 0 0
392749,4 153 0 21 -84 0 0 0
392748,9 58 0 16,6875 -83 0 0 0
392749,4 287 0 15,375 -81 0 0 0
392999,2 60 0 15 -83 0 0 0
392999,2 292 0 18,9375 -85 0 0 0
392998,1 294 0 12,8125 -87 0 0 0
389999,6 287 0 8,875 -87 0 0 0
389999,1 162 0 10,6875 -87 0 0 0
389999,6 285 0 12,6875 -89 0 0 0
394749,4 162 0 18,3125 -85 0 0 0
394749,4 286 0 18,0625 -83 0 0 0
394749,1 290 0 18,625 -80 0 0 0
394999,3 289 0 35,4375 -75 0 0 0
394999,3 287 0 15,875 -76 0 0 0
394999,4 287 0 17 -78 0 0 0
386998,1 291 0 1 -89 0 0 0
386998,1 292 0 1 -89 0 0 0
386999,3 291 0 8,5 -85 0 0 0
391999,4 289 0 22,875 -81 0 0 0
391999,4 286 0,5140796 23,125 -81 0 0 0
391999,3 287 0 23,4375 -81 0 0 0
389998,8 288 0 8,9375 -86 0 0 0
389999,4 284 0 9,625 -87 0 0 0
389998,7 288 0,6108763 10,6875 -88 0 0 0
394749,4 286 0 19,8125 -84 0 0 0
394749,1 105 0 19,375 -82 0 0 0
394749,4 288 0 19,25 -80 0 0 0
394999,3 162 0 14,6875 -75 0 0 0
394999,4 287 0 15,75 -77 0 0 0
394999,4 162 0 17,75 -78 0 0 0
386499 97 0 12,6875 -89 0 0 0
386749,4 289 0 13 -86 0 0 0
386749,1 291 0 9,625 -87 0 0 0
386748,8 290 0 12,1875 -88 0 0 0
391499,1 290 0,5652626 5,8125 -87 0 0 0
391499,1 296 0 13,125 -85 0 0 0
391749,2 99 0 40,6875 -82 0 0 0
391749,4 292 0 6,3125 -83 0 0 0
391749,1 288 0 13,4375 -85 0 0 0
388749 295 0,5864719 9,3125 -89 0 0 0
393749,1 292 0 12,4375 -76 0 0 0
393748,9 292 0 10,5625 -76 0 0 0
393748,9 292 0 10,625 -76 0 0 0
393999,2 292 0 19,8125 -89 0 0 0
405015,3 27 0,6654417 7,0625 -85 0 0 0
405015 18 0,6011894 7,75 -84 0 0 0
391249 294 0 1 -82 0 0 0
391248,9 294 0 4,125 -82 0 0 0
391249 294 0 1 -83 0 0 0
395999,2 306 0 16,25 -87 0 0 0
396249,1 295 0 10,4375 -80 0 0 0
396249,3 99 0 11,1875 -80 0 0 0
396249,5 294 0 16,9375 -83 0 0 0
387498,5 291 0 9,5 -87 0 0 0
387498,4 292 0 9,5625 -89 0 0 0
387498,6 103 0 12,8125 -88 0 0 0
392499,3 287 0 13,3125 -80 0 0 0
392499,4 287 0 15,375 -80 0 0 0
392499,3 287 0 15,875 -80 0 0 0
393999 291 0 19,5625 -79 0 0 0
393999 101 0 20,125 -78 0 0 0
393999 59 0 15,25 -76 0 0 0
394248,9 288 0 20,875 -80 0 0 0
394249,2 286 0 19,5625 -80 0 0 0
394249,7 288 0 24,9375 -84 0 0 0
403225,2 197 0 1 -87 0 0 0
390998,8 55 0 11,125 -85 0 0 0
390998,9 293 0 1 -85 0 0 0
390998,8 60 0 1 -85 0 0 0
391249,3 292 0 20,375 -89 0 0 0
395999,6 297 0 19,3125 -81 0 0 0
395999,2 295 0 13,875 -80 0 0 0
395999,5 296 0 14,9375 -79 0 0 0
396249 103 0 14,875 -86 0 0 0
396248,4 55 0 20,375 -89 0 0 0
403227,1 92 0 10,625 -82 0 0 0
387498,4 288 0 9,8125 -89 0 0 0
387498,5 289 0 9,5 -87 0 0 0
387498,4 290 0 9,5625 -89 0 0 0
392499,3 286 0 15,875 -80 0 0 0
392499,4 287 0 16 -80 0 0 0
392499,1 285 0 15,375 -81 0 0 0
403225 198 0 1 -86 0 0 0
403224,5 197 0 33,3125 -84 0 0 0
393499,3 292 0 15,9375 -79 0 0 0
393498,9 292 0 14,25 -78 0 0 0
393498,9 293 0 12 -77 0 0 0
393749,2 293 0 25,1875 -84 0 0 0
393749,4 295 0 15,25 -88 0 0 0
403224,8 198 0,5003393 1 -85 90 0 0
405015,2 18 0,6955783 7,9375 -86 0 0 0
386499,2 292 0 10,8125 -85 0 0 0
386498,8 293 0 10,0625 -85 0 0 0
386499,1 55 0 13 -86 0 0 0
391248,9 291 0 5,1875 -88 0 0 0
391499,1 293 0 4,375 -81 0 0 0
391499,1 293 0 4,8125 -81 0 0 0
391499,1 291 0 5,1875 -82 0 0 0
396249,5 95 0 12,1875 -86 0 0 0
409063,3 224 0 17,4375 -89 0 0 0
387748,7 162 0 9,8125 -89 0 0 0
392497,9 292 0 22,875 -89 0 0 0
392749,3 61 0 12,4375 -79 0 0 0
392749,1 288 0 13,8125 -80 0 0 0
392749,4 61 0 15,375 -81 0 0 0
389249,3 289 0 8,375 -88 0 0 0
389249,1 292 0,5074192 8 -87 0 0 0
389249,1 288 0,5273153 6,875 -88 0 0 0
394000,2 101 0 21,375 -87 0 0 0
394249 290 0 1 -75 0 0 0
394249 290 0 11,1875 -74 0 0 0
394249,1 290 0 14,4375 -75 0 0 0
390499,1 55 0 1 -87 0 0 0
390498,4 55 0 1 -87 0 0 0
390498,3 152 0 1 -87 0 0 0
395249,6 290 0 14,8125 -85 0 0 0
395499,7 293 0 20,375 -76 0 0 0
395499,7 294 0 23,375 -77 0 0 0
395499,8 293 0 29,9375 -78 0 0 0
386999 290 0 10,1875 -89 0 0 0
387248,5 293 0 9,125 -88 0 0 0
391998,8 290 0 22,875 -89 0 0 0
391999,3 284 0 29,3125 -86 0 0 0
391999,6 58 0 6,4375 -86 0 0 0
392249,3 287 0 16,8125 -82 0 0 0
392249,4 287 0 20,375 -84 0 0 0
392249,5 288 0 30,5 -86 0 0 0
389499,3 291 0 13,75 -88 0 0 0
389499,3 284 0 11,4375 -89 0 0 0
389748,8 292 0 9,125 -88 0 0 0
394499,2 105 0 17,3125 -80 0 0 0
394499,2 287 0 17,8125 -79 0 0 0
394499,3 286 0 16,6875 -77 0 0 0
394749,4 286 0 16,125 -79 0 0 0
394749,4 285 0 17,3125 -81 0 0 0
394748,9 162 0 21,875 -82 0 0 0
403226,2 200 0 8,125 -82 0 0 0
405015,1 33 0,7340646 7,3125 -87 0 0 0
405014,9 18 0 7,5625 -86 0 0 0
386498,8 292 0 9,625 -87 0 0 0
386499,5 61 0 20,375 -89 0 0 0
391248,9 292 0 5,8125 -87 0 0 0
391249,2 294 0,5123069 12,1875 -86 0 0 0
391248,9 98 0 4,9375 -85 0 0 0
391499,1 293 0 5,75 -83 0 0 0
391499,1 294 0 12,1875 -85 0 0 0
391499,1 99 0 12,8125 -86 0 0 0
396249 295 0 15,75 -85 0 0 0
396249,1 99 0 14,1875 -83 0 0 0
396249,5 292 0 12,1875 -86 0 0 0
403225,1 94 0 1 -87 0 0 0
403227,4 200 0 13,4375 -83 0 0 0
389499,1 288 0 10,1875 -86 0 0 0
389499,3 288 0,5027769 7,625 -86 0 0 0
389499,4 288 0 11,625 -86 0 0 0
394499,3 287 0 12,0625 -76 0 0 0
394499,2 286 0 5,75 -76 0 0 0
394499,3 287 0 1 -76 0 0 0
394749,4 286 0 17,3125 -87 0 0 0
394749,9 289 0 20,375 -89 0 0 0
407073,9 306 0 1 -89 0 0 0
386998,6 291 0 9,4375 -85 0 0 0
386998,7 292 0 8 -85 0 0 0
386998,8 293 0 8,5 -85 0 0 0
391999,4 287 0 22,875 -81 0 0 0
391999,4 288 0 23,125 -81 0 0 0
391999,2 286 0 16,8125 -81 0 0 0
407075,9 190 0 18,3125 -84 0 0 0
393248,7 289 0 18,8125 -86 0 0 0
393248,9 293 0 17,3125 -84 0 0 0
393249,4 291 0 16,9375 -83 0 0 0
393498,9 292 0 14,375 -79 0 0 0
393498,9 293 0 17,1875 -81 0 0 0
393498,9 291 0 22,875 -84 0 0 0
407075,4 355 0 4,75 -89 0 0 0
389748,8 287 0 15,25 -89 0 0 0
389748,8 285 0 12,1875 -88 0 0 0
389999,5 162 0 10,6875 -88 0 0 0
394749,2 285 0 17,8125 -79 0 0 0
394749,2 286 0 17,25 -78 0 0 0
394749,4 286 0 15,8125 -77 0 0 0
394999,7 287 0 18,3125 -80 0 0 0
394999,2 162 0 19,625 -81 0 0 0
394999,2 288 0 19,0625 -82 0 0 0
387248,3 294 0,5481934 1 -89 0 0 0
387248,8 293 0 6,8125 -86 0 0 0
387248,6 102 0 9,5625 -86 0 0 0
392249,4 286 0 17,625 -81 0 0 0
392249,3 286 0 14,9375 -80 0 0 0
392249,4 288 0 18,5 -80 0 0 0
407024 107,4711 0,5911824 20,8125 -62 0,4711075 0 0
389999,1 286 0 12,1875 -86 0 0 0
389999,5 285 0 14,25 -86 0 0 0
394999,4 287 0 16,25 -76 0 0 0
394999,5 287 0 15,3125 -75 0 0 0
395249,2 291 0 18,5 -85 0 0 0
395250,3 290 0 16,5625 -87 0 0 0
386499,3 292 0 13,75 -85 0 0 0
386499,4 58 0 14,5625 -84 0 0 0
391499,1 293 0 11,875 -81 0 0 0
391499,1 161 0 5,1875 -82 0 0 0
391499,1 293 0 4,8125 -80 0 0 0
392999,4 288 0 12,875 -79 0 0 0
392999,2 162 0 11,5 -79 0 0 0
392999,4 290 0,5219753 13,625 -80 0 0 0
389749,3 288 0 9,4375 -85 0 0 0
389748,8 286 0 9,75 -86 0 0 0
389749,1 285 0 9,625 -87 0 0 0
394500,7 106 0 36,625 -88 0 0 0
394499,2 285 0 21,5625 -83 0 0 0
394749,3 286 0 63,3125 -75 0 0 0
394749,3 287 0 63,1875 -75 0 0 0
394749,3 162 0 15,625 -76 0 0 0
387248,4 294 0 10,1875 -87 0 0 0
387248,4 290 0,50636 8,5625 -86 0 0 0
387248,6 293 0,5043027 7,625 -86 0 0 0
392249,3 287 0 16,8125 -82 0 0 0
392249,4 287 0 17,1875 -81 0 0 0
392249,3 286 0 14,5625 -80 0 0 0
389999,1 162 0 9,75 -86 0 0 0
389999,4 290 0 8,25 -88 0 0 0
394749,4 290 0 24,4375 -85 0 0 0
394749,4 286 0 18,625 -81 0 0 0
394749,4 162 0 18,3125 -79 0 0 0
394999,3 162 0 13,75 -76 0 0 0
394999,5 287 0 17,3125 -77 0 0 0
394999,7 287 0 18,5 -79 0 0 0
405015,1 27 0,6690358 6,6875 -85 1 0 0
405015,2 26 0,6424249 6,375 -84 0 0 0
386999 294 0,5161014 10,1875 -89 0 0 0
386998,5 291 0,5551498 12,6875 -89 0 0 0
386999 293 0 9,75 -86 0 0 0
391999,3 288 0 29,3125 -86 0 0 0
391999,4 287 0 34,875 -84 0 0 0
391999,4 288 0 35,625 -84 0 0 0
392249,3 286 0 19,25 -85 0 0 0
392249,4 286 0 28,5 -87 0 0 0
388748,9 297 0,514203 9,5625 -89 0 0 0
388749,1 292 0 8,8125 -89 0 0 0
388749,1 295 0 8,875 -89 0 0 0
393748,9 292 0 11,875 -77 0 0 0
393748,9 293 0 12 -76 0 0 0
393748,9 292 0 10,8125 -76 0 0 0
389998,8 288 0 10,0625 -85 0 0 0
389998,6 287 0 10,1875 -86 0 0 0
389999,4 287 0 9,625 -87 0 0 0
394750,2 292 0 19,8125 -88 0 0 0
394749,4 286 0 24,125 -85 0 0 0
394999,4 287 0 37,875 -74 0 0 0
394999,4 162 0 35,5 -75 0 0 0
394999,3 287 0 14,6875 -75 0 0 0
386748,1 62 0 10,5 -86 0 0 0
386749,5 60 0 22,875 -89 0 0 0
386998,7 55 0 11 -86 0 0 0
386999 289 0 9,125 -88 0 0 0
391749,1 101 0 29,3125 -86 0 0 0
391749,4 292 0 12,8125 -86 0 0 0
391749,1 56 0 13,625 -84 0 0 0
391999,3 287 0 32,4375 -85 0 0 0
391999,2 288 0 21,5625 -83 0 0 0
391999,6 286 0 6,4375 -86 0 0 0
393249,2 291 0 13 -79 0 0 0
393249 289 0 11,625 -79 0 0 0
393249,2 291 0 12,875 -79 0 0 0
391249 293 0 1 -82 0 0 0
391249 293 0 1 -82 0 0 0
391249 294 0 1 -83 0 0 0
396249,5 297 0 11,3125 -80 0 0 0
396249 295 0 11,125 -80 0 0 0
396249,7 98 0 12,5 -81 0 0 0
393498,2 289 0 25,9375 -88 0 0 0
393498,9 292 0 21,6875 -85 0 0 0
393748,8 161 0 12,8125 -77 0 0 0
393748,9 292 0 15,0625 -78 0 0 0
393748,7 292 0 16,5 -79 0 0 0
390748,5 55 0 1 -85 0 0 0
390748,6 55 0 1 -86 0 0 0
390748,5 46 0 1 -85 0 0 0
395749,6 295 0 15,875 -77 0 0 0
395749,8 296 0 18,4375 -77 0 0 0
395749,6 295 0 17,5625 -78 0 0 0
387248,6 101 0 7,625 -86 0 0 0
387248,5 292 0 9,125 -86 0 0 0
387248,6 293 0 7,625 -86 0 0 0
392249,3 287 0 14,5625 -80 0 0 0
392249,3 287 0 14,5625 -80 0 0 0
392249,4 286 0 17,625 -81 0 0 0
389999,1 287 0 9,125 -85 0 0 0
389998,8 287 0 9,625 -87 0 0 0
389998,8 162 0 9,625 -87 0 0 0
394749,4 334 0 15,5 -87 0 0 0
394749,4 285 0 20,5625 -84 0 0 0
394749,4 286 0 19,25 -80 0 0 0
394999,4 286 0 35,5 -75 0 0 0
394999,5 289 0 15,6875 -76 0 0 0
394999,7 286 0 16,375 -78 0 0 0
391248,9 293 0 1 -82 0 0 0
391249 293 0 1 -82 0 0 0
391249 295 0 1 -82 0 0 0
396249,3 294 0 10,875 -80 0 0 0
396249,3 296 0 10,875 -80 0 0 0
396249,3 294 0 11,1875 -80 0 0 0
392749,9 58 0 35,9375 -84 0 0 0
392749,4 287 0 15,125 -81 0 0 0
392749,1 157 0 13,8125 -80 0 0 0
392999,2 292 0 30,5 -86 0 0 0
392999,7 292 0 10,1875 -90 0 0 0
389249,2 290 0 7,6875 -87 0 0 0
389249,3 291 0 7 -89 0 0 0
389249,2 291 0,5013324 7,5 -87 0 0 0
394249 59 0 11,125 -75 0 0 0
394249 59 0 10,625 -74 0 0 0
394249 287 0 1 -75 0 0 0
390498,5 56 0 1 -88 0 0 0
390498,8 155 0 13,75 -88 0 0 0
390749 56 0 11,1875 -85 0 0 0
390748,7 56 0 1 -88 0 0 0
395499,2 293 0 23,3125 -83 0 0 0
395499,4 293 0 21,75 -79 0 0 0
395499,6 294 0 15 -81 0 0 0
395749,3 294 0 19,3125 -81 0 0 0
395749,3 295 0 18,3125 -82 0 0 0
395749,7 295 0 37,625 -84 0 0 0
387498,5 57 0 9,25 -87 0 0 0
387498,4 57 0 9,0625 -87 0 0 0
387498,5 102 0 7,9375 -88 0 0 0
392499,4 285 0 15,75 -80 0 0 0
392499,3 286 0 15,375 -80 0 0 0
392499,3 286 0 15,875 -80 0 0 0
390998,6 58 0 14,5 -89 0 0 0
390999,3 294 0 1 -89 0 0 0
390998,6 292 0 6,4375 -86 0 0 0
391249,1 295 0 1 -85 0 0 0
391249,2 295 0 12,625 -85 0 0 0
391249,2 291 0 13,25 -86 0 0 0
396000 296 0,5348105 21,875 -85 0 0 0
395999,7 295 0 23,3125 -83 0 0 0
395999,2 296 0 15,25 -81 0 0 0
396249 98 0 15,6875 -84 0 0 0
396249,5 297 0 15,625 -84 0 0 0
396249,1 93 0 12,4375 -87 0 0 0
392999,2 289 0,6054327 11,4375 -88 0 0 0
393249,2 292 0 11,6875 -79 0 0 0
393249,2 291 0 13 -79 0 0 0
393249,4 290 0 14,125 -80 0 0 0
389748,6 287 0 10,0625 -85 0 0 0
389749,1 286 0 10,0625 -85 0 0 0
389748,8 285 0 9,125 -85 0 0 0
394501,2 162 0 12,6875 -89 0 0 0
394749,4 286 0 8,125 -75 0 0 0
394749,4 287 0 5,6875 -75 0 0 0
394749,4 286 0 5,375 -75 0 0 0
390998,9 57 0 1 -86 0 0 0
390998,8 57 0 1 -85 0 0 0
390998,8 292 0 1 -85 0 0 0
395999,5 295 0 14,6875 -79 0 0 0
395999,4 295 0 13,3125 -78 0 0 0
395999,4 296 0 13,5 -78 0 0 0
387498,4 101 0 9,8125 -89 0 0 0
387498,4 293 0 9,5625 -89 0 0 0
392499,5 285 0,5082376 20 -84 0 0 0
392499,5 286 0 22,4375 -83 0 0 0
392499,5 286 0 18,3125 -81 0 0 0
392748,9 153 0 19,1875 -85 0 0 0
392750 159 0 30,5 -86 0 0 0
403225,9 198 0 8,25 -82 0 0 0
405015,2 127 0 5,75 -85 0 0 0
389998,7 162 0 10,6875 -88 0 0 0
389999,1 288 0,5051588 8,125 -86 0 0 0
389999,3 162 0 8,9375 -86 0 0 0
394999,4 288 0 35,5625 -75 0 0 0
394999,5 290 0 15,375 -77 0 0 0
394999,5 162 0 14,625 -76 0 0 0
395249,5 293 0 17,8125 -83 0 0 0
395250 293 0 15,875 -85 0 0 0
395249,2 292 0 19,8125 -88 0 0 0
403225,8 197 0 13 -83 0 0 0
386749,1 294 0 12,4375 -87 0 0 0
386998,7 291 0,5140333 9,625 -87 0 0 0
386999 293 0 10,1875 -89 0 0 0
391749,1 296 0 35,75 -84 0 0 0
391749,4 288 0 5,8125 -87 0 0 0
391749 292 0 30,5 -86 0 0 0
391999,3 288 0 35,75 -84 0 0 0
391999,3 287 0 21 -83 0 0 0
391999,3 286 0 32,9375 -85 0 0 0
388749,2 297 0,5222056 16,375 -89 0 0 0
393748,8 292 0 13,9375 -78 0 0 0
393749,1 293 0 12,1875 -76 0 0 0
393748,9 293 0 10,8125 -76 0 0 0
393999,4 101 0 27,4375 -84 0 0 0
393998,7 98 0 15,5 -87 0 0 0
389749,3 288 0,5289891 12,6875 -89 0 0 0
389748,8 293 0 10,6875 -87 0 0 0
389748,8 284 0 9,75 -86 0 0 0
394749,4 162 0 16,125 -78 0 0 0
394749,3 287 0 15,3125 -76 0 0 0
394749,3 162 0 13,375 -75 0 0 0
394999,3 162 0 18 -81 0 0 0
394998,9 161 0 21,1875 -82 0 0 0
394999,2 162 0 19,3125 -86 0 0 0
403224,6 199 0 39,25 -82 0 0 0
403225,2 200 0 6,3125 -86 0 0 0
390748,8 291 0 20,375 -89 0 0 0
390998,9 55 0 1 -85 0 0 0
390998,8 55 0 1 -86 0 0 0
390998,8 55 0 1 -86 0 0 0
395749,7 294 0 20,625 -85 0 0 0
395748,9 295 0 22,375 -84 0 0 0
395999,5 296 0 14,3125 -79 0 0 0
395999,2 296 0 15 -79 0 0 0
395999,2 296 0 15 -80 0 0 0
403224,4 91 0 17,625 -84 0 0 0
392748,9 291 0 18,9375 -86 0 0 0
392998,9 291 0 12,6875 -80 0 0 0
392999,2 289 0 13,1875 -81 0 0 0
392999,5 289 0,5388792 18 -82 0 0 0
403226,4 197 0 7,75 -82 0 0 0
386748,8 96 0 14,25 -87 0 0 0
386748,8 98 0 14,25 -87 0 0 0
386749,1 294 0 12,375 -85 0 0 0
391749,4 292 0 6,125 -81 0 0 0
391748,9 292 0 14,0625 -81 0 0 0
391749,4 291 0 5,8125 -80 0 0 0
391999,6 286 0 13,75 -87 0 0 0
403226 91 0,5486712 8,5625 -82 0 0 0
405015,3 27 0,6637993 8,5625 -85 0 0 0
387998,7 289 0 16,9375 -89 0 0 0
392999,2 292 0 12,625 -79 0 0 0
392999,4 292 0 14,3125 -79 0 0 0
392999,2 291 0 14,125 -79 0 0 0
390498,4 55 0 1 -87 0 0 0
390498,6 55 0 10 -84 0 0 0
390498,6 157 0 9,75 -85 0 0 0
395248,4 293 0 19,8125 -87 0 0 0
395499,8 294 0 23,8125 -76 0 0 0
395499,7 294 0 23,6875 -76 0 0 0
395499,7 294 0 31,5625 -77 0 0 0
387248,9 293 0 8,875 -89 0 0 0
387248,4 295 0 10,1875 -87 0 0 0
387248,6 290 0 8,375 -87 0 0 0
392249,5 285 0,5151097 21,5625 -83 0 0 0
392249,5 286 0 21,5625 -83 0 0 0
392249,3 286 0 13,875 -81 0 0 0
392499,1 289 0,563278 12,6875 -89 0 0 0
388999,1 294 0 6,8125 -89 0 0 0
393748,4 291 0 29,75 -87 0 0 0
393999 60 0 10,1875 -74 0 0 0
393998,9 59 0 11,8125 -75 0 0 0
393999 294 0 13,25 -76 0 0 0
390248,7 157 0 9,5625 -86 0 0 0
390248,9 162 0 8,375 -86 0 0 0
390248,8 39 0 8,9375 -85 1 0 0
395249,5 57 0 23,8125 -76 0 0 0
395249,6 292 0 25,875 -75 0 0 0
395249,6 293 0 26,625 -75 0 0 0
395498,7 292 0 19,8125 -89 0 0 0
391249,1 292 0 1 -85 0 0 0
391249,2 290 0 1 -85 0 0 0
391249 295 0 1 -83 0 0 0
391499,1 291 0,514419 12,6875 -87 0 0 0
396249,1 105 0,5270079 12,4375 -84 0 0,2568425 0
396249,2 294 0 11,6875 -81 0 0 0
396249,2 98 0 11,6875 -81 0 0 0
387498,3 292 0 1 -89 0 0 0
387498,4 289 0 1 -89 0 0 0
387498,9 290 0 11,375 -87 0 0 0
392499,3 286 0 16,6875 -79 0 0 0
392499,6 286 0 19,9375 -79 0 0 0
392499,6 287 0 20,25 -79 0 0 0
388748,8 297 0 7,9375 -88 0 0 0
388748,9 297 0 9,5625 -89 0 0 0
393748,9 292 0 11,625 -75 0 0 0
393749 293 0 13,8125 -75 0 0 0
393749 292 0 14,375 -75 0 0 0
390248,1 160 0 1 -88 0 0 0
390248,2 162 0 1 -88 0 0 0
390248,8 286 0 8,625 -85 0 0 0
395249,6 292 0 25,6875 -74 0 0 0
395249,7 293 0 34,3125 -75 0 0 0
395249,6 292 0 34,8125 -75 0 0 0
389749,3 285 0 15,25 -88 0 0 0
389749,6 287 0 13,75 -88 0 0 0
389998,8 286 0 9,625 -87 0 0 0
394749,4 287 0 22,25 -80 0 0 0
394749,4 286 0 19,0625 -78 0 0 0
394749,4 287 0 18,9375 -77 0 0 0
394999,7 162 0 19,1875 -78 0 0 0
394999,7 286 0 23,375 -79 0 0 0
394999,3 278 0,5055156 26,4375 -81 0 0 0
390999 55 0 12,0625 -87 0 0 0
391248,9 293 0 11,9375 -82 0 0 0
391249,1 293 0 13,0625 -82 0 0 0
391249,1 293 0 13,75 -83 0 0 0
395999,2 297 0 18,625 -85 0 0 0
395999,2 295 0 26,4375 -86 0 0 0
396249,2 298 0 15 -80 0 0 0
396249,5 294 0 16 -81 0 0 0
396249,5 100 0 17,3125 -83 0 0 0
388749,1 292 0,503109 17,4375 -89 0 0 0
393748,8 293 0 21,1875 -79 0 0 0
393749 293 0 20,75 -77 0 0 0
393749 292 0 13,8125 -75 0 0 0
393999,2 57 0 18,6875 -82 0 0 0
393998,7 291 0 18,3125 -85 0 0 0
394000,2 100 0 18,8125 -88 0 0 0
390248,8 146 0 9,5625 -85 0 0 0
390248,6 162 0 8,9375 -85 0 0 0
390248,8 158 0 9,375 -84 0 0 0
395249,6 293 0 35,125 -75 0 0 0
395249,6 292 0 34,5625 -75 0 0 0
395249,6 292 0 34,8125 -75 0 0 0
387998,9 282 0 9,3125 -89 0 0 0
392999,5 287 0 20,1875 -81 0 0 0
392999,2 288 0 16,8125 -80 0 0 0
392999,2 288 0 14,5625 -79 0 0 0
393248,9 291 0 15,25 -88 0 0 0
389749,3 288 0,5130079 10,4375 -84 0 0 0
389749,1 286 0 11,1875 -84 0 0 0
389749,6 289 0 13,75 -85 0 0 0
394498,4 286 0,5340852 12,1875 -89 0 0 0
394749,4 286 0 6,8125 -74 0 0 0
394749,4 286 0 7 -74 0 0 0
394749,3 286 0 15,1875 -74 0 0 0
390998,9 55 0 1 -84 0 0 0
390998,8 58 0 1 -84 0 0 0
390998,9 55 0 1 -85 0 0 0
395999,7 295 0 15,3125 -77 0 0 0
395999,5 296 0 16,25 -77 0 0 0
395999,5 295 0 17,6875 -78 0 0 0
387748,6 282 0 11,1875 -88 0 0 0
387748,6 286 0 9,125 -89 0 0 0
387748,8 105 0 9,8125 -87 0 0 0
392749,1 289 0 13,9375 -79 0 0 0
392749,3 288 0 14,25 -79 0 0 0
392749,5 286 0,5015108 16,375 -79 0 0 0
389998,8 288 0 9,25 -84 0 0 0
389998,8 287 0 9,625 -85 0 0 0
389999,4 285 0 12,375 -85 0 0 0
394999,5 289 0 66,5625 -74 0 0 0
394999,4 287 0 37,625 -73 0 0 0
394999,5 287 0 13,75 -74 0 0 0
386499 292 0 16,625 -86 0 0 0
386748,3 291 0 13,25 -86 0 0 0
391499,1 295 0 15,5 -87 0 0 0
391499,1 293 0 13,5 -82 0 0 0
391749,1 293 0,5760388 14,375 -82 0 0 0
391749,8 57 0 17,5625 -87 0 0 0
389249,2 289 0 7,6875 -87 0 0 0
389249,2 291 0 6,4375 -88 0 0 0
394249,2 286 0 14,5 -75 0 0 0
394249,2 287 0 11,5625 -75 0 0 0
394249 287 0 10,75 -75 0 0 0
394499,7 162 0 19,0625 -85 0 0 0
394499,2 57 0 15,75 -89 0 0 0
390498,5 289 0 1 -87 0 0 0
390498,3 55 0 1 -86 0 0 0
390498,4 55 0 1 -87 0 0 0
395499,7 293 0 23,0625 -77 0 0 0
395499,8 293 0 23,9375 -77 0 0 0
395499,7 294 0 21,6875 -78 0 0 0
386748,8 291 0 10,1875 -84 0 0 0
386749,4 292 0 12 -84 0 0 0
386748,5 293 0 10,0625 -85 0 0 0
391749,3 293 0 45,25 -80 0 0 0
391749,2 289 0 24,4375 -80 0 0 0
391749,3 291 0 46 -80 0 0 0
393499,3 290 0 16,125 -82 0 0 0
393499,7 293 0 19,1875 -82 0 0 0
393499,2 292 0 14,4375 -79 0 0 0
393748,7 291 0 16 -80 0 0 0
393749,2 293 0 19,8125 -81 0 0 0
393749,4 292 0 18,8125 -83 0 0 0
389749,4 287 0,5291365 13 -86 0 0 0
389749,1 288 0 9,625 -87 0 0 0
389749,2 283 0 10,6875 -88 0 0 0
394499,2 58 0 18,75 -85 0 0 0
394499,2 105 0 26,375 -83 0 0 0
394499,2 288 0 20,6875 -80 0 0 0
394749,1 286 0 28,25 -78 0 0 0
394749,3 285 0 15,9375 -75 0 0 0
394749,4 286 0 17,6875 -77 0 0 0
403227,3 198 0 16,25 -82 0 0 0
386998,4 290 0 10,1875 -85 0 0 0
386998,7 292 0 10,875 -86 0 0 0
386998,4 287 0 11,375 -87 0 0 0
391749 288 0 14,5 -86 0 0 0
391999,4 288 0 44,5625 -81 0 0 0
391999,2 286 0 23,0625 -82 0 0 0
391999,3 287 0 38,9375 -83 0 0 0
403227 91 0 11 -82 0 0 0
393247,9 285 0 23,375 -89 0 0 0
393248,4 55 0 17,8125 -84 0 0 0
393249,9 162 0 12,6875 -89 0 0 0
393498,8 292 0 15,8125 -79 0 0 0
393498,8 293 0 15,25 -80 0 0 0
393498,9 291 0,5195672 20,0625 -81 0 0 0
403227,3 92 0 17,625 -81 0 0 0
389999,1 286 0 10,6875 -87 0 0 0
389999,1 162 0 8,125 -86 0 0 0
389999,5 162 0 9,4375 -85 0 0 0
394999,5 287 0 64,0625 -75 0 0 0
394999,4 287 0 37,625 -74 0 0 0
394999,5 287 0 14,25 -76 0 0 0
395249,5 155 0 16,25 -86 0 0 0
395251 291 0 15,25 -88 0 0 0
386998,8 293 0 9,4375 -84 0 0 0
386998,7 293 0 8,875 -84 0 0 0
386998,8 60 0 8,5 -85 0 0 0
391999,4 288 0 23,125 -81 0 0 0
391999,4 286 0 22,875 -81 0 0 0
391999,3 287 0 23,4375 -81 0 0 0
403224,9 201 0 1 -85 0 0 0
389749,5 287 0 12 -84 0 0 0
389749,2 289 0 8 -85 0 0 0
389749 288 0 8,5 -85 0 0 0
394749,4 286 0 5,375 -75 0 0 0
394749,4 286 0 5,125 -75 0 0 0
394749,3 287 0 62,125 -75 0 0 0
403225,2 197 0,5263054 1 -87 0 0 0
390998,7 55 0 1 -84 0 0 0
390998,8 293 0 1 -85 0 0 0
395999,4 295 0 13,6875 -78 0 0 0
395999,5 296 0 14,3125 -79 0 0 0
403224,5 91 0 13,4375 -82 0 0 0
403224,8 198 0 1 -82 0 0 0
387248,4 99 0 10,6875 -89 0 0 0
387248,8 293 0 8,875 -87 0 0 0
392249,9 286 0 6,125 -85 0 0 0
392249,7 288 0 35,625 -84 0 0 0
392249,2 286 0 14,3125 -81 0 0 0
392499,5 286 0 19,25 -85 0 0 0
392499,7 286 0 28,5 -87 0 0 0
393748,4 285 0 15,0625 -87 0 0 0
393749,4 293 0 19,75 -83 0 0 0
393748,8 293 0 17,5625 -81 0 0 0
393999 290 0 14 -76 0 0 0
393998,9 101 0 18,3125 -78 0 0 0
393999 290 0 19,5625 -79 0 0 0
386748,8 291 0 8,75 -84 0 0 0
386748,8 58 0 9,125 -85 0 0 0
386748,8 58 0 11 -85 0 0 0
391749,3 292 0 45,5625 -80 0 0 0
391749,4 296 0 4,8125 -81 0 0 0
391749,2 291 0 46,625 -80 0 0 0
393749,2 293 0 27,4375 -84 0 0 0
393749,2 293 0 21,125 -81 0 0 0
393748,7 294 0 16 -80 0 0 0
393999,1 291 0 16,5625 -77 0 0 0
393998,9 291 0 17,8125 -78 0 0 0
393999 293 0 18,9375 -80 0 0 0
390748,6 43 0 1 -86 0 0 0
390748,6 291 0 1 -86 0 0 0
390748,6 56 0 1 -86 0 0 0
395749,6 296 0 18,3125 -78 0 0 0
395749,7 295 0 17,5 -78 0 0 0
395749,5 295 0 15,5625 -77 0 0 0
395999,2 99 0 18,3125 -88 0 0 0
387248,5 293 0 9,125 -86 0 0 0
387248,5 295 0 7,3125 -86 0 0 0
387248,5 292 0 9,125 -86 0 0 0
392249,4 288 0 17,1875 -81 0 0 0
392249,4 288 0 14,25 -80 0 0 0
392249,3 287 0 14,5625 -80 0 0 0
393249,4 288 0 20,375 -85 0 0 0
393249,4 291 0 21,375 -84 0 0 0
393249 291 0,5009689 15,25 -82 0 0 0
393499 291 0 14,8125 -81 0 0 0
393499,3 294 0 15,5625 -81 0 0 0
393498,6 290 0 17,125 -84 0 0 0
390248,9 157 0 9,4375 -85 0 0 0
390248,9 162 0 9,4375 -85 0 0 0
390248,8 286 0 7,9375 -86 0 0 0
395000,2 294 0 19,3125 -86 0 0 0
395249,6 292 0 26,4375 -75 0 0 0
395249,4 291 0 20,625 -75 0 0 0
395249,5 292 0 24,4375 -76 0 0 0
392999,2 289 0 12,3125 -79 0 0 0
392999,4 288 0 12,875 -79 0 0 0
392999,2 287 0,5070541 11,8125 -79 0 0 0
389999,3 287 0 8,5 -85 0 0 0
389999,5 162 0 9,4375 -85 0 0 0
389999,1 289 0 9,125 -85 0 0 0
394999,6 287 0 65,625 -75 0 0 0
394999,4 287 0 38,9375 -74 0 0 0
394999,5 162 0 34,875 -74 0 0 0
386998,6 291 0 9,4375 -85 0 0 0
386998,6 295 0 9,4375 -85 0 0 0
386998,7 295 0 8,25 -88 0 0 0
391749,4 99 0 12,1875 -88 0 0 0
391999,3 287 0 23,8125 -81 0 0 0
391999,3 286 0 22,375 -82 0 0 0
391999,4 287 0 37,75 -83 0 0 0
390748,6 295 0 1 -85 0 0 0
390748,7 55 0 1 -86 0 0 0
390748,8 55 0 1 -86 0 0 0
395499,7 294 0 20,375 -89 0 0 0
395749,6 295 0 15,875 -77 0 0 0
395749,5 292 0 15,6875 -77 0 0 0
395749,6 295 0 18,3125 -78 0 0 0
386998,7 58 0 9,625 -87 0 0 0
386999 293 0 9,125 -85 0 0 0
386998,8 289 0 8,9375 -86 0 0 0
391999,2 287 0 17,1875 -81 0 0 0
391999,2 289 0 17,1875 -81 0 0 0
391999,4 287 0 23,125 -81 0 0 0
405015 26 0,6849945 5,3125 -85 0 0 0
392999,5 59 0,5005014 14,5625 -82 90 0 0
392999,2 58 0 13,4375 -81 0 0 0
392998,7 289 0,5174558 11,4375 -80 0 0 0
393249,4 46 0 20,375 -85 0 0 0
393248,7 290 0,5112683 18,8125 -86 0 0 0
390248,7 162 0 11,375 -87 0 0 0
390249 162 0 9,625 -87 0 0 0
390249,3 162 0 10,1875 -89 0 0 0
394999,7 61 0 17,3125 -84 0 0 0
394999,7 287 0,5158454 23,8125 -81 0 0 0
394999,7 162 0 20,125 -80 0 0 0
395249,6 291 0 32,4375 -77 0 0 0
395249,7 293 0 14,75 -79 0 0 0
395249,7 291 0 15,6875 -80 0 0 0
393499,3 291 0 16,8125 -81 0 0 0
393498,9 292 0 14,75 -79 0 0 0
393498,8 292 0 12,875 -78 0 0 0
393749 293 0 19,125 -81 0 0 0
393748,9 294 0 19,3125 -83 0 0 0
393748,4 100 0 15,75 -89 0 0 0
389748,8 287 0 9,125 -85 0 0 0
389749 288 0 9,4375 -84 0 0 0
389748,8 285 0 9,125 -85 0 0 0
394749,3 287 0 13,75 -75 0 0 0
394749,4 287 0 5,6875 -75 0 0 0
394749,4 287 0 5,375 -75 0 0 0
394999,7 103 0 17,875 -86 0 0 0
405015,5 27 0,7566759 6,9375 -86 0 0 0
386749,5 294 0 11,4375 -89 0 0 0
386748,8 292 0 10,6875 -87 0 0 0
386998,5 297 0 8,875 -87 0 0 0
391749,1 101 0 29,3125 -86 0 0 0
391749,4 293 0 6,125 -85 0 0 0
391749,4 287 0 6,625 -84 0 0 0
391999,4 289 0 32,0625 -85 0 0 0
391999,3 286 0 32,9375 -85 0 0 0
391999,3 287 0 26,6875 -87 0 0 0
392999,2 292 0 11,625 -79 0 0 0
392999,2 59 0 11,5 -79 0 0 0
392999,2 291 0 12,1875 -80 0 0 0
407076,1 306 0 33,0625 -84 0 0 0
407076,2 306 0 32,4375 -84 0 0 0
390499 55 0 11,375 -87 0 0 0
390748,6 290 0 1 -86 0 0 0
390748,5 55 0 1 -87 0 0 0
390748,8 162 0 1 -89 0 0 0
395499,7 294 0 15,5625 -85 0 0 0
395499,7 293 0 14,625 -84 0 0 0
395499,1 293 0 15,0625 -82 0 0 0
395749,7 296 0 21,375 -79 0 0 0
395749,6 295 0 20,375 -80 0 0 0
395749,3 294 0 19,6875 -81 0 0 0
386998,6 58 0 9,4375 -85 0 0 0
386998,7 292 0 8 -85 0 0 0
386998,6 293 0 9,4375 -85 0 0 0
391999,3 287 0 23,4375 -81 0 0 0
391999,3 288 0 17,5 -80 0 0 0
391999,3 287 0 16,5625 -81 0 0 0
389249,2 291 0 7,25 -89 0 0 0
389249,4 292 0 7,9375 -88 0 0 0
389249,3 296 0 6,25 -88 0 0 0
394249,1 105 0 16,4375 -76 0 0 0
394249,1 290 0 13,0625 -75 0 0 0
394249 290 0 10,9375 -75 0 0 0
394499,2 287 0 19,8125 -84 0 0 0
394498,8 104 0 14,5 -87 0 0 0
390748,8 55 0 20,375 -89 0 0 0
390749,1 56 0 13,75 -88 0 0 0
390998,7 56 0 1 -85 0 0 0
390998,8 292 0 1 -85 0 0 0
390998,9 55 0 11,5 -86 0 0 0
395748,9 296 0 16,25 -87 0 0 0
395750 100 0 32,8125 -85 0 0 0
395749,4 293 0,5320512 22,875 -83 0 0 0
395999,5 296 0,5098783 14,6875 -79 0 0 0
395999,2 296 0 17,125 -80 0 0 0
395999,6 298 0,5279958 19,6875 -81 0 0 0
405015,4 18 0,5032718 5,875 -85 0 0 0
388248,7 57 0 16,4375 -89 0 0 0
393249,2 292 0 11,6875 -79 0 0 0
393249 291 0 10,875 -79 0 0 0
393249 289 0,5061665 11,0625 -79 0 0 0
389749,1 287 0 10,0625 -85 0 0 0
389749,1 286 0 10,0625 -85 0 0 0
389749,1 285 0 8,9375 -86 0 0 0
394749,4 286 0 5,375 -75 0 0 0
394749,4 287 0 4,9375 -75 0 0 0
394749,4 286 0 5,6875 -75 0 0 0
390998,9 55 0 11 -86 0 0 0
390999 293 0 1 -86 0 0 0
390998,7 291 0 1 -85 0 0 0
391248,9 294 0 5,625 -86 0 0 0
391248,9 293 0,5002922 5,8125 -87 90 0 0
395999,6 297 0 17,6875 -82 0 0 0
395999,6 296 0 19,3125 -81 0 0 0
395999,5 296 0 16,8125 -80 0 0 0
396249 97 0,5067209 14,375 -85 0 0 0
396249 294 0 12,6875 -87 0 0 0
396250 298 0 15,25 -88 0 0 0
387248,5 295 0 9,125 -86 0 0 0
387248,7 293 0 11,375 -87 0 0 0
387248,6 296 0 8,375 -87 0 0 0
392249,5 286 0 16,8125 -81 0 0 0
392249,3 286 0 13,875 -81 0 0 0
392249,5 286 0 22,875 -82 0 0 0
393249,4 162 0 18,9375 -86 0 0 0
393249 291 0 14,9375 -83 0 0 0
393249,4 295 0 14,25 -87 0 0 0
393498,8 292 0 15,25 -80 0 0 0
393499 292 0 15,3125 -80 0 0 0
393499 290 0 15,8125 -80 0 0 0
390748,7 291 0 1 -86 0 0 0
390748,5 295 0 1 -86 0 0 0
390748,6 292 0 1 -86 0 0 0
395749,7 295 0 19,0625 -77 0 0 0
395749,6 295 0 15,875 -77 0 0 0
395749,6 295 0 15,4375 -77 0 0 0
387248,3 290 0 8,3125 -86 0 0 0
387249 293 0 7,8125 -87 0 0 0
387248,4 293 0 7,25 -89 0 0 0
392000 162 0 19,0625 -89 0 0 0
392249,4 287 0 21,75 -83 0 0 0
392249,3 287 0 14,5625 -80 0 0 0
392249,3 288 0 16,8125 -82 0 0 0
405014,7 19 0 4,375 -89 0 0 0
388749,1 295 0 8,8125 -89 0 0 0
388748,8 299 0,5818068 6,8125 -89 0 0 0
393748,8 292 0 10,125 -76 0 0 0
393748,9 294 0 10,4375 -76 0 0 0
393748,9 292 0 11,625 -76 0 0 0
405015,2 24 0,7232611 7,625 -88 0 0 0
390498,8 57 0 10,3125 -87 0 0 0
390499,1 49 0,5806133 12,6875 -89 0 0 0
390748,7 55 0 1 -87 0 0 0
390748,7 55 0 1 -89 0 0 0
390748,8 55 0 1 -89 0 0 0
395500,2 295 0 13,75 -85 0 0 0
395499,4 293 0 16,0625 -82 0 0 0
395499,9 293 0 14,1875 -81 0 0 0
395749,6 295 0 18 -79 0 0 0
395749,6 295 0 20,75 -80 0 0 0
395748,9 294 0 15,5 -83 0 0 0
387748,8 280 0 8,125 -88 0 0 0
387748,8 287 0 8,375 -88 0 0 0
387748,8 286 0 7,9375 -88 0 0 0
392749,4 287 0 14,125 -79 0 0 0
392749,3 288 0 13,0625 -79 0 0 0
392749,3 287 0 12,8125 -79 0 0 0
390248,8 162 0 12,6875 -89 0 0 0
390249,3 55 0 10,6875 -87 0 0 0
390498,1 162 0 3,4375 -89 0 0 0
390498,8 56 0 13,75 -88 0 0 0
395249,6 292 0 32,9375 -77 0 0 0
395249,6 290 0 16,125 -80 0 0 0
395249,7 291 0 15,375 -79 0 0 0
395499,8 294 0 15,25 -81 0 0 0
395499,2 294 0 15,6875 -83 0 0 0
395500,2 292 0 14,25 -85 0 0 0
392499,7 162 0 34,1875 -85 0 0 0
392499 59 0 8,875 -89 0 0 0
392499 287 0 14,25 -86 0 0 0
392749,2 162 0 15,1875 -81 0 0 0
392749,5 157 0 17,625 -82 0 0 0
392748,9 290 0 15,875 -84 0 0 0
393999 290 0 20,625 -79 0 0 0
393998,9 58 0 17,8125 -78 0 0 0
393999 59 0 15,5625 -76 0 0 0
394249,2 286 0 18,3125 -78 0 0 0
394248,9 105 0 18,6875 -80 0 0 0
394248,9 59 0 21,5625 -83 0 0 0
403225,4 91 0,5194131 1 -87 0 0 0
403224,7 198 0 4,875 -82 0 0 0
390998,6 293 0 4 -85 0 0 0
390998,8 55 0 1 -85 0 0 0
390998,8 56 0 1 -84 0 0 0
391248,9 288 0,5521342 13,25 -89 0 0 0
395999,5 296 0 15,25 -79 0 0 0
395999,5 294 0 14,6875 -79 0 0 0
395999,4 297 0 13,5 -78 0 0 0
396248,7 298 0,5468644 22,875 -89 0 0 0
403225,1 197 0,5062017 1 -86 0 0 0
403224,3 198 0,5152125 13,75 -83 0 0 0
387248,8 296 0 7,625 -88 0 0 0
392249,4 287 0 29,375 -86 0 0 0
392249,3 288 0 20,5 -84 0 0 0
392249,5 287 0 21,5625 -83 0 0 0
392499,1 286 0 20,4375 -85 0 0 0
392499,7 287 0 30 -86 0 0 0
392499,4 288 0,5254048 22,875 -89 0 0 0
403227,4 199 0 37,8125 -83 0 0 0
393749 293 0 13,125 -77 0 0 0
393749 293 0 11,375 -76 0 0 0
393748,9 292 0 11,25 -76 0 0 0
393999,4 105 0 22,875 -85 0 0 0
403225,2 201 0 1 -86 0 0 0
390999 55 0 12,0625 -87 0 0 0
390998,9 57 0 11,5 -86 0 0 0
391249,2 294 0 1 -85 0 0 0
391249,3 294 0 1 -85 0 0 0
391248,9 294 0,562308 12 -86 0 0 0
395999,2 292 0 15 -86 0 0 0
396000 298 0 23,375 -83 0 0 0
395999,6 297 0 18,3125 -82 0 0 0
396249,5 294 0 13,4375 -81 0 0 0
396249,5 103 0 19,4375 -85 0 0 0
396249,5 294 0 17,5625 -86 0 0 0
403224,8 91 0 1 -85 0 0 0
405015 197 0,5311095 6,25 -87 0 0 0
392998,7 293 0,5474765 16,25 -84 0 0 0
392999,7 58 0 20,6875 -84 0 0 0
392999,5 293 0 15,4375 -81 0 0 0
393249,4 162 0 15,6875 -82 0 0 0
393248,7 151 0 19,8125 -85 0 0 0
393248,7 150 0 18,8125 -86 0 0 0
403226,5 92 0 8,25 -82 0 0 0
403227 93 0 11 -82 0 0 0
389499,1 288 0,5021562 7,9375 -86 0 0 0
389499,1 289 0 7,625 -85 0 0 0
394499,2 287 0 4,5625 -75 0 0 0
394499,3 287 0 1 -76 0 0 0
403225,1 199 0,535639 1 -85 0 0 0
403224,1 91 0 11,75 -83 0 0 0
403225,1 199 0 1 -87 0 0 0
392999,2 289 0,5360867 28,0625 -87 0 0 0
393249,2 289 0 11,875 -79 0 0 0
393249,2 291 0 12,3125 -80 0 0 0
393249,4 289 0 13,875 -80 0 0 0
389499,3 289 0 8,5625 -85 0 0 0
389499,4 286 0 8,8125 -86 0 0 0
389498,8 288 0 8,9375 -86 0 0 0
394248,4 289 0 20,375 -89 0 0 0
394248,9 60 0 17,3125 -87 0 0 0
394499,2 287 0 4,5625 -75 0 0 0
394499,2 286 0 5,4375 -76 0 0 0
394499,3 287 0 12,375 -76 0 0 0
390748,6 55 0 1 -86 0 0 0
390748,5 291 0 1 -85 0 0 0
390748,6 55 0 10,3125 -85 0 0 0
395501 58 0 1 -89 0 0 0
395749,6 296 0 16,125 -77 0 0 0
395749,6 295 0 18 -78 0 0 0
395749,7 294 0 17,6875 -78 0 0 0
386748,8 291 0 9,125 -85 0 0 0
386749,2 59 0 10,4375 -84 0 0 0
386748,8 59 0 9,125 -85 0 0 0
391749,3 292 0 45,375 -80 0 0 0
391749,3 291 0 46 -80 0 0 0
391749,3 296 0 46 -80 0 0 0
405015,3 35 0,6107299 6,5 -86 0 0 0
393247,9 151 0 14,5 -89 0 0 0
393498,8 293 0 11,4375 -77 0 0 0
393498,7 292 0 12 -78 0 0 0
393498,6 292 0 14 -79 0 0 0
405015,1 32 0,7631922 4,5625 -86 0 0 0
405015,4 31 0,7699916 6,0625 -85 0 0 0
390498,4 155 0 1 -87 0 0 0
390498,4 40 0 1 -86 0 0 0
390498,4 55 0 1 -87 0 0 0
395499,5 293 0 18,4375 -77 0 0 0
395499,8 293 0 23 -77 0 0 0
395499,6 294 0 19,5 -76 0 0 0
386748,8 292 0 11 -85 0 0 0
386749,1 56 0 11 -86 0 0 0
386748,4 293 0 12,4375 -87 0 0 0
391499,1 293 0,5270548 13,75 -87 0 0 0
391749,2 292 0 43,625 -81 0 0 0
391749,4 291 0 5,625 -82 0 0 0
391749,2 291 0 41,1875 -82 0 0 0
393249 292 0 11,75 -79 0 0 0
393249 291 0 11,8125 -79 0 0 0
393249 290 0,5071679 11,75 -79 0 0 0
405015,4 32 0,8302443 6,0625 -85 0 0 0
389749 287 0 7,5625 -86 0 0 0
389749,3 286 0 9,4375 -85 0 0 0
389749 284 0 8,5 -85 0 0 0
394749,3 287 0 63,6875 -75 0 0 0
394749,3 287 0 61,875 -75 0 0 0
394749,4 287 0 5,375 -75 0 0 0
394999,2 162 0 19,3125 -87 0 0 0
392499,1 159 0 17,1875 -86 0 0 0
392749,3 60 0 14 -80 0 0 0
392749,4 58 0 15,375 -81 0 0 0
392749,4 60 0 20,6875 -84 0 0 0
389248,9 292 0 9,75 -88 0 0 0
393998,7 58 0 21,375 -86 0 0 0
393998,7 292 0 23,375 -81 0 0 0
393999 101 0 22,125 -80 0 0 0
394249,1 286 0 13,5 -76 0 0 0
394249,1 286 0 17,5625 -77 0 0 0
394249,2 287 0 20,125 -79 0 0 0
390998,8 55 0 1 -85 0 0 0
390998,8 55 0 1 -84 0 0 0
390998,8 57 0 1 -85 0 0 0
395999,4 296 0 13,5 -78 0 0 0
395999,4 296 0 13,3125 -78 0 0 0
395999,4 297 0,531273 13,9375 -78 0 0 0
407075,6 306 0 12,125 -83 0 0 0
392998,7 155 0 13,8125 -86 0 0 0
393249,2 291 0 12,3125 -79 0 0 0
393249,4 56 0 14,125 -80 0 0 0
393249 291 0 16,375 -81 0 0 0
390248,7 162 0 9,5625 -86 0 0 0
390249 162 0 9,625 -87 0 0 0
390248,8 290 0 12,6875 -89 0 0 0
394999,7 289 0 17,25 -85 0 0 0
394999,3 287 0 19,375 -82 0 0 0
394999,3 162 0 19,125 -80 0 0 0
395249,6 291 0 32,4375 -77 0 0 0
395249,8 292 0 54,9375 -78 0 0 0
395249,7 293 0 15,1875 -79 0 0 0
407075,4 93 0 8,5625 -85 0 0 0
392499,4 287 0 19,8125 -85 0 0 0
392499,4 285 0 22,1875 -83 0 0 0
392499,4 287 0 18,625 -81 0 0 0
392749,6 288 0 21,375 -84 0 0 0
392748,9 154 0 16,8125 -87 0 0 0
392999,2 290 0,5009396 13,6875 -81 0 0 0
392999,4 291 0 13,5 -80 0 0 0
392999,2 290 0,5587305 11,25 -79 0 0 0
393248,9 288 0,5234302 15,75 -86 0 0 0
389498,6 286 0 8,5625 -87 0 0 0
389499,2 286 0 8,375 -87 0 0 0
389499,4 288 0 8,8125 -86 0 0 0
394499,2 286 0 18,625 -79 0 0 0
394499,3 285 0 12,375 -76 0 0 0
394499,3 286 0 11,4375 -75 0 0 0
394749,1 286 0 19,75 -79 0 0 0
394750,2 162 0 22,875 -87 0 0 0
386998,6 289 0 9,4375 -85 0 0 0
386998,5 293 0 8,9375 -85 0 0 0
386999,3 290 0 8,5 -85 0 0 0
391999,3 287 0 16,5625 -81 0 0 0
391999,4 287 0 23,125 -81 0 0 0
391999,3 287 0 23,4375 -81 0 0 0
388498,8 292 0 10,8125 -88 0 0 0
388499,1 291 0 2,6875 -89 0 0 0
393498,8 293 0 11,3125 -77 0 0 0
393498,8 292 0 10,875 -77 0 0 0
393499 292 0 11 -77 0 0 0
405014,7 27 0,6637276 7 -86 0 0 0
390248,3 162 0 1 -89 0 0 0
390248,6 55 0 10,6875 -87 0 0 0
390249,3 162 0 12,1875 -86 0 0 0
395249,6 291 0 32,4375 -77 0 0 0
395249,5 292 0 24,8125 -76 0 0 0
395249,5 293 0 24,4375 -76 0 0 0
395500,2 291 0 7,625 -88 0 0 0
395500,2 150 0 15,1875 -85 0 0 0
389249,4 101 0 9,8125 -89 0 0 0
393998,7 100 0 37,25 -85 0 0 0
393999 292 0 18,9375 -81 0 0 0
393999 104 0,5351859 19,5625 -79 0 0 0
394249,1 290 0 15,6875 -76 0 0 0
394249,1 286 0 17,5625 -77 0 0 0
394248,9 286 0 20,75 -80 0 0 0
390248,8 162 0 8,875 -87 0 0 0
390249 57 0 9,625 -87 0 0 0
390249,3 57 0 12,1875 -88 0 0 0
394998,9 289 0 16,875 -86 0 0 0
394999,7 288 0 21,375 -83 0 0 0
394999,7 162 0 20,625 -81 0 0 0
395249,5 292 0 25,3125 -76 0 0 0
395249,8 292 0 13,75 -78 0 0 0
395249,7 292 0 15,375 -79 0 0 0
405015,2 18 0,6523265 4,4375 -86 0 0 0
386498,8 56 0 11 -86 0 0 0
386499 290 0 15,25 -88 0 0 0
391248,9 295 0 5,8125 -87 0 0 0
391248,9 100 0 5,625 -86 0 0 0
391248,9 294 0 11,5625 -85 0 0 0
391499,1 295 0 6,625 -84 0 0 0
391499,1 55 0 12,1875 -85 0 0 0
391498,9 290 0,5350999 13,75 -85 0 0 0
396250 102 0 19,8125 -85 0 0 0
396249,1 295 0 12,8125 -84 0 0 0
396249,5 296 0 12,1875 -86 0 0 0
392499,1 290 0 15,25 -88 0 0 0
392749,4 287 0 14,375 -79 0 0 0
392749,3 291 0 13,5625 -80 0 0 0
392749,1 288 0 14,3125 -80 0 0 0
393748,9 292 0 21,125 -83 0 0 0
393749 292 0 19,25 -80 0 0 0
393748,9 292 0 17,5625 -79 0 0 0
393999,2 58 0 18,25 -77 0 0 0
393999 290 0 20,125 -79 0 0 0
393999 57 0 20,3125 -81 0 0 0
389999,1 294 0 10,1875 -89 0 0 0
389999,6 284 0 12,6875 -89 0 0 0
390249,3 162 0 10,1875 -89 0 0 0
394999,3 286 0 19,125 -80 0 0 0
394999,4 288 0 17,125 -79 0 0 0
394999,4 287 0 18,8125 -78 0 0 0
395249,5 292 0 15,8125 -78 0 0 0
395249,6 57 0 16,125 -81 0 0 0
395249,6 57 0 17,6875 -82 0 0 0
386749,3 292 0 12,6875 -89 0 0 0
386748,8 58 0 9,75 -86 0 0 0
386749,3 293 0 11,4375 -85 0 0 0
391749,2 288 0 38,375 -83 0 0 0
391749,2 289 0 40,6875 -82 0 0 0
391749,2 297 0 43,625 -81 0 0 0
391999,3 288 0 29,3125 -86 0 0 0
391999,1 105 0 20,375 -89 0 0 0
392998,4 291 0 17,9375 -86 0 0 0
392999,2 290 0 19,4375 -85 0 0 0
392999,9 162 0 22,875 -89 0 0 0
393248,9 289 0,5010443 12,9375 -80 0 0 0
393249 291 0 15,25 -82 0 0 0
393248,9 286 0 16,6875 -84 0 0 0
389498,6 285 0,5147387 7,625 -89 0 0 0
389499,5 288 0 12,8125 -88 0 0 0
394499,2 286 0 18,5625 -80 0 0 0
394499,2 286 0 18,625 -79 0 0 0
394499,2 285 0 15,6875 -78 0 0 0
394749,4 285 0 22,5625 -82 0 0 0
394749,4 286 0 19,25 -79 0 0 0
394749,1 286 0 18,625 -80 0 0 0
405015,2 25 0,6637212 5,9375 -88 0 0 0
390749 55 0 10,5625 -86 0 0 0
390748,5 55 0 1 -87 0 0 0
390748,6 55 0 1 -86 0 0 0
390999,3 43 0 1 -89 0 0 0
395749,3 294 0 19,6875 -81 0 0 0
395749,6 295 0 20,75 -80 0 0 0
395749,4 295 0 17 -79 0 0 0
395999,2 297 0,5525005 22,875 -83 0 0 0
395999,2 295 0 20,375 -85 0 0 0
395999,2 306 0 14,25 -87 0 0 0
387499,1 291 0 7,3125 -87 0 0 0
387498,9 104 0 7,1875 -88 0 0 0
392248,8 162 0 12,4375 -87 0 0 0
392499,3 287 0 13,5 -80 0 0 0
392499,5 286 0 18,3125 -81 0 0 0
392499,3 287 0 16,5625 -83 0 0 0
389249,3 291 0 8,375 -88 0 0 0
389249,3 291 0 8,125 -88 0 0 0
389249,1 289 0 6,4375 -87 0 0 0
394249 286 0 11,5625 -75 0 0 0
394249 59 0 1 -75 0 0 0
394249 105 0 1 -76 0 0 0
387498,4 292 0 11,75 -88 0 0 0
387498,5 288 0 9,25 -87 0 0 0
387498,5 291 0 7,125 -87 0 0 0
392499,3 285 0 15,5 -80 0 0 0
392499,3 285 0 13,75 -80 0 0 0
392499,4 287 0 15,375 -80 0 0 0
388498,9 288 0 8,5625 -89 0 0 0
393498,8 293 0 12,875 -78 0 0 0
393498,8 292 0 11 -77 0 0 0
393498,8 292 0 11,125 -77 0 0 0
393748,4 55 0 11,9375 -89 0 0 0
387249,1 294 0 7,5625 -86 0 0 0
387248,7 295 0 7,9375 -86 0 0 0
387248,6 294 0 7,625 -86 0 0 0
392249,5 287 0 16,8125 -81 0 0 0
392249,4 287 0 17,1875 -81 0 0 0
392249,4 288 0 17,1875 -81 0 0 0
403224,4 197 0,5057456 17,625 -84 0 0 0
388498,8 55 0 10,4375 -88 0 0 0
388498,9 291 0,5898908 16,5625 -89 0 0 0
393498,8 292 0 12,6875 -78 0 0 0
393498,8 292 0 11 -77 0 0 0
393498,8 291 0 10,5625 -77 0 0 0
393748,9 293 0 16,25 -87 0 0 0
403224,9 200 0,518788 1 -84 0 0 0
390498,4 292 0 1 -87 0 0 0
390498,5 47 0 1 -88 0 0 0
390499 147 0 9,625 -86 0 0 0
395249,5 55 0 16,8125 -88 0 0 0
395250 293 0 14 -87 0 0 0
395249,5 292 0 17,375 -82 0 0 0
395499,7 293 0 22,8125 -77 0 0 0
395499,7 294 0 22,375 -78 0 0 0
395499,7 293 0 28,6875 -79 0 0 0
386499 96 0 12,6875 -89 0 0 0
386499,3 58 0 11,4375 -89 0 0 0
386748,8 295 0 9,75 -86 0 0 0
386749,3 293 0 12,6875 -89 0 0 0
391499,5 289 0 12,6875 -88 0 0 0
391498,9 55 0 11,875 -85 0 0 0
391499,1 101 0 13,25 -84 0 0 0
391749,2 100 0 40,6875 -82 0 0 0
391749,2 289 0 38,375 -83 0 0 0
391749,1 293 0 13,4375 -85 0 0 0
403226,1 198 0 7,75 -82 0 0 0
403227,6 197 0,5481782 16,6875 -84 0 0 0
387748,8 162 0 7 -89 0 0 0
387748,6 285 0 9,3125 -89 0 0 0
392749,5 61 0 17,625 -82 0 0 0
392749,1 60 0 13,8125 -80 0 0 0
392749,3 60 0 12,8125 -79 0 0 0
392998,4 291 0,5478096 15,25 -88 0 0 0
403224,4 197 0,5195355 17,8125 -84 0 0 0
403227 91 0 15,25 -83 0 0 0
389748,8 284 0 8,5625 -87 0 0 0
389749 287 0 8,5 -85 0 0 0
389749 287 0 8,5 -85 0 0 0
394749,3 162 0 64,0625 -75 0 0 0
394749,3 287 0 14,375 -76 0 0 0
394749,4 286 0 5,125 -75 0 0 0
394999,7 162 0 16,5625 -85 0 0 0
394999,7 289 0 18,3125 -89 0 0 0
386748,8 292 0 9,125 -85 0 0 0
386749,2 60 0 10,4375 -84 0 0 0
386749,3 292 0 11,4375 -85 0 0 0
391749,3 290 0 45,5625 -80 0 0 0
391749,4 292 0 4,375 -81 0 0 0
391749,2 292 0 43,3125 -81 0 0 0
403225,4 198 0 1 -89 0 0 0
403224,7 198 0,5032828 17,3125 -83 0 0 0
388499,1 292 0 2,6875 -89 0 0 0
393498,8 292 0 11,125 -77 0 0 0
393498,8 292 0 11 -77 0 0 0
393498,8 292 0 11,625 -77 0 0 0
389998,8 287 0,5526587 9,625 -87 0 0 0
389999,5 287 0 10,6875 -88 0 0 0
389998,7 287 0 10,6875 -88 0 0 0
394749,4 287 0 17,5625 -85 0 0 0
394749,4 162 0 18,125 -81 0 0 0
394749,4 287 0 18,5625 -80 0 0 0
394999,3 289 0 14,1875 -75 0 0 0
394999,5 162 0 16,5625 -77 0 0 0
394999,7 162 0 17,75 -79 0 0 0
386749 57 0 10,0625 -85 0 0 0
386749 290 0 9,4375 -84 0 0 0
386749 291 0 9,4375 -84 0 0 0
391749,2 289 0 43,625 -81 0 0 0
391749,3 292 0 45,75 -80 0 0 0
391749,3 292 0 45,5625 -80 0 0 0
387998,8 162 0 8,75 -89 0 0 0
392999,2 288 0,5069416 13,4375 -81 0 0 0
392999,4 288 0,5624601 14,625 -80 0 0 0
392999,2 289 0 12,0625 -79 0 0 0
393249 292 0 12,1875 -86 0 0 0
389499,3 287 0 7,625 -86 0 0 0
389499,3 286 0 9,125 -86 0 0 0
389499,3 286 0 9,125 -86 0 0 0
394249,9 288 0 17,8125 -87 0 0 0
394499,2 286 0 4,1875 -75 0 0 0
394499,3 162 0 1 -76 0 0 0
394499,2 286 0 11,875 -76 0 0 0
390998,8 293 0 1 -85 0 0 0
390998,8 55 0 1 -84 0 0 0
390998,8 55 0 1 -85 0 0 0
395999,6 296 0,5049366 13,0625 -78 0 0 0
395999,4 296 0 13,9375 -78 0 0 0
395999,6 296 0 14,25 -78 0 0 0
407076,1 306 0 37,75 -83 0 0 0
407076,9 191 0 7,25 -84 0 0 0
387248,6 293 0 7,625 -86 0 0 0
387248,4 291 0 7,6875 -87 0 0 0
387248,4 291 0 7,6875 -87 0 0 0
392249,3 286 0 13,875 -81 0 0 0
392249,5 288 0 16,8125 -81 0 0 0
392249,4 288 0 17,1875 -81 0 0 0
407076,3 193 0 3,625 -85 0 0 0
407076,3 191 0 3,625 -85 0 0 0
393999,2 291 0 18,4375 -84 0 0 0
393999,2 99 0 18,3125 -82 0 0 0
393999 59 0 20,625 -79 0 0 0
394249,1 289 0 15,75 -76 0 0 0
394249,1 105 0 18,375 -77 0 0 0
394248,9 289 0 19,8125 -79 0 0 0
407076,9 306 0 1 -89 0 0 0
393249 291 0 11,9375 -79 0 0 0
393249 292 0 11,0625 -79 0 0 0
393249,2 292 0 12,4375 -80 0 0 0
389999,1 286 0 9,125 -85 0 0 0
389998,8 284 0,5313473 8,9375 -86 0 0 0
389999,3 287 0 8,9375 -86 0 0 0
394748,7 334 0 18,3125 -86 0 0 0
394749,8 162 0 16 -85 0 0 0
394999,4 287 0 36,625 -74 0 0 0
394999,5 287 0 64,5 -75 0 0 0
394999,5 289 0 61,375 -76 0 0 0
404999,4 206 0,8076729 15,25 -93 0 0 0
387248,6 295 0 7,625 -86 0 0 0
387248,7 295 0 7,9375 -86 0 0 0
387248,8 294 0 8,875 -87 0 0 0
392249,5 288 0 16,8125 -81 0 0 0
392249,4 286 0 13,25 -81 0 0 0
392249,3 286 0 13,5 -81 0 0 0
389249,2 294 0 7,6875 -87 0 0 0
389249,4 290 0 7,9375 -88 0 0 0
389249,2 292 0 7,5 -87 0 0 0
394249 290 0 11,5625 -75 0 0 0
394249 291 0 1 -75 0 0 0
394249 291 0 1 -76 0 0 0
386998,8 294 0 8,5 -85 0 0 0
386998,8 96 0 10,0625 -85 0 0 0
386998,7 99 0 11 -86 0 0 0
391749,1 291 0,5057579 11,8125 -88 0 0 0
391999,3 288 0 16,5625 -81 0 0 0
391999,3 287 0 22,875 -82 0 0 0
391999,3 288 0 21 -83 0 0 0
393748,9 294 0 15,4375 -86 0 0 0
393749,4 292 0 18,8125 -83 0 0 0
393749,9 294 0 30,5 -89 0 0 0
393999,1 59 0 12,625 -75 0 0 0
393999 291 0 13,25 -76 0 0 0
393999,1 293 0 17,0625 -77 0 0 0
390249,7 55 0 8,875 -89 0 0 0
390248,8 162 0 12,6875 -89 0 0 0
390499,2 157 0 12,4375 -87 0 0 0
390499,2 58 0 10,6875 -88 0 0 0
390499,2 162 0 8,875 -89 0 0 0
395249,6 292 0 16,125 -81 0 0 0
395250 292 0 16,8125 -80 0 0 0
395249,7 292 0 14,75 -79 0 0 0
395499,7 293 0 28,5 -80 0 0 0
395499,3 294 0 20,375 -81 0 0 0
395499,7 292 0 36,625 -84 0 0 0
386998,7 290 0 8,875 -89 0 0 0
386998,7 291 0 9,625 -87 0 0 0
386998,8 287 0 8,9375 -86 0 0 0
391999,1 289 0 20,375 -84 0 0 0
391999,4 286 0 34,875 -84 0 0 0
391999,3 288 0 22,375 -82 0 0 0
392249,5 286 0 30,5 -86 0 0 0
392248,4 162 0 15,25 -89 0 0 0
386749 56 0 8,5 -84 0 0 0
386749 58 0 8,5 -84 0 0 0
386749 59 0 8,9375 -85 0 0 0
391749,3 57 0 42,5 -80 0 0 0
391749,3 293 0 42,3125 -80 0 0 0
391749,2 292 0 43,3125 -80 0 0 0
393249 289 0,5002466 16,125 -82 90 0 0
393249,1 150 0 13,5 -81 0 0 0
393249,2 292 0 13,25 -80 0 0 0
393499,2 58 0 18,8125 -83 0 0 0
393498,6 292 0 16,25 -85 0 0 0
393498,6 291 0 13,8125 -87 0 0 0
390498,4 285 0 1 -87 0 0 0
390498,4 58 0 1 -88 0 0 0
390498,4 55 0 1 -87 0 0 0
395499,7 294 0 29 -79 0 0 0
395499,6 294 0 21,8125 -78 0 0 0
395499,6 294 0 17,9375 -77 0 0 0
395749,4 292 0 17,8125 -86 0 0 0
395748,9 291 0,5292275 12,1875 -88 0 0 0
388999,3 291 0 9 -89 0 0 0
388999,2 295 0,5854343 6,5 -89 0 0 0
393999,2 58 0 13,5625 -75 0 0 0
393999 58 0 11,75 -75 0 0 0
393998,9 59 0 10,5 -75 0 0 0
394248,9 287 0 17,3125 -86 0 0 0
390498,6 55 0 9,4375 -85 0 0 0
390498,7 293 0 9,75 -86 0 0 0
390498,6 147 0 1 -89 0 0 0
395250 292 0 17,3125 -86 0 0 0
395249,2 293 0 17,25 -82 0 0 0
395249,7 292 0 16,25 -81 0 0 0
395499,6 293 0 22,375 -78 0 0 0
395499,7 293 0 29,875 -79 0 0 0
395499,3 293 0 20,75 -80 0 0 0
387498,3 294 0 1 -89 0 0 0
387498,4 292 0 9,0625 -87 0 0 0
387498,6 334 0 8,375 -88 0 0 0
392499,5 287 0 15,625 -80 0 0 0
392499,4 288 0 19,75 -80 0 0 0
392499,4 287 0 19,3125 -80 0 0 0
407024,8 107,4538 0,6058055 19,8125 -63 0,4537811 0 0
390498,8 56 0 12,0625 -85 0 0 0
390498,5 55 0 1 -87 0 0 0
390498,3 55 0 1 -86 0 0 0
395499,4 294 0 22,9375 -77 0 0 0
395499,8 294 0 31,3125 -77 0 0 0
395499,7 294 0 24,125 -76 0 0 0
395750 133 0 20,375 -89 0 0 0
387498,8 102 0 9,125 -88 0 0 0
387499,2 292 0 10,6875 -88 0 0 0
387498,8 101 0 9,125 -88 0 0 0
392248,4 288 0 24,4375 -89 0 0 0
392499,4 287 0 19,1875 -80 0 0 0
392499,3 284 0,5225882 18,5 -81 0 0 0
392499,8 286 0 39,3125 -83 0 0 0
405015,2 26 0,8083606 8,9375 -85 0 0 0
393749,2 294 0 19,8125 -82 0 0 0
393748,7 294 0 19,25 -80 0 0 0
393748,9 293 0 15,0625 -79 0 0 0
393999,3 59 0 20,5625 -77 0 0 0
393999 290 0 21,375 -79 0 0 0
393999,2 290 0 21,375 -82 0 0 0
407025 107,4921 0,5703722 14,3125 -62 0,4921036 0 0
393250,2 288 0 27,4375 -87 0 0 0
393249,4 149 0 30,5 -89 0 0 0
393498,8 292 0 12,875 -78 0 0 0
393498,9 291 0 14 -79 0 0 0
393499,2 292 0,5056626 14,0625 -79 0 0 0
389498,9 285 0 8,875 -89 0 0 0
389748,8 336 0 10,1875 -89 0 0 0
394499,2 289 0 18,6875 -80 0 0 0
394499,2 286 0 18,625 -79 0 0 0
394499,3 287 0 16,6875 -77 0 0 0
394749,4 287 0 18,3125 -79 0 0 0
394749,4 285 0 17,8125 -80 0 0 0
394749,1 287 0 19,1875 -81 0 0 0
393249,4 290 0 22,375 -84 0 0 0
393249,4 289 0,5304595 17,3125 -83 0 0 0
393249,2 292 0 12,4375 -80 0 0 0
393499 293 0 15,8125 -80 0 0 0
393498,6 292 0 18,625 -83 0 0 0
393499,2 293 0 16,5 -85 0 0 0
405015,5 26 0,7625873 5,9375 -86 0 0 0
405015,3 21 0,7153711 6,1875 -85 0 0 0
389499 290 0 7,3125 -87 0 0 0
389499,3 291 0 13,75 -88 0 0 0
394249,7 291 0 23,5625 -84 0 0 0
394249,3 59 0 20,625 -82 0 0 0
394249,2 286 0 19,5625 -80 0 0 0
394499,3 287 0 13,75 -76 0 0 0
394499,2 286 0 15,6875 -78 0 0 0
394499,2 286 0 17,8125 -79 0 0 0
403225,2 93 0 1 -87 0 0 0
390748,5 294 0 1 -88 0 0 0
390748,7 151 0 19,0625 -89 0 0 0
390998,8 57 0 1 -86 0 0 0
390998,8 57 0 1 -86 0 0 0
390999,2 293 0 11,625 -86 0 0 0
395748,9 296 0,5750406 29,8125 -86 0 0 0
395749,4 295 0 23,3125 -83 0 0 0
395749,3 296 0 19,3125 -82 0 0 0
395999,2 296 0 14,625 -80 0 0 0
395999,8 296 0 19,75 -81 0 0 0
395999,7 297 0,5626319 22,5625 -83 0 0 0
403226 201 0,5043359 8,8125 -82 0 0 0
403226,8 198 0 10,5625 -81 0 0 0
392499,7 287 0,5170441 30,5 -86 0 0 0
392499,4 280 0 16,8125 -89 0 0 0
392749,3 287 0 14 -80 0 0 0
392749,3 286 0 14 -80 0 0 0
392749,3 287 0 18 -82 0 0 0
393999 292 0 19,5625 -79 0 0 0
393999,1 58 0 16,125 -77 0 0 0
393999,2 59 0 13,5625 -75 0 0 0
394248,9 287 0 18,625 -79 0 0 0
394249,3 104 0 20,0625 -81 0 0 0
394248,9 289 0,5189988 22,4375 -85 0 0 0
396646,7 264 0,6183544 4,25 -89 0 0 0
403224,9 200 0 1 -84 0 0 0
407024,2 290 0 1 -84 0 0 0
390498,4 55 0 1 -87 0 0 0
390498,8 57 0 9,6875 -85 0 0 0
390498,5 152 0 1 -89 0 0 0
395250,7 150 0 27,4375 -88 0 0 0
395249,2 43 0 16,875 -86 0 0 0
395249,5 291 0 18,625 -83 0 0 0
395499,7 293 0 23,0625 -77 0 0 0
395499,6 294 0 21,8125 -78 0 0 0
395499,7 293 0 29,375 -79 0 0 0
392749,3 288 0,5193686 16,9375 -83 0 0 0
392749,5 61 0 17,375 -82 0 0 0
392749,3 57 0 13,75 -80 0 0 0
392999,7 288 0,5421845 19,8125 -85 0 0 0
392999,2 288 0 24,4375 -88 0 0 0
405014,9 28 0,8296388 4,9375 -86 0 0 0
389249,2 293 0 8,75 -88 0 0 0
389248,9 287 0,5611046 8,125 -89 0 0 0
393999,2 290 0 18,3125 -86 0 0 0
393998,7 59 0 17,0625 -85 0 0 0
393999 291 0 20,3125 -81 0 0 0
394249,1 287 0 12,75 -75 0 0 0
394249,1 290 0 16,25 -77 0 0 0
394249,1 290 0 16,0625 -77 0 0 0
390748,8 56 0 10,875 -88 0 0 0
390748,5 55 0 1 -87 0 0 0
390749,1 57 0 22,875 -89 0 0 0
390998,6 55 0 11,4375 -86 0 0 0
390999 293 0 11 -87 0 0 0
395749,3 295 0 16,9375 -83 0 0 0
395749,3 295 0 19,6875 -81 0 0 0
395749,4 294 0 17,5625 -79 0 0 0
395999,2 296 0 16,375 -81 0 0 0
395999,2 296 0 23,75 -83 0 0 0
395999,2 298 0 16,8125 -84 0 0 0
405015,1 28 0,7911966 5,25 -86 0 0 0
387748,6 282 0 9,125 -89 0 0 0
392749,4 59 0 12,6875 -79 0 0 0
392749,3 60 0 12,8125 -79 0 0 0
392749,1 286 0 12,3125 -80 0 0 0
405015,2 24 0,7045134 5,6875 -86 0 0 0
389748,8 288 0 10,6875 -87 0 0 0
389749,2 286 0 10,6875 -88 0 0 0
394499,2 334 0 17,875 -85 0 0 0
394499,2 289 0 24,4375 -84 0 0 0
394499,4 162 0 17,8125 -79 0 0 0
394749,3 286 0 14,375 -76 0 0 0
394749,3 286 0 16,125 -77 0 0 0
394749,4 286 0 18,8125 -79 0 0 0
390748,8 55 0 10 -85 0 0 0
390748,6 55 0 1 -86 0 0 0
390748,7 66 0 1 -86 0 0 0
395749,4 297 0 17 -79 0 0 0
395749,6 126 0 18 -78 0 0 0
395749,6 296 0 15,625 -77 0 0 0
396000,8 293 0 16,8125 -89 0 0 0
405015,4 28 0,6340124 6,125 -86 0 0 0
392999,2 150 0 14,375 -80 0 0 0
392999,2 292 0 12,375 -80 0 0 0
392999,2 289 0,586512 11,625 -79 0 0 0
393248,9 291 0 13,25 -87 0 0 0
389499,1 289 0 7,9375 -86 0 0 0
389499,1 288 0 7,625 -88 0 0 0
389499,2 288 0 9,75 -88 0 0 0
394248,9 286 0 18,875 -84 0 0 0
394248,9 288 0 27,1875 -83 0 0 0
394499,3 286 0 1 -76 0 0 0
394499,3 287 0 13,375 -76 0 0 0
394499,2 287 0 16,25 -78 0 0 0
407075,4 193 0 13,1875 -83 0 0 0
386499 57 0 11,4375 -85 0 0 0
386498,8 57 0 10,0625 -85 0 0 0
386498,9 57 0 12,4375 -87 0 0 0
391248,5 292 0 22,875 -88 0 0 0
391499,1 292 0 5,5 -81 0 0 0
391499,1 293 0 4,875 -82 0 0 0
391499,1 292 0 5,875 -84 0 0 0
396249,8 103 0 10,6875 -88 0 0 0
396249,5 98 0 12,1875 -86 0 0 0
407075,5 306 0 10,0625 -83 0 0 0
387498,7 294 0 7,25 -89 0 0 0
392499,8 285 0 36,625 -84 0 0 0
392499,1 162 0 15,125 -81 0 0 0
392499,4 286 0 18,0625 -81 0 0 0
392749,4 288 0,5140662 19,375 -85 0 0 0
392748,9 61 0 15,9375 -87 0 0 0
407076,2 192 0 28,9375 -85 0 0 0
389749,3 286 0 9,4375 -85 0 0 0
389749,2 286 0 8 -85 0 0 0
389749,5 287 0 10,8125 -85 0 0 0
394749,4 287 0 5,6875 -75 0 0 0
394749,4 287 0 5,375 -75 0 0 0
394749,4 287 0 5,6875 -75 0 0 0
386498,9 291 0 12,4375 -87 0 0 0
386498,9 96 0 10,6875 -88 0 0 0
391248,7 294 0,5097388 11,875 -85 0 0 0
391248,9 292 0 5,4375 -85 0 0 0
391249,2 291 0,5056065 19,0625 -89 0 0 0
391499,1 292 0 5,25 -83 0 0 0
391499,1 293 0 12,1875 -85 0 0 0
391499,4 293 0 1 -87 0 0 0
396249,5 104 0,5274568 16,8125 -87 0 0 0
396250,2 306 0,7174221 18,9375 -85 0 0 0
396249,5 103 0 16,25 -84 0 0 0
