384000,7 293 0 10,125 -81 0 0 0
380000,1 292 0 28,1875 -77 0 0 0
384000,7 293 0 10,125 -81 0 0 0
380000 293 0 10,6875 -85 0 0 0
381000,6 293 0 16,4375 -77 0 0 0
382000,3 294 0 15,4375 -80 0 0 0
382999,6 290 0 20,375 -89 0 0 0
380000,1 295 0 51,1875 -78 0 0 0
382000,2 294 0 9,1875 -77 0 0 0
383000,3 292 0 1 -83 0 0 0
380000,1 295 0 50,8125 -78 0 0 0
382000,3 293 0 9,1875 -77 0 0 0
383000,2 290 0 1 -82 0 0 0
380000,1 296 0 50,9375 -78 0 0 0
381000,7 293 0 16,1875 -77 0 0 0
383000,2 292 0 1 -82 0 0 0
384000,6 292 0 10,25 -81 0 0 0
381000,6 293 0 16,4375 -77 0 0 0
381999,6 295 0 1 -85 0 0 0
384000,8 294 0 12,125 -81 0 0 0
380000,1 297 0 50,8125 -78 0 0 0
381999,6 292 0 1 -85 0 0 0
382000,3 294 0 9,125 -77 0 0 0
380000,1 296 0 28 -77 0 0 0
382000,1 295 0 12,25 -78 0 0 0
383000,1 292 0 1 -82 0 0 0
380000,1 296 0 51,0625 -78 0 0 0
381000,6 292 0 16,4375 -77 0 0 0
383000,3 289 0 1 -83 0 0 0
384000,6 293 0 10,25 -81 0 0 0
381000,7 292 0 16,1875 -77 0 0 0
382000,3 295 0 9,625 -77 0 0 0
380000,2 296 0 28,3125 -77 0 0 0
381000,7 293 0 16,1875 -77 0 0 0
383000,3 291 0 1 -83 0 0 0
381000,7 294 0 16 -77 0 0 0
382000,2 294 0 9,625 -77 0 0 0
384000,8 295 0 11,875 -81 0 0 0
380000,2 295 0 28,3125 -77 0 0 0
383000,2 291 0 1 -82 0 0 0
380000,2 295 0 28,4375 -77 0 0 0
381000,6 293 0 13,625 -77 0 0 0
383000,2 290 0 1 -82 0 0 0
384000,7 292 0 11,3125 -82 0 0 0
381000,7 292 0 16,1875 -77 0 0 0
382000,2 295 0 9,375 -76 0 0 0
384000,8 293 0 12,125 -81 0 0 0
380000,1 297 0 52,3125 -78 0 0 0
381999,8 293 0 1 -85 0 0 0
383000,3 291 0 1 -83 0 0 0
380000,1 297 0 50,875 -78 0 0 0
381000,6 293 0 20,875 -78 0 0 0
383000,2 293 0 1 -83 0 0 0
384000,7 293 0 12,5625 -81 0 0 0
380000,2 297 0 47,5 -80 0 0 0
381000,7 293 0 16,1875 -77 0 0 0
381999,8 19 0 20,875 -85 0 0 0
383000,3 292 0 11,5625 -84 0 0 0
384000,8 293 0 11,75 -81 0 0 0
381000,7 293 0 16 -77 0 0 0
381999,8 294 0 1 -86 0 0 0
384000,7 293 0 12,25 -81 0 0 0
380000,2 296 0 28,3125 -77 0 0 0
382000,3 294 0 9,3125 -77 0 0 0
383000,3 291 0 1 -83 0 0 0
380000,1 297 0 28,1875 -77 0 0 0
381000,6 293 0 13,625 -77 0 0 0
383000,1 291 0 1 -82 0 0 0
383000,2 291 0 1 -83 0 0 0
384000,7 293 0 12,25 -81 0 0 0
381000,7 292 0 15,875 -77 0 0 0
381999,8 294 0 1 -85 0 0 0
384000,7 293 0 12,375 -81 0 0 0
380000,1 296 0 28,1875 -77 0 0 0
381000,7 292 0 16,1875 -77 0 0 0
380000,1 296 0 50,875 -78 0 0 0
383000,3 294 0 1 -83 0 0 0
380000 296 0 8,125 -81 0 0 0
381000,7 293 0 16,1875 -77 0 0 0
382000,6 295 0 23,1875 -84 0 0 0
383000,4 292 0 13,4375 -85 0 0 0
384000,8 293 0 11,875 -81 0 0 0
384000,8 293 0 12 -81 0 0 0
383000,2 342 0 1 -82 0 0 0
382000,3 294 0 9,875 -77 0 0 0
383000,2 290 0 1 -83 0 0 0
381000,7 292 0 15,6875 -77 0 0 0
383000,3 291 0 1 -83 0 0 0
384000,8 293 0 12,125 -81 0 0 0
381000,7 293 0 16,1875 -77 0 0 0
382000,3 294 0 9,875 -77 0 0 0
384000,8 293 0 14,8125 -82 0 0 0
381000,7 293 0 15,6875 -77 0 0 0
383000,3 293 0 1 -83 0 0 0
384000,7 292 0 10,125 -81 0 0 0
380000,1 296 0 28,125 -77 0 0 0
380000,2 296 0 28,3125 -77 0 0 0
381999,7 295 0 1 -85 0 0 0
383000,2 162 0 1 -83 0 0 0
384000,7 294 0 11,3125 -82 0 0 0
381999,8 295 0 1 -85 0 0 0
383000,2 291 0 1 -83 0 0 0
384000,7 293 0 12,375 -81 0 0 0
381000,7 294 0 16,1875 -77 0 0 0
381000,6 292 0 13,125 -77 0 0 0
382000,2 295 0 9,1875 -77 0 0 0
380000,1 293 0 50,875 -78 0 0 0
382000,3 295 0 9,375 -77 0 0 0
383000,3 342 0 1 -83 0 0 0
380000,1 296 0 50,875 -78 0 0 0
381000,7 293 0 16 -77 0 0 0
383000,1 342 0 1 -82 0 0 0
384000,8 292 0 11 -82 0 0 0
381000,7 293 0 15,875 -77 0 0 0
382000,3 294 0 9,1875 -77 0 0 0
384000,8 293 0 12,125 -81 0 0 0
380000,2 293 0 28,3125 -77 0 0 0
383000,3 290 0 1 -83 0 0 0
380000,1 296 0 27,9375 -77 0 0 0
381000,7 294 0 16,1875 -77 0 0 0
383000,3 292 0 1 -83 0 0 0
384000,7 293 0 12,25 -81 0 0 0
381000,6 292 0 13,25 -77 0 0 0
381999,8 292 0 1 -86 0 0 0
384000,7 294 0 12,5625 -81 0 0 0
380000,1 295 0 28 -77 0 0 0
382000,2 294 0 9,375 -76 0 0 0
380000,1 295 0 50,6875 -78 0 0 0
383000,3 342 0 1 -83 0 0 0
384000,8 294 0 12,125 -81 0 0 0
381000,6 293 0 13,625 -77 0 0 0
382000,2 294 0 9,625 -77 0 0 0
384000,7 293 0 10,125 -81 0 0 0
380000,1 296 0 28 -77 0 0 0
382000,2 295 0 9,25 -76 0 0 0
383000,1 292 0 1 -82 0 0 0
380000,1 296 0 28,1875 -77 0 0 0
381000,7 292 0 16 -77 0 0 0
383000,2 291 0 1 -83 0 0 0
381000,7 294 0 16,1875 -77 0 0 0
383000,2 288 0 1 -82 0 0 0
384000,7 293 0 11,625 -82 0 0 0
384000,7 293 0 11,625 -82 0 0 0
380000,1 296 0 28,1875 -77 0 0 0
393998,9 60 0 1 -77 0 0 0
395999,3 294 0 10,3125 -75 0 0 0
396999 335 0 1 -87 0 0 0
398999,8 108 0 8,25 -81 0 0 0
405014,8 23 0 5,75 -87 0 0 0
385999,2 292 0 7,4375 -86 0 0 0
388999,1 293 0,5966615 6,3125 -86 0 0 0
390998,8 55 0 1 -84 0 0 0
391999,3 286 0 13,875 -79 0 0 0
393998,9 58 0 1 -77 0 0 0
396999 331 0 1 -87 0 0 0
397999,6 100 0 23,0625 -80 0 0 0
385998,9 55 0 6,9375 -86 0 0 0
386998,7 59 0 6,5 -83 0 0 0
388999,1 293 0,5686927 6,3125 -86 0 0 0
389999,1 162 0 6,8125 -84 0 0 0
391999,3 286 0 17,5 -80 0 0 0
392999,2 292 0 9,75 -77 0 0 0
394999,6 285 0 65,375 -74 0 0 0
395999,3 294 0 10,1875 -75 0 0 0
397999,6 345 0 42,5 -81 0 0 0
405015,1 24 0 5,9375 -85 0 0 0
385998,8 295 0 5,625 -85 0 0 0
388999,2 291 0 7,625 -86 0 0 0
390998,8 55 0 1 -84 0 0 0
393998,9 58 0 1 -77 0 0 0
394999,5 287 0 35,25 -73 0 0 0
396999 330 0 1 -87 0 0 0
397999,6 290 0 23,25 -80 0 0 0
385999 293 0 6,5 -86 0 0 0
386998,5 288 0 10,1875 -86 0 0 0
388999 288 0 5,8125 -87 0 0 0
389999,1 286 0 9,75 -86 0 0 0
391999,4 287 0 16,625 -80 0 0 0
392998,9 290,9984 0,5357887 12,875 -79 0,9983521 0 0
393999,2 58 0 18,3125 -86 0 0 0
394999,4 286 0 24,75 -73 0 0 0
395999,4 296 0 14,25 -77 0 0 0
397999,6 19 0 23,625 -80 0 0 0
385999 295 0 6,5 -86 0 0 0
387998,8 334 0 8,75 -89 0 0 0
388999,2 289 0 6,6875 -87 0 0 0
390998,9 55 0 1 -84 0 0 0
394999,5 286 0 35,4375 -73 0 0 0
396998,9 330 0 1 -87 0 0 0
397999,6 55 0 23,5 -80 0 0 0
405014,9 32 0,6610842 6,625 -87 1 0 0
386998,6 292 0 6,3125 -83 0 0 0
389998,9 162 0 6,4375 -84 0 0 0
390998,8 293 0 1 -84 0 0 0
392999,2 289 0 9,75 -77 0 0 0
393998,9 291 0 1 -77 0 0 0
395999,5 295 0 10,125 -75 0 0 0
396999,1 285 0 1 -87 0 0 0
398999,7 107 0 8,5625 -81 0 0 0
385999 294 0 7,3125 -85 0 0 0
388999,2 292 0 6,625 -87 0 0 0
391999,3 287 0 13,875 -79 0 0 0
393998,9 59 0 1 -77 0 0 0
394999,5 286 0 33,5625 -74 0 0 0
396999,1 281 0 1 -87 0 0 0
397999,6 154 0 23,375 -80 0 0 0
388999,2 291 0 6,6875 -87 0 0 0
389998,9 285 0 7,1875 -84 0 0 0
391999,3 279 0,5250431 14,125 -79 0 0 0
394999,5 162 0 35,625 -73 0 0 0
395999,5 295 0 10 -75 0 0 0
397999,6 342 0 23,375 -80 0 0 0
398999,7 333 0 8,5625 -81 0 0 0
405000,4 82 0,7953973 14,9375 -93 0 0 0
390998,8 55 0 1 -84 0 0 0
391999,4 287 0 23,75 -80 0 0 0
393998,9 100 0 1 -77 0 0 0
394999,5 286 0 35,4375 -73 0 0 0
396999,1 158 0 1 -87 0 0 0
397999,6 291 0 23,625 -80 0 0 0
386998,9 293 0 7,9375 -83 0 0 0
392999,2 291 0 9,375 -77 0 0 0
394999,5 287 0 35,625 -73 0 0 0
395999,3 298 0,5548366 10,1875 -75 0 0 0
397999,6 55 0 23,625 -80 0 0 0
405015,1 30 0,8278732 5,25 -86 0 0 0
386998,7 291 0 6,5 -83 0 0 0
389998,8 285 0 7,5625 -83 0 0 0
390998,8 55 0 1 -84 0 0 0
392999,2 292 0 9,6875 -77 0 0 0
395999,6 296 0 10,4375 -76 0 0 0
396999 284 0 1 -87 0 0 0
398999,8 331 0 9,625 -81 0 0 0
389998,8 162 0 11 -86 0 0 0
390998,8 55 0 1 -84 0 0 0
392999,4 291 0 13,125 -79 0 0 0
393998,9 294 0 1 -77 0 0 0
394999,7 286 0 18,3125 -85 0 0 0
395999,5 294 0 15,1875 -78 0 0 0
396999 289 0 1 -87 0 0 0
398999,9 342 0 14,9375 -84 0 0 0
385999,2 293 0 7,625 -86 0 0 0
388999,2 292 0,5034491 6,6875 -87 0 0 0
390998,9 293 0 1 -85 0 0 0
393998,9 292 0 1 -77 0 0 0
394999,4 286 0 24,75 -73 0 0 0
385998,9 294 0 7,625 -85 0 0 0
386998,4 58 0 6,875 -84 0 0 0
388999,2 294 0 7,625 -86 0 0 0
394999,4 287 0 24,75 -73 0 0 0
396999,1 332 0 1 -87 0 0 0
397999,6 346 0 23,625 -80 0 0 0
388999,1 101 0 6,4375 -86 0 0 0
390998,8 56 0 1 -84 0 0 0
391999,3 286 0 13,75 -79 0 0 0
393998,9 291 0 1 -77 0 0 0
394999,5 286 0 35,4375 -73 0 0 0
396998,9 330 0 1 -86 0 0 0
397999,6 55 0 23,625 -80 0 0 0
386998,4 289 0 6,875 -84 0 0 0
389998,8 286 0 7,75 -84 0 0 0
390998,9 293 0 1 -85 0 0 0
392999,2 291,4847 0,5336533 9,6875 -77 0,4846802 0 0
393999 290 0 10,8125 -74 0 0 0
395999,5 296 0 10,1875 -75 0 0 0
385999,1 295 0 6,4375 -86 0 0 0
388999,2 289 0 8,875 -87 0 0 0
395999,5 295 0 10,1875 -75 0 0 0
398999,8 162 0 8,25 -81 0 0 0
390998,9 57 0 1 -85 0 0 0
391999,3 286 0 13,75 -79 0 0 0
393998,9 294 0 1 -77 0 0 0
394999,4 286 0 24,75 -73 0 0 0
396999 162 0 1 -87 0 0 0
405015,3 27 0,6540148 5,6875 -87 0 0 0
385999 293 0 6,625 -86 0 0 0
389999,1 288 0 7,625 -84 0 0 0
391999,3 286 0 13,875 -79 0 0 0
392999,2 290 0 8,875 -77 0 0 0
394999,5 287 0 35,4375 -73 0 0 0
395999,3 296 0 10,3125 -75 0 0 0
397999,7 156 0 45 -80 0 0 0
398999,8 332 0 8,25 -81 0 0 0
405000,7 38 0 13,875 -93 0 0 0
385998,9 294 0 6,5625 -85 0 0 0
388999,1 292 0 6,3125 -86 0 0 0
390998,8 293 0 1 -84 0 0 0
391999,3 287 0 14 -79 0 0 0
398999,9 334 0 9 -81 0 0 0
385999 292 0 6,1875 -85 0 0 0
391999,3 288 0 14,125 -79 0 0 0
393998,9 59 0 1 -77 0 0 0
396998,9 106 0 1 -87 0 0 0
397999,6 153 0 23,75 -80 0 0 0
407076,3 193 0 5,9375 -84 0 0 0
391999,3 288 0 13,75 -79 0 0 0
392999,2 291 0 9,6875 -77 0 0 0
394999,4 286 0 24,75 -73 0 0 0
395999,5 295 0 10,125 -75 0 0 0
397999,6 55 0 23,625 -80 0 0 0
407075,8 306 0 13,25 -84 0 0 0
385998,9 293 0 5,8125 -86 0 0 0
387998,7 26 0 8,5625 -89 0 0 0
393998,9 59 0 1 -77 0 0 0
396999,1 157 0 1 -87 0 0 0
398999,7 334 0 8,5625 -81 0 0 0
407075,7 191 0 8,3125 -84 0 0 0
385999 294 0 7,4375 -85 0 0 0
387998,6 162 0 16,25 -89 0 0 0
388999,1 293 0 7,125 -87 0 0 0
395999,5 297 0,598762 10,0625 -75 0 0 0
396999,1 283 0 1 -87 0 0 0
398999,8 332 0 8,25 -81 0 0 0
385999 293 0 6,625 -86 0 0 0
386998,4 289 0 6,875 -84 0 0 0
388999,2 295 0 8,875 -87 0 0 0
394999,5 287 0 35,625 -73 0 0 0
396999,1 336 0 1 -87 0 0 0
405000,4 77 0 15,25 -93 0 0 0
386998,5 291 0 7 -83 0 0 0
392999,2 292 0 9,75 -77 0 0 0
394999,5 287 0 35,4375 -73 0 0 0
395999,3 291 0 9,5625 -75 0 0 0
397999,6 55 0 23,3125 -80 0 0 0
398999,4 107 0 8,375 -81 0 0 0
386998,7 58 0 7,5625 -83 0 0 0
392999,2 289 0 9,5625 -77 0 0 0
393998,9 59 0 1 -77 0 0 0
395999,5 294 0 10,25 -75 0 0 0
396999,1 330 0 1 -87 0 0 0
398999,8 335 0 8,25 -81 0 0 0
386998,7 61 0 7,5625 -83 0 0 0
389999,1 286 0 7,4375 -83 0 0 0
392999,2 289 0 9,5625 -77 0 0 0
393998,9 101 0 1 -77 0 0 0
385999,1 295 0 6,25 -86 0 0 0
391999,3 286 0 14,125 -79 0 0 0
393998,8 59 0 1 -77 0 0 0
394999,5 162 0 35,4375 -73 0 0 0
396999,1 162 0 1 -88 0 0 0
385999,1 292 0 8 -86 0 0 0
386998,9 292 0 7,1875 -84 0 0 0
388999,2 292 0 6,75 -87 0 0 0
389999,1 285 0,5026174 5,5 -85 0 0 0
391999,3 288 0 13,875 -79 0 0 0
392999,3 291 0 11,875 -77 0 0 0
394999,4 286 0 24,75 -73 0 0 0
395999,3 301 0,5356969 9,6875 -75 0 0 0
398999,7 332 0 7,9375 -82 0 0 0
386998,7 292 0 7,5625 -83 0 0 0
389999,1 286 0 7,4375 -83 0 0 0
390998,8 55 0 1 -84 0 0 0
397999,6 155 0 23,5 -80 0 0 0
398999,7 162 0 8,5625 -81 0 0 0
390998,9 55 0 1 -84 0 0 0
392999 270 0,6057119 12,625 -77 0 0 0
393998,9 100 0 1 -77 0 0 0
395999,3 295 0 10,375 -75 0 0 0
396999 280 0 1 -87 0 0 0
398999,6 328 0 8,9375 -81 0 0 0
385999,1 295 0 6,4375 -86 0 0 0
388999,3 292 0 7,375 -86 0 0 0
390998,8 57 0 1 -84 0 0 0
391999,4 279 0,5092452 17,6875 -79 0 0 0
393998,8 295 0 1 -77 0 0 0
394999,5 288 0 35,4375 -73 0 0 0
396999,1 282 0 1 -88 0 0 0
385999,1 292 0 7,75 -86 0 0 0
386998,6 293 0 6,5625 -84 0 0 0
389999,1 290 0 7,625 -84 0 0 0
396999,1 286 0 1 -87 0 0 0
397999,6 155 0 23,25 -80 0 0 0
388999,2 288 0 7,625 -86 0 0 0
389998,6 286 0 7,4375 -84 0 0 0
391999,4 287 0 17,6875 -79 0 0 0
392999,2 292 0 9,4375 -77 0 0 0
395999,5 295 0 10,125 -75 0 0 0
397999,6 291 0 23,875 -80 0 0 0
398999,9 21 0 7,0625 -81 0 0 0
386998,5 287 0 6,375 -84 0 0 0
389999,1 283 0 6,8125 -84 0 0 0
390998,9 293 0 1 -85 0 0 0
392999,3 292 0 9,3125 -77 0 0 0
393998,9 101 0 1 -77 0 0 0
395999,5 296 0,5741645 10,0625 -75 0 0 0
396999 162 0 1 -87 0 0 0
385999,1 294 0 6,4375 -86 0 0 0
388999,3 295 0 8,5625 -87 0 0 0
390998,8 55 0 1 -84 0 0 0
391999,3 287 0 14 -79 0 0 0
393998,9 59 0 1 -77 0 0 0
394999,5 286 0 35,625 -73 0 0 0
396999,1 279 0 1 -88 0 0 0
405015,4 27 0,9101461 5,25 -86 1 0 0
385999,1 296 0 6,4375 -86 0 0 0
386998,8 293 0 6,8125 -83 0 0 0
388999,2 293 0,5072157 6,1875 -86 0 0 0
389999,1 288 0 5,5 -85 0 0 0
391999,4 287 0 17,8125 -79 0 0 0
405015,4 35 0,6818088 4,6875 -86 0 0 0
385999,2 294 0 7,625 -86 0 0 0
390998,9 292 0 10,625 -86 0 0 0
391999,3 288 0 14,125 -79 0 0 0
392999,5 289 0 18,3125 -82 0 0 0
393999 59 0 19,5625 -79 0 0 0
386998,4 60 0 6,1875 -84 0 0 0
389998,8 287 0 6,875 -84 0 0 0
390998,8 57 0 1 -84 0 0 0
397999,7 153 0 41,875 -81 0 0 0
398999,7 291 0 8,5625 -81 0 0 0
385999 293 0 6,5 -86 0 0 0
388999,2 292 0 7,5625 -86 0 0 0
390998,8 293 0 1 -84 0 0 0
391999,4 287 0 16,625 -80 0 0 0
393998,9 58 0 1 -77 0 0 0
385999,1 296 0 7,1875 -85 0 0 0
386998,4 291 0 7,5625 -83 0 0 0
388999,2 290 0 7,625 -86 0 0 0
389998,7 162 0 6,5625 -84 0 0 0
391999,4 278 0,507539 17,5625 -79 0 0 0
392999,4 290 0 10,5 -77 0 0 0
394999,5 286 0 24,4375 -73 0 0 0
395999,5 295 0 10,1875 -75 0 0 0
386998,7 289 0 7,5625 -83 0 0 0
388999,1 291 0 7 -87 0 0 0
389998,9 288 0 7,1875 -84 0 0 0
391999,4 287 0 16,625 -80 0 0 0
392999,2 292 0 9,75 -77 0 0 0
394999,4 286 0 24,75 -73 0 0 0
397999,6 153 0 23,375 -80 0 0 0
398999,8 342 0 8,25 -81 0 0 0
385999,1 294 0 8 -86 0 0 0
389998,9 285 0 7,1875 -84 0 0 0
390998,8 294 0 1 -84 0 0 0
396999 162 0 1 -87 0 0 0
398999,8 286 0 8,875 -80 0 0 0
385998,8 293 0 8,8125 -86 0 0 0
387998,8 55 0 10,8125 -88 0 0 0
388999,2 295 0 10,1875 -86 0 0 0
391999,4 286 0 26,4375 -79 0 0 0
393998,9 291 0 10,9375 -73 0 0 0
405015,2 27 0,6917149 6,375 -89 0 0 0
385999 293 0 8,125 -86 0 0 0
388999,2 290 0 10 -86 0 0 0
389999,1 162 0 9,5625 -83 0 0 0
391999,4 287 0 26,1875 -79 0 0 0
392999,2 291 0,5408608 11,125 -77 0 0 0
394999,5 286 0 36,5 -73 0 0 0
395999,6 296 0 12,9375 -75 0 0 0
405015,4 20 0,6990228 7,625 -89 0 0 0
385999,1 290 0 10,375 -86 0 0 0
386998,5 294 0 7 -83 0 0 0
388999,1 290 0,503084 6,5 -86 0 0 0
389998,9 288 0 7,1875 -84 0 0 0
391999,3 286 0 13,875 -79 0 0 0
392999,2 58 0 9,5625 -77 0 0 0
395999,5 295 0 10,25 -75 0 0 0
397999,3 347 0 25,5625 -80 0 0 0
407025 107 0,584529 14,875 -61 0 0 0
386999 294 0 10,6875 -87 0 0 0
389998,8 286 0 9,625 -87 0 0 0
390998,8 55 0 1 -84 0 0 0
393998,9 101 0 1 -77 0 0 0
394999,3 287 0 20,8125 -79 0 0 0
395999,2 297 0 20,0625 -81 0 0 0
396999,1 287 0 1 -87 0 0 0
397999,8 288 0 14,0625 -86 0 0 0
398999,8 162 0 17,8125 -87 0 0 0
388999,2 293 0 6,6875 -87 0 0 0
390998,8 55 0 1 -84 0 0 0
391999,3 287 0 14,125 -79 0 0 0
393998,9 59 0 1 -77 0 0 0
394999,5 286 0 35,625 -73 0 0 0
396999,1 162 0 1 -87 0 0 0
397999,6 55 0 23,25 -80 0 0 0
389998,9 288 0 7,1875 -84 0 0 0
391999,4 287 0 17,8125 -79 0 0 0
392999 291 0 9,75 -77 0 0 0
395999,5 296 0,50739 10,0625 -75 0 0 0
397999,6 55 0 23,625 -80 0 0 0
398999,7 331 0 8,5625 -81 0 0 0
385999,1 297 0 7,875 -86 0 0 0
392999,2 289 0 13,4375 -79 0 0 0
393998,9 59 0 1 -77 0 0 0
395000,1 290 0 17,25 -85 0 0 0
395999,5 294 0 15,375 -78 0 0 0
396999,1 162 0 1 -87 0 0 0
397999 288 0 11,4375 -89 0 0 0
398999,9 284 0 14,625 -85 0 0 0
386998,7 292 0 6,5 -83 0 0 0
391999,3 286 0 13,875 -79 0 0 0
392999,3 291 0 9,5625 -77 0 0 0
394999,5 162 0 35,8125 -73 0 0 0
398999,9 342 0 9 -81 0 0 0
405000,6 87 0,680405 15,5 -93 0 0 0
392999,2 289 0 9,6875 -77 0 0 0
393999,2 101 0 20,375 -89 0 0 0
394999,6 162 0 67,5625 -74 0 0 0
395999,5 295 0 10,125 -75 0 0 0
397999,5 156 0 23,4375 -81 0 0 0
398999,9 336 0 9 -81 0 0 0
391999,3 286 0 14 -79 0 0 0
393998,9 59 0 1 -77 0 0 0
394999,4 286 0 24,75 -73 0 0 0
396999,1 342 0 1 -87 0 0 0
397999,6 157 0 22,0625 -81 0 0 0
391999,4 288 0 17,5625 -79 0 0 0
394999,5 287 0 35,25 -73 0 0 0
395999,3 296 0 9,75 -75 0 0 0
397999,6 55 0 23,3125 -80 0 0 0
398999,6 334 0 8 -81 0 0 0
390998,9 55 0 1 -85 0 0 0
393998,9 98 0 1 -77 0 0 0
395999,3 295 0 10,125 -75 0 0 0
396999,1 283 0 1 -87 0 0 0
398999,8 332 0 9,625 -81 0 0 0
385999,2 291 0 8,5 -85 0 0 0
392999,3 289 0 9,5625 -77 0 0 0
393998,9 100 0 1 -77 0 0 0
395999,5 295 0 10,875 -75 0 0 0
396999,1 332 0 1 -88 0 0 0
398999,8 162 0 9,25 -81 0 0 0
405015 31 0,5996907 6,1875 -86 1 0 0
385999 294 0 6,625 -86 0 0 0
386998,5 60 0 7 -83 0 0 0
388999,3 290 0 7,375 -86 0 0 0
394999,5 286 0 24,5625 -73 0 0 0
396999,1 284 0 1 -87 0 0 0
397999,6 291 0 23,625 -80 0 0 0
405015,1 28 0,5732607 5,9375 -86 0 0 0
386998,5 58 0 7 -83 0 0 0
389999,1 287 0 6,8125 -84 0 0 0
395999,5 295 0 10,5625 -76 0 0 0
397999,5 291 0 16,25 -80 0 0 0
398999,9 333 0 9 -81 0 0 0
388998,7 292 0 9,5625 -86 0 0 0
390998,8 295 0 1 -84 0 0 0
391999,3 287 0 14,3125 -79 0 0 0
393998,9 290 0 1 -77 0 0 0
398999,8 334 0 8,25 -81 0 0 0
405015 28 0,7956913 4,75 -86 0 0 0
386998,4 289 0 6,1875 -84 0 0 0
387998,9 285 0 6,375 -89 0 0 0
389999,1 287 0 7,625 -84 0 0 0
390998,8 55 0 1 -84 0 0 0
392999,2 291 0 9,25 -77 0 0 0
393998,9 58 0 1 -77 0 0 0
385999,1 55 0 6,4375 -86 0 0 0
386998,6 292 0 7,4375 -84 0 0 0
389998,8 285 0 6,875 -84 0 0 0
392999,2 290 0 9,75 -77 0 0 0
394999,5 285 0 35,4375 -73 0 0 0
395999,5 295 0 10,125 -75 0 0 0
397999,6 153 0 23,625 -80 0 0 0
386998,4 58 0 6,75 -83 0 0 0
389999,1 286 0 6,8125 -84 0 0 0
390998,8 294 0 1 -84 0 0 0
392999,2 292 0 9,5 -77 0 0 0
