384000,7 293 0 11,3125 -82 0 0 0
381999,8 293 0 1 -85 0 0 0
384000,6 293 0 10,25 -81 0 0 0
384000,7 293 0 10,125 -81 0 0 0
384000,7 293 0 9,375 -82 0 0 0
380000,1 292 0 28,1875 -77 0 0 0
384000,7 293 0 10,125 -81 0 0 0
381000,6 293 0 16,4375 -77 0 0 0
384000,7 292 0 11,75 -82 0 0 0
380000,3 295 0 36,625 -84 0 0 0
380000 293 0 10,6875 -85 0 0 0
381000,5 293 0 25,5625 -81 0 0 0
381000,6 293 0 16,4375 -77 0 0 0
381999,8 292 0 1 -85 0 0 0
382000,3 294 0 15,4375 -80 0 0 0
382999,6 290 0 20,375 -89 0 0 0
380000,1 295 0 51,1875 -78 0 0 0
382000,2 294 0 9,1875 -77 0 0 0
383000,3 292 0 1 -83 0 0 0
382000,3 294 0 9,75 -76 0 0 0
384000,7 293 0 10,125 -81 0 0 0
381999,8 19 0 1 -85 0 0 0
383000,2 290 0 1 -83 0 0 0
381000,7 294 0 16,1875 -77 0 0 0
383000,2 292 0 1 -83 0 0 0
384000,7 293 0 11,4375 -82 0 0 0
384000,7 293 0 10,125 -81 0 0 0
382000,3 294 0 9,75 -76 0 0 0
384000,8 293 0 11 -82 0 0 0
380000,1 297 0 28 -77 0 0 0
382000,2 295 0 9,375 -77 0 0 0
383000,2 291 0 1 -83 0 0 0
381000,7 293 0 16,1875 -77 0 0 0
381000,7 293 0 16,1875 -77 0 0 0
383000,2 292 0 1 -82 0 0 0
380000,1 295 0 50,875 -78 0 0 0
383000,3 291 0 1 -83 0 0 0
382000,2 294 0 9,375 -76 0 0 0
384000,7 293 0 10,125 -81 0 0 0
381000,7 293 0 16,1875 -77 0 0 0
383000,3 342 0 1 -83 0 0 0
384000,7 294 0 11,4375 -82 0 0 0
381000,6 293 0 13,25 -77 0 0 0
381000,6 292 0 14,4375 -76 0 0 0
382000,2 294 0 9,1875 -77 0 0 0
384000,7 293 0 11,4375 -82 0 0 0
380000,2 295 0 28,3125 -77 0 0 0
383000,2 290 0 1 -82 0 0 0
381000,6 293 0 22,9375 -77 0 0 0
382000,4 295 0 12,875 -76 0 0 0
384000,8 292 0 20,125 -83 0 0 0
384000,8 293 0 14,375 -82 0 0 0
380000,1 295 0 28,125 -77 0 0 0
381000,6 292 0 16,6875 -77 0 0 0
383000,3 290 0 1 -83 0 0 0
384000,8 293 0 13,5625 -83 0 0 0
381999,7 293 0 1 -85 0 0 0
381000,7 293 0 15,6875 -77 0 0 0
383000,3 292 0 1 -83 0 0 0
384000,6 292 0 9,5 -82 0 0 0
381000,7 293 0 15,875 -77 0 0 0
383000,2 290 0 1 -83 0 0 0
384000,7 293 0 11,3125 -82 0 0 0
381000,7 292 0 16 -77 0 0 0
382000,2 294 0 9,375 -77 0 0 0
384000,8 292 0 12,125 -81 0 0 0
380000,1 296 0 28 -77 0 0 0
380000,1 297 0 52,3125 -78 0 0 0
381999,8 294 0 1 -85 0 0 0
383000,3 291 0 1 -83 0 0 0
380000,1 297 0 50,9375 -78 0 0 0
381999,9 293 0 1 -85 0 0 0
380000,1 297 0 51,0625 -78 0 0 0
383000,2 349 0 1 -83 0 0 0
380000,1 295 0 50,875 -78 0 0 0
381000,3 291 0 14,0625 -85 0 0 0
382000,6 294 0 16,875 -81 0 0 0
383000,3 292 0 1 -83 0 0 0
384000,2 291 0 11,375 -87 0 0 0
380000,2 294 0 28,4375 -77 0 0 0
381999,9 296 0 1 -85 0 0 0
380000,1 296 0 51,1875 -78 0 0 0
381000,7 292 0 16 -77 0 0 0
383000,3 294 0 1 -83 0 0 0
380000,1 296 0 28,125 -77 0 0 0
381000,7 292 0 16 -77 0 0 0
383000,2 162 0 1 -83 0 0 0
380000,4 296 0 45,75 -82 0 0 0
381000,3 294 0 24,875 -82 0 0 0
382000,2 295 0 9,25 -76 0 0 0
383000,3 289 0 11,125 -85 0 0 0
384001,1 292 0 6,125 -88 0 0 0
381000,6 293 0 13,4375 -77 0 0 0
382000,2 294 0 9,1875 -77 0 0 0
384000,7 293 0 12,375 -81 0 0 0
380000,2 296 0 28,3125 -77 0 0 0
381999,8 292 0 1 -85 0 0 0
383000,2 290 0 1 -83 0 0 0
380000,2 295 0 28,3125 -77 0 0 0
381999,7 294 0 1 -85 0 0 0
380000,1 295 0 28,125 -77 0 0 0
383000,2 290 0 1 -83 0 0 0
383000,3 290 0 1 -83 0 0 0
384000,6 294 0 10,4375 -81 0 0 0
381000,7 294 0 16 -77 0 0 0
381000,6 292 0 14,1875 -76 0 0 0
382000,3 294 0 9,375 -77 0 0 0
382000,3 294 0 14,625 -80 0 0 0
384000,8 293 0 12 -81 0 0 0
380000,1 295 0 28,125 -77 0 0 0
383000,3 294 0 1 -83 0 0 0
380000,1 295 0 52,3125 -78 0 0 0
382000,2 294 0 9,1875 -77 0 0 0
383000,2 347 0 1 -82 0 0 0
380000,1 297 0 54,0625 -77 0 0 0
381000,6 293 0 16,4375 -77 0 0 0
383000,3 291 0 1 -83 0 0 0
384000,6 293 0 10,25 -81 0 0 0
380000,2 295 0 28,5625 -77 0 0 0
381999,8 295 0 1 -85 0 0 0
381000,7 293 0 16,1875 -77 0 0 0
382000,3 294 0 9,0625 -77 0 0 0
384000,8 294 0 12 -81 0 0 0
381000,7 292 0 16 -77 0 0 0
383000,1 291 0 1 -82 0 0 0
384000,7 292 0 10,125 -81 0 0 0
381000,6 292 0 26,5625 -80 0 0 0
381999,5 291 0 12,4375 -87 0 0 0
384000,7 294 0 19,0625 -84 0 0 0
380000,1 296 0 28,125 -77 0 0 0
381000,7 293 0 15,6875 -77 0 0 0
383000,3 290 0 1 -83 0 0 0
384000,7 294 0 9,9375 -81 0 0 0
384000,8 293 0 12,125 -81 0 0 0
381999,6 296 0 1 -85 0 0 0
384000,7 292 0 12,375 -81 0 0 0
380000,1 296 0 28,1875 -77 0 0 0
381999,8 294 0 1 -85 0 0 0
383000,2 289 0 1 -83 0 0 0
381000,6 293 0 13,25 -77 0 0 0
380000 296 0 8,875 -82 0 0 0
383000,2 294 0 1 -83 0 0 0
381000,7 292 0 39,3125 -83 0 0 0
384000,7 293 0 10 -81 0 0 0
380000,2 297 0 28,4375 -77 0 0 0
383000,3 292 0 1 -83 0 0 0
381000,7 292 0 16 -77 0 0 0
381999,8 294 0 1 -85 0 0 0
384000,7 293 0 10,125 -81 0 0 0
381000,7 293 0 16 -77 0 0 0
384000,8 293 0 11 -82 0 0 0
381999,7 295 0 1 -85 0 0 0
384000,7 292 0 11,4375 -82 0 0 0
382000,1 293 0 12,375 -79 0 0 0
383000,2 291 0 1 -83 0 0 0
380000,1 295 0 53,9375 -77 0 0 0
382000,2 295 0 9,375 -77 0 0 0
383000,2 292 0 1 -82 0 0 0
381000,7 293 0 16,1875 -77 0 0 0
383000,3 291 0 1 -83 0 0 0
384000,7 294 0 10,125 -81 0 0 0
380000,1 296 0 28,125 -77 0 0 0
383000,3 342 0 1 -83 0 0 0
384000,7 292 0 11,3125 -82 0 0 0
381999,8 294 0 1 -85 0 0 0
384000,7 294 0 12,5625 -81 0 0 0
381000,7 293 0 15,875 -77 0 0 0
384000,7 293 0 10,125 -81 0 0 0
384000,7 291 0 11,3125 -82 0 0 0
380000,1 296 0 28,125 -77 0 0 0
381000,7 294 0 27,75 -79 0 0 0
383000,1 292 0 1 -82 0 0 0
380000,1 292 0 27,9375 -77 0 0 0
384000,6 293 0 15,875 -82 0 0 0
382000,2 294 0 9,625 -77 0 0 0
381000,7 293 0 16 -77 0 0 0
384000,6 293 0 10,25 -81 0 0 0
381000,7 293 0 15,875 -77 0 0 0
380000,1 295 0 51,0625 -78 0 0 0
382000,3 294 0 9,375 -77 0 0 0
383000,2 290 0 1 -83 0 0 0
380000,1 294 0 28 -77 0 0 0
380000,1 296 0 28,1875 -77 0 0 0
381000,7 293 0 16 -77 0 0 0
383000,1 291 0 1 -82 0 0 0
384000,7 292 0 10,125 -81 0 0 0
380000,2 296 0 28,4375 -77 0 0 0
381000,7 293 0 16,1875 -77 0 0 0
381000,7 293 0 16,1875 -77 0 0 0
381999,7 292 0 1 -85 0 0 0
384000,7 294 0 12,375 -81 0 0 0
381000,7 293 0 15,25 -77 0 0 0
382000,2 294 0 8,75 -77 0 0 0
380000,2 297 0 28,4375 -77 0 0 0
383000,2 293 0 1 -83 0 0 0
380000,1 295 0 50,8125 -78 0 0 0
381000,7 293 0 16 -77 0 0 0
380000,1 295 0 50,9375 -78 0 0 0
381999,8 295 0 1 -85 0 0 0
383000,2 291 0 1 -83 0 0 0
381000,7 292 0 15,6875 -77 0 0 0
382000,3 294 0 9,125 -77 0 0 0
384000,8 293 0 11,875 -81 0 0 0
384000,6 293 0 10,25 -81 0 0 0
381000,6 293 0 14,0625 -76 0 0 0
383000,2 293 0 1 -83 0 0 0
380000,1 296 0 28,1875 -77 0 0 0
381000,6 292 0 13,25 -77 0 0 0
381999,8 294 0 1 -85 0 0 0
380000,2 297 0 28,3125 -77 0 0 0
381999,8 294 0 1 -86 0 0 0
383000,3 290 0 1 -83 0 0 0
380000,2 296 0 28,3125 -77 0 0 0
382000,2 294 0 9,125 -76 0 0 0
383000,2 291 0 1 -83 0 0 0
380000,2 297 0 28,4375 -77 0 0 0
381000,7 292 0 15,875 -77 0 0 0
383000,3 292 0 1 -83 0 0 0
380000,2 295 0 48,8125 -80 0 0 0
381001 143 0 9,6875 -86 0 0 0
382000,4 294 0 9,8125 -76 0 0 0
383000,1 288 0 5,3125 -84 0 0 0
380000,1 296 0 50,9375 -78 0 0 0
381000,7 293 0 16,1875 -77 0 0 0
384000,8 293 0 11,0625 -82 0 0 0
381000,6 294 0 14,0625 -76 0 0 0
382000,2 293 0 9,5625 -76 0 0 0
384000,7 293 0 10,125 -81 0 0 0
382000,3 294 0 9,875 -76 0 0 0
383000,2 150 0 1 -83 0 0 0
380000,1 296 0 44,5 -78 0 0 0
382000,1 293 0 1 -86 0 0 0
383000,3 290 0 1 -83 0 0 0
381000,7 292 0 16 -77 0 0 0
383000,3 292 0 1 -83 0 0 0
384000,7 294 0 11,3125 -82 0 0 0
381000,7 293 0 15,6875 -77 0 0 0
381999,8 295 0 1 -85 0 0 0
384000,7 293 0 10,125 -81 0 0 0
380000,1 292 0 50,875 -78 0 0 0
381999,7 295 0 1 -85 0 0 0
383000,2 342 0 1 -82 0 0 0
380000,1 296 0 50,875 -78 0 0 0
381000,7 293 0 16,1875 -77 0 0 0
383000,2 292 0 1 -82 0 0 0
384000,7 293 0 10,125 -81 0 0 0
381999,8 296 0 1 -85 0 0 0
384000,6 291 0 10,25 -81 0 0 0
382000,3 294 0 9,6875 -76 0 0 0
384000,8 292 0 18,625 -84 0 0 0
380000,1 296 0 50,875 -78 0 0 0
382000,3 293 0 9,625 -77 0 0 0
383000,3 291 0 1 -83 0 0 0
383000,3 294 0 1 -83 0 0 0
384000,7 293 0 12,25 -81 0 0 0
382000,2 295 0 9,375 -76 0 0 0
383000,1 292 0 11 -86 0 0 0
384001,1 293 0 6,875 -87 0 0 0
384000,6 293 0 10,25 -81 0 0 0
380000 294 0 8,625 -87 0 0 0
381000,7 294 0 28,3125 -79 0 0 0
380000,1 295 0 51,0625 -78 0 0 0
381000,7 293 0 16,1875 -77 0 0 0
381000,7 292 0 15,875 -77 0 0 0
382000,3 294 0 9,5625 -76 0 0 0
380000,1 296 0 50,9375 -78 0 0 0
382000,2 294 0 10,0625 -77 0 0 0
383000,3 281 0 1 -83 0 0 0
380000,1 294 0 51,0625 -78 0 0 0
381000,7 293 0 16,1875 -77 0 0 0
383000,2 291 0 1 -82 0 0 0
384000,6 294 0 10,25 -81 0 0 0
381000,7 292 0 16,1875 -77 0 0 0
381999,9 295 0 1 -86 0 0 0
384000,8 294 0 14,625 -82 0 0 0
380000,1 296 0 50,875 -78 0 0 0
382000,2 294 0 9,1875 -77 0 0 0
381000,6 292 0 13,125 -77 0 0 0
384000,6 293 0 10,25 -81 0 0 0
380000,1 295 0 50,8125 -78 0 0 0
381000,7 292 0 16,1875 -77 0 0 0
383000,2 290 0 1 -83 0 0 0
381000,6 293 0 13,4375 -77 0 0 0
381999,8 294 0 1 -85 0 0 0
384000,8 294 0 12,125 -81 0 0 0
380000,1 296 0 50,8125 -78 0 0 0
383001,2 291 0 1 -83 0 0 0
384000,8 293 0 11 -82 0 0 0
380000,2 292 0 28,4375 -77 0 0 0
381000,6 292 0 14,1875 -76 0 0 0
383000,2 290 0 1 -82 0 0 0
384000,7 293 0 12,25 -81 0 0 0
381999,8 296 0 1 -85 0 0 0
383000,2 292 0 1 -83 0 0 0
380000,2 297 0 28,3125 -77 0 0 0
381000,6 293 0 14,4375 -76 0 0 0
383000,2 290 0 1 -82 0 0 0
384000,7 292 0 12,25 -81 0 0 0
381000,7 292 0 16 -77 0 0 0
381999,7 294 0 1 -85 0 0 0
384000,7 292 0 11,3125 -82 0 0 0
382000,2 294 0 9,3125 -77 0 0 0
384000,7 294 0 10,125 -81 0 0 0
381000,7 293 0 15,875 -77 0 0 0
380000,1 296 0 28,1875 -77 0 0 0
381000,6 292 0 13,625 -77 0 0 0
383000,3 289 0 1 -83 0 0 0
381000,5 293 0 13,8125 -77 0 0 0
382000,3 294 0 9,75 -76 0 0 0
384000,7 292 0 11,4375 -82 0 0 0
384000,7 292 0 11,4375 -82 0 0 0
380000,1 297 0 51,0625 -78 0 0 0
382000,3 294 0 9,5625 -76 0 0 0
383000,3 291 0 1 -83 0 0 0
383000,2 292 0 1 -83 0 0 0
384000,6 292 0 10,25 -81 0 0 0
380000,2 296 0 49,9375 -79 0 0 0
381000,6 294 0 13,625 -77 0 0 0
382001,3 295 0 22,875 -89 0 0 0
383000,4 290 0 10 -82 0 0 0
384000,6 293 0 10,25 -81 0 0 0
380000,1 295 0 50,875 -78 0 0 0
382000,2 294 0 9,1875 -77 0 0 0
383000,2 292 0 1 -83 0 0 0
380000,2 296 0 28,3125 -77 0 0 0
381000,7 293 0 16 -77 0 0 0
383000,2 289 0 1 -83 0 0 0
384000,8 293 0 11,8125 -81 0 0 0
381000,7 294 0 16 -77 0 0 0
384000,7 293 0 11,625 -82 0 0 0
380000,1 296 0 28 -77 0 0 0
383000,2 292 0 1 -83 0 0 0
380000 296 0 7,625 -80 0 0 0
381000,6 293 0 16,4375 -77 0 0 0
381999,5 293 0 15,4375 -86 0 0 0
383000,1 289 0 5,3125 -84 0 0 0
384000,7 292 0 10 -81 0 0 0
380000 297 0 9,9375 -83 0 0 0
381000,5 292 0 25,5625 -81 0 0 0
381999,6 294 0 1 -85 0 0 0
383000,1 292 0 12 -86 0 0 0
384000,5 293 0 14,9375 -87 0 0 0
380000,1 297 0 50,9375 -78 0 0 0
382000,3 293 0 9,3125 -77 0 0 0
383000,2 292 0 1 -82 0 0 0
383000,3 288 0 1 -83 0 0 0
380000,1 295 0 50,875 -78 0 0 0
380000,1 295 0 51,1875 -78 0 0 0
381000,7 293 0 15,875 -77 0 0 0
383000,3 290 0 1 -83 0 0 0
380000,1 295 0 28 -77 0 0 0
381000,7 293 0 16,1875 -77 0 0 0
381999,8 295 0 1 -85 0 0 0
384000,6 293 0 10,5625 -81 0 0 0
380000,2 296 0 28,3125 -77 0 0 0
381999,8 294 0 1 -85 0 0 0
383000,3 291 0 1 -83 0 0 0
381000,7 293 0 16,1875 -77 0 0 0
383000,2 292 0 1 -83 0 0 0
384000,8 294 0 12,125 -81 0 0 0
380000,2 296 0 50,375 -79 0 0 0
380999,5 293 0 18,3125 -88 0 0 0
381999,8 296 0 1 -85 0 0 0
383000,2 291 0 1 -83 0 0 0
381000,6 293 0 13,25 -77 0 0 0
383000,2 291 0 1 -83 0 0 0
384000,8 294 0 12,125 -81 0 0 0
381000,7 293 0 15,875 -77 0 0 0
381999,9 295 0 14,9375 -80 0 0 0
383000,7 288 0 12,8125 -88 0 0 0
384000,8 293 0 14,5 -82 0 0 0
382000,2 294 0 9,1875 -77 0 0 0
382000,2 294 0 9,75 -77 0 0 0
384000,6 293 0 10,4375 -81 0 0 0
380000,1 296 0 50,9375 -78 0 0 0
381000,7 292 0 16,1875 -77 0 0 0
381000,7 293 0 16,1875 -77 0 0 0
384000,7 293 0 10 -81 0 0 0
380000,1 295 0 28,125 -77 0 0 0
381999,7 286 0 1 -85 0 0 0
383000,2 342 0 1 -82 0 0 0
380000,1 296 0 50,875 -78 0 0 0
381000,7 292 0 16,1875 -77 0 0 0
383000,3 290 0 1 -83 0 0 0
383000,2 287 0 1 -83 0 0 0
384000,6 292 0 10,4375 -81 0 0 0
381000,7 294 0 15,6875 -77 0 0 0
384000,8 293 0 14,25 -82 0 0 0
380000,2 296 0 28,3125 -77 0 0 0
381999,8 294 0 1 -85 0 0 0
383000,3 290 0 1 -83 0 0 0
380000,1 296 0 51,1875 -78 0 0 0
384000,9 294 0 31,375 -85 0 0 0
381000,6 293 0 14,0625 -76 0 0 0
382000,2 294 0 9,375 -77 0 0 0
380000,2 295 0 28,4375 -77 0 0 0
381999,9 296 0 1 -85 0 0 0
383000,3 292 0 1 -83 0 0 0
384000,7 293 0 12,25 -81 0 0 0
382000,2 294 0 9,0625 -76 0 0 0
383000,3 290 0 1 -83 0 0 0
380000,1 295 0 51,375 -78 0 0 0
382000,2 294 0 9,3125 -77 0 0 0
383000,2 290 0 1 -83 0 0 0
380000,1 294 0 28,1875 -77 0 0 0
383000,3 293 0 1 -83 0 0 0
381000,7 292 0 16,1875 -77 0 0 0
381000,7 292 0 16,1875 -77 0 0 0
382000,2 294 0 9,125 -76 0 0 0
384000,7 293 0 11,3125 -82 0 0 0
381000,7 293 0 16 -77 0 0 0
381999,8 294 0 1 -85 0 0 0
384000,7 294 0 11,3125 -82 0 0 0
380000,1 296 0 50,9375 -78 0 0 0
381999,9 293 0 1 -85 0 0 0
383000,2 290 0 1 -82 0 0 0
380000,2 295 0 48,8125 -80 0 0 0
381000,7 293 0 16,1875 -77 0 0 0
382000,2 295 0 14,9375 -83 0 0 0
383000,1 291 0 11,5625 -85 0 0 0
384000,7 293 0 10,125 -81 0 0 0
380000,1 294 0 50,9375 -78 0 0 0
381999,7 296 0 1 -85 0 0 0
383000,3 289 0 1 -83 0 0 0
381000,7 293 0 16 -77 0 0 0
383000,2 292 0 1 -83 0 0 0
384000,7 294 0 12,5625 -81 0 0 0
380000,1 297 0 51,0625 -78 0 0 0
381000,7 293 0 16,1875 -77 0 0 0
383000,1 290 0 1 -82 0 0 0
380000 295 0 6,875 -80 0 0 0
384000,7 293 0 12,5625 -81 0 0 0
381000,7 294 0 16,1875 -77 0 0 0
381999,9 292 0 1 -85 0 0 0
384000,6 293 0 10,25 -81 0 0 0
380000,1 296 0 50,8125 -78 0 0 0
381999,8 296 0 1 -85 0 0 0
383000,1 290 0 1 -82 0 0 0
380000,1 295 0 50,9375 -78 0 0 0
381000,7 293 0 16,1875 -77 0 0 0
383000,2 293 0 1 -82 0 0 0
384000,7 293 0 11,625 -82 0 0 0
381000,7 292 0 15,875 -77 0 0 0
384000,6 293 0 10,4375 -81 0 0 0
382000,3 294 0 9,75 -77 0 0 0
384000,8 292 0 11,875 -81 0 0 0
381999,9 294 0 1 -86 0 0 0
383000,2 289 0 1 -83 0 0 0
384000,8 293 0 11,0625 -82 0 0 0
381000,7 293 0 16,1875 -77 0 0 0
382000,3 294 0 9,625 -77 0 0 0
380000,1 295 0 28 -77 0 0 0
381001 293 0 14,25 -85 0 0 0
382000,6 293 0 16 -81 0 0 0
381000,7 293 0 15,6875 -77 0 0 0
382000 294 0 1 -86 0 0 0
381999,7 293 0 1 -85 0 0 0
383000,3 292 0 1 -83 0 0 0
381000,7 294 0 16,1875 -77 0 0 0
383000,2 289 0 1 -83 0 0 0
384000,7 294 0 10,125 -81 0 0 0
383000,2 290 0 1 -83 0 0 0
384000,7 295 0 10,125 -81 0 0 0
380000 296 0 5,6875 -79 0 0 0
381000,6 293 0 14,4375 -76 0 0 0
383000,3 292 0 1 -84 0 0 0
384000,6 294 0 10,25 -81 0 0 0
380000,1 296 0 51,0625 -78 0 0 0
381999,8 296 0 1 -86 0 0 0
383000,2 290 0 1 -82 0 0 0
384000,7 292 0 10,125 -81 0 0 0
381000,6 294 0 14,0625 -76 0 0 0
382000,2 294 0 9 -76 0 0 0
384000,8 294 0 11,0625 -82 0 0 0
380000,1 296 0 50,875 -78 0 0 0
382000,3 293 0 9,75 -77 0 0 0
383000,3 293 0 1 -83 0 0 0
381000,7 293 0 16,1875 -77 0 0 0
383000,2 291 0 1 -83 0 0 0
384000,7 293 0 11,4375 -82 0 0 0
384000,7 293 0 12,375 -81 0 0 0
381999,8 292 0 1 -85 0 0 0
380000,1 293 0 50,875 -78 0 0 0
382000,2 294 0 11 -77 0 0 0
383000,2 292 0 1 -82 0 0 0
380000 294 0 9,9375 -83 0 0 0
381000,7 293 0 16,1875 -77 0 0 0
382000,3 295 0 14,4375 -81 0 0 0
383000,4 288 0 11 -86 0 0 0
381000,7 293 0 16,1875 -77 0 0 0
382000,2 295 0 9,3125 -77 0 0 0
384000,7 293 0 12,5625 -81 0 0 0
380000,1 295 0 51,1875 -78 0 0 0
382000,2 293 0 9,25 -76 0 0 0
381000,7 293 0 15,6875 -77 0 0 0
383000,2 289 0 1 -83 0 0 0
384000,7 295 0 12,75 -81 0 0 0
384000,8 293 0 12,125 -81 0 0 0
383000,3 290 0 1 -83 0 0 0
384000,6 293 0 10,4375 -81 0 0 0
384000,8 292 0 12,125 -81 0 0 0
381999,7 295 0 1 -85 0 0 0
384000,7 293 0 11,4375 -82 0 0 0
382000,2 294 0 9,125 -77 0 0 0
383000,3 292 0 1 -83 0 0 0
384000,7 292 0 10 -81 0 0 0
384000,7 293 0 11,3125 -82 0 0 0
381999,7 294 0 1 -85 0 0 0
384000,7 292 0 10 -81 0 0 0
380000,1 296 0 50,875 -78 0 0 0
382000,2 294 0 10,1875 -78 0 0 0
383000,2 289 0 1 -83 0 0 0
380000,2 296 0 28,3125 -77 0 0 0
381000,6 293 0 13,625 -77 0 0 0
383000,2 291 0 1 -83 0 0 0
384000,7 293 0 10 -81 0 0 0
380000,1 297 0 51,1875 -78 0 0 0
383000,2 290 0 1 -83 0 0 0
381000,7 293 0 16 -77 0 0 0
382000,2 294 0 9,1875 -77 0 0 0
384000,8 293 0 11,1875 -82 0 0 0
381999,9 293 0 1 -85 0 0 0
384000,6 294 0 14,9375 -83 0 0 0
380000,1 295 0 51,0625 -78 0 0 0
382000,3 295 0 13 -79 0 0 0
383000,3 292 0 1 -83 0 0 0
380000,1 296 0 28,1875 -77 0 0 0
381000,6 294 0 13,4375 -77 0 0 0
383000,3 291 0 1 -83 0 0 0
384000,6 293 0 10,25 -81 0 0 0
381000,7 294 0 16,1875 -77 0 0 0
381999,8 292 0 1 -85 0 0 0
384000,7 293 0 11,3125 -82 0 0 0
380000,1 295 0 28,125 -77 0 0 0
381000,6 293 0 16,4375 -77 0 0 0
384000,8 294 0 14,375 -82 0 0 0
381000,7 293 0 16 -77 0 0 0
382000,2 294 0 9,1875 -77 0 0 0
384000,7 293 0 10,125 -81 0 0 0
384000,7 295 0 12,25 -81 0 0 0
380000,2 297 0 28,3125 -77 0 0 0
383000,3 292 0 1 -83 0 0 0
384000,8 294 0 12,125 -81 0 0 0
383000,2 290 0 1 -83 0 0 0
384000,7 294 0 12,25 -81 0 0 0
381999,7 296 0 1 -85 0 0 0
380000,1 295 0 50,8125 -78 0 0 0
384000,7 292 0 11,3125 -82 0 0 0
382000,3 293 0 9,1875 -77 0 0 0
383000,2 290 0 1 -82 0 0 0
383000,2 290 0 1 -83 0 0 0
380000,1 296 0 50,9375 -78 0 0 0
381000,7 293 0 16,1875 -77 0 0 0
383000,2 292 0 1 -82 0 0 0
384000,6 292 0 10,25 -81 0 0 0
383000,3 294 0 1 -83 0 0 0
384000,7 293 0 12,25 -81 0 0 0
381000,6 293 0 16,4375 -77 0 0 0
381999,6 295 0 1 -85 0 0 0
384000,8 294 0 12,125 -81 0 0 0
384000,7 294 0 10 -81 0 0 0
380000,1 297 0 50,8125 -78 0 0 0
381999,6 292 0 1 -85 0 0 0
380000,2 296 0 28,5625 -77 0 0 0
382000,3 294 0 9,125 -77 0 0 0
380000,1 289 0 50,875 -78 0 0 0
383000,3 293 0 1 -83 0 0 0
380000,1 296 0 28 -77 0 0 0
384000,7 292 0 10 -81 0 0 0
382000,1 295 0 12,25 -78 0 0 0
383000,1 292 0 1 -82 0 0 0
381999,6 296 0 1 -85 0 0 0
380000,1 296 0 51,0625 -78 0 0 0
383000,3 289 0 1 -83 0 0 0
381000,6 292 0 16,4375 -77 0 0 0
383000,3 289 0 1 -83 0 0 0
384000,6 293 0 10,25 -81 0 0 0
380000,1 295 0 50,875 -78 0 0 0
381000,7 293 0 16,625 -76 0 0 0
383000,3 290 0 1 -83 0 0 0
384000,6 293 0 10,4375 -81 0 0 0
381000,7 292 0 16,1875 -77 0 0 0
382000,3 295 0 9,625 -77 0 0 0
381000,6 293 0 16,9375 -77 0 0 0
382000,2 294 0 9 -76 0 0 0
384000,6 293 0 12 -82 0 0 0
380000,2 296 0 28,3125 -77 0 0 0
381000,7 293 0 16,1875 -77 0 0 0
383000,3 291 0 1 -83 0 0 0
383000,2 290 0 1 -83 0 0 0
381000,7 294 0 16 -77 0 0 0
382000,2 294 0 9,625 -77 0 0 0
384000,8 295 0 11,875 -81 0 0 0
384000,7 293 0 12,75 -81 0 0 0
380000,2 295 0 28,3125 -77 0 0 0
383000,2 291 0 1 -82 0 0 0
380000,1 297 0 50,875 -78 0 0 0
382000,3 294 0 9,4375 -76 0 0 0
380000,2 295 0 28,4375 -77 0 0 0
381000,6 293 0 13,625 -77 0 0 0
383000,2 290 0 1 -82 0 0 0
384000,7 292 0 11,3125 -82 0 0 0
381000,7 293 0 15,875 -77 0 0 0
383000,3 290 0 1 -83 0 0 0
384000,8 293 0 11,1875 -82 0 0 0
381000,7 292 0 16,1875 -77 0 0 0
382000,2 295 0 9,375 -76 0 0 0
384000,8 293 0 12,125 -81 0 0 0
381000,7 293 0 15,875 -77 0 0 0
383000,2 289 0 1 -83 0 0 0
384000,6 292 0 10,4375 -81 0 0 0
380000,1 297 0 52,3125 -78 0 0 0
381999,8 293 0 1 -85 0 0 0
383000,3 291 0 1 -83 0 0 0
381000,7 293 0 16,1875 -77 0 0 0
382000 292 0 1 -86 0 0 0
384000,7 294 0 9,9375 -81 0 0 0
380000,1 297 0 50,875 -78 0 0 0
381000,6 293 0 20,875 -78 0 0 0
380000,1 296 0 50,875 -78 0 0 0
383000,2 293 0 1 -83 0 0 0
382000,2 294 0 9,375 -77 0 0 0
384000,7 293 0 12,5625 -81 0 0 0
383000,3 289 0 1 -83 0 0 0
380000,2 294 0 50,375 -79 0 0 0
380000,2 297 0 47,5 -80 0 0 0
381000,7 292 0 15,5625 -77 0 0 0
381000,7 293 0 16,1875 -77 0 0 0
381999 293 0 17,3125 -87 0 0 0
381999,8 19 0 20,875 -85 0 0 0
383000,2 290 0 1 -84 0 0 0
383000,3 292 0 11,5625 -84 0 0 0
384000,7 294 0 12,375 -81 0 0 0
384000,8 293 0 11,75 -81 0 0 0
381000,7 293 0 16 -77 0 0 0
381999,8 294 0 1 -86 0 0 0
380000,2 296 0 28,3125 -77 0 0 0
384000,7 293 0 12,25 -81 0 0 0
381000,7 293 0 15,6875 -77 0 0 0
383000,2 291 0 1 -83 0 0 0
384000,7 295 0 11,4375 -82 0 0 0
380000,2 296 0 28,3125 -77 0 0 0
382000,3 294 0 9,3125 -77 0 0 0
383000,3 291 0 1 -83 0 0 0
381000,7 293 0 16 -77 0 0 0
382000,2 295 0 9,0625 -76 0 0 0
384000,8 293 0 11,875 -81 0 0 0
380000,1 297 0 28,1875 -77 0 0 0
381000,6 293 0 13,625 -77 0 0 0
383000,1 291 0 1 -82 0 0 0
381000,7 293 0 16,1875 -77 0 0 0
382000,3 294 0 9,1875 -77 0 0 0
384000,9 292 0 14,0625 -82 0 0 0
383000,2 291 0 1 -83 0 0 0
380000,1 296 0 51,0625 -78 0 0 0
384000,7 293 0 12,25 -81 0 0 0
382000,3 295 0 10 -76 0 0 0
381000,7 292 0 15,875 -77 0 0 0
381999,8 294 0 1 -85 0 0 0
383000,2 292 0 1 -83 0 0 0
384000,7 293 0 12,375 -81 0 0 0
380000,1 296 0 28,1875 -77 0 0 0
381000,7 292 0 16,1875 -77 0 0 0
380000,1 296 0 50,875 -78 0 0 0
382000,3 294 0 9,4375 -76 0 0 0
383000,3 294 0 1 -83 0 0 0
380000,1 296 0 50,8125 -78 0 0 0
380000 296 0 8,125 -81 0 0 0
381000,6 293 0 13,875 -76 0 0 0
381000,7 293 0 16,1875 -77 0 0 0
383000,2 290 0 1 -83 0 0 0
382000,6 295 0 23,1875 -84 0 0 0
383000,4 292 0 13,4375 -85 0 0 0
384000,8 293 0 11,875 -81 0 0 0
381000,6 294 0 13,625 -77 0 0 0
384000,6 294 0 10,25 -81 0 0 0
380000,1 293 0 51,1875 -78 0 0 0
382000,3 294 0 10,1875 -77 0 0 0
383000,3 290 0 1 -83 0 0 0
384000,8 293 0 12 -81 0 0 0
380000,1 295 0 50,9375 -78 0 0 0
382000,2 294 0 9,0625 -76 0 0 0
383000,2 292 0 1 -83 0 0 0
383000,2 342 0 1 -82 0 0 0
382000,3 294 0 9,875 -77 0 0 0
381000,7 292 0 16,1875 -77 0 0 0
383000,2 290 0 1 -83 0 0 0
384000,9 294 0 14,0625 -82 0 0 0
381000,7 292 0 15,6875 -77 0 0 0
383000,3 291 0 1 -83 0 0 0
384000,8 293 0 12,125 -81 0 0 0
382000,2 294 0 9,3125 -77 0 0 0
381000,7 293 0 16,1875 -77 0 0 0
380000,1 296 0 50,875 -78 0 0 0
382000,3 294 0 9,875 -77 0 0 0
381000,6 292 0 13,125 -77 0 0 0
384000,8 293 0 14,8125 -82 0 0 0
383000,2 293 0 1 -83 0 0 0
384000,6 294 0 10,25 -81 0 0 0
381000,7 293 0 15,6875 -77 0 0 0
383000,3 293 0 1 -83 0 0 0
380000,1 295 0 50,8125 -78 0 0 0
384000,7 292 0 10,125 -81 0 0 0
382000,4 294 0 9,875 -77 0 0 0
380000,1 296 0 51,0625 -78 0 0 0
381000,7 292 0 15,875 -77 0 0 0
380000,1 296 0 28,125 -77 0 0 0
383000,3 291 0 1 -83 0 0 0
380000,2 296 0 28,3125 -77 0 0 0
381999,7 295 0 1 -85 0 0 0
381000,6 292 0 16,4375 -77 0 0 0
381999,9 18 0 1 -86 0 0 0
384000,7 293 0 12,25 -81 0 0 0
383000,2 162 0 1 -83 0 0 0
384000,7 294 0 11,3125 -82 0 0 0
380000,1 297 0 28 -77 0 0 0
381999,7 293 0 1 -85 0 0 0
381999,8 295 0 1 -85 0 0 0
383000,2 291 0 1 -83 0 0 0
380000,1 295 0 50,9375 -78 0 0 0
381000,7 293 0 16,1875 -77 0 0 0
383000,2 290 0 1 -83 0 0 0
384000,7 293 0 10,125 -81 0 0 0
384000,7 293 0 12,375 -81 0 0 0
380000,2 296 0 48,8125 -80 0 0 0
381000,7 293 0 16,1875 -77 0 0 0
382000,1 294 0 18,125 -84 0 0 0
383000,3 291 0 1 -85 0 0 0
384000,7 292 0 9,8125 -81 0 0 0
380000,1 297 0 50,9375 -78 0 0 0
382000,2 294 0 9,0625 -76 0 0 0
383000,2 342 0 1 -82 0 0 0
381000,7 294 0 16,1875 -77 0 0 0
381000,6 292 0 13,125 -77 0 0 0
382000,2 295 0 9,1875 -77 0 0 0
380000,1 293 0 50,875 -78 0 0 0
382000,3 295 0 9,375 -77 0 0 0
383000,3 342 0 1 -83 0 0 0
384000,6 294 0 10,25 -81 0 0 0
380000,1 296 0 50,875 -78 0 0 0
381000,7 293 0 16 -77 0 0 0
383000,1 342 0 1 -82 0 0 0
384000,8 292 0 11 -82 0 0 0
381000,7 293 0 15,875 -77 0 0 0
382000,3 294 0 9,1875 -77 0 0 0
384000,8 293 0 12,125 -81 0 0 0
380000,2 293 0 28,3125 -77 0 0 0
383000,3 290 0 1 -83 0 0 0
380000,1 296 0 51,875 -78 0 0 0
380000,1 296 0 27,9375 -77 0 0 0
381000,7 294 0 16,1875 -77 0 0 0
383000,3 292 0 1 -83 0 0 0
384000,7 293 0 12,25 -81 0 0 0
380000 296 0 5,6875 -79 0 0 0
381000,6 292 0 13,25 -77 0 0 0
381999,8 292 0 1 -86 0 0 0
384000,7 294 0 12,5625 -81 0 0 0
382000,2 295 0 9,0625 -76 0 0 0
383000,2 292 0 1 -83 0 0 0
380000,1 295 0 28 -77 0 0 0
382000,2 294 0 9,375 -76 0 0 0
381000,6 292 0 14,0625 -76 0 0 0
382000,2 294 0 9,0625 -76 0 0 0
380000,1 295 0 50,6875 -78 0 0 0
383000,3 342 0 1 -83 0 0 0
384000,8 294 0 12,125 -81 0 0 0
380000,1 295 0 50,8125 -78 0 0 0
383000,3 292 0 1 -83 0 0 0
384000,8 293 0 14,5 -82 0 0 0
381000,6 293 0 13,625 -77 0 0 0
382000,2 294 0 9,625 -77 0 0 0
384000,7 293 0 10,125 -81 0 0 0
381000,6 294 0 14,1875 -76 0 0 0
382000,3 294 0 9,75 -76 0 0 0
384000,8 292 0 11,1875 -82 0 0 0
380000,1 296 0 28 -77 0 0 0
382000,2 295 0 9,25 -76 0 0 0
383000,1 292 0 1 -82 0 0 0
382000,3 295 0 9,25 -76 0 0 0
383000,2 292 0 1 -83 0 0 0
380000,1 296 0 28,1875 -77 0 0 0
381000,7 292 0 16 -77 0 0 0
383000,2 291 0 1 -83 0 0 0
380000,1 296 0 27,9375 -77 0 0 0
381000,6 292 0 16,4375 -77 0 0 0
383000,2 293 0 1 -83 0 0 0
384000,7 294 0 10,125 -81 0 0 0
381000,7 294 0 16,1875 -77 0 0 0
383000,2 288 0 1 -82 0 0 0
384000,7 293 0 11,625 -82 0 0 0
381000,7 293 0 16,1875 -77 0 0 0
381999,9 295 0 1 -86 0 0 0
384000,7 293 0 10,125 -81 0 0 0
384000,7 293 0 11,625 -82 0 0 0
380000,1 296 0 27,9375 -77 0 0 0
383000,3 292 0 1 -83 0 0 0
380000,1 296 0 28,1875 -77 0 0 0
380000,1 296 0 28,1875 -77 0 0 0
381000,7 292 0 16,1875 -77 0 0 0
383000,2 290 0 1 -83 0 0 0
389998,3 160 0 1 -89 0 0 0
391999,4 285 0 48 -80 0 0 0
392999,3 292 0 12 -77 0 0 0
393998,7 292 0 17,5625 -86 0 0 0
394999,5 287 0 15,875 -74 0 0 0
386998,7 288 0 8,5 -83 0 0 0
387998,8 162 0 10,4375 -88 0 0 0
389998,9 288 0 9 -83 0 0 0
390998,8 293 0 1 -83 0 0 0
392999 292 0 11 -77 0 0 0
393999 58 0 10,25 -73 0 0 0
395999,6 297 0 13,25 -75 0 0 0
405014,9 35 0,7769231 5,625 -89 0 0 0
386999 293 0 9,5625 -83 0 0 0
389998,1 162 0 1 -89 0 0 0
390998,8 55 0 1 -83 0 0 0
392999,2 289 0,5767 12 -77 0 0 0
393998,9 58 0 10,75 -73 0 0 0
396999 283 0 1 -86 0 0 0
398999,8 342 0 10,375 -80 0 0 0
385999 292 0 8,3125 -86 0 0 0
388999,1 101 0 8,125 -86 0 0 0
390998,9 292 0 1 -84 0 0 0
391999,4 286 0 26,4375 -79 0 0 0
394999,6 286 0 68,5625 -73 0 0 0
396998,9 284 0 1 -86 0 0 0
397999,5 55 0 26,1875 -79 0 0 0
386998 290 0 1 -89 0 0 0
387998,7 159 0 1 -89 0 0 0
390998,8 55 0 1 -83 0 0 0
393998,9 58 0 10,8125 -73 0 0 0
395999,4 296 0 12,9375 -75 0 0 0
396998,9 162 0 1 -86 0 0 0
398999,7 103 0,6190916 11,5 -80 0 0 0
387998,5 63 0 2,625 -89 0 0 0
388999,2 293 0 10,375 -86 0 0 0
390998,9 294 0 1 -84 0 0 0
391999,4 286 0 26,4375 -79 0 0 0
393998,9 295 0 10,5 -73 0 0 0
394999,6 286 0 68,5 -73 0 0 0
396999 334 0 1 -86 0 0 0
397999,5 158 0 25,9375 -79 0 0 0
389998,8 286 0 8,5 -83 0 0 0
391999,4 286 0 26,4375 -79 0 0 0
392999,3 291 0,5521045 11,9375 -77 0 0 0
394999,6 287 0 68,9375 -73 0 0 0
395999,4 295 0 11,75 -75 0 0 0
397999,8 156 0 4,8125 -80 0 0 0
398999,7 342 0,5592211 10,8125 -81 0 0 0
387998,8 283 0 8,75 -89 0 0 0
389998,2 289 0 1 -89 0 0 0
390998,8 295 0 1 -84 0 0 0
392999,3 292 0 12 -77 0 0 0
393999 59 0 10,375 -73 0 0 0
395999,6 296 0 12,75 -75 0 0 0
396999 341 0 1 -86 0 0 0
399000 335 0 12,3125 -81 0 0 0
409063,9 287 0 8,125 -89 0 0 0
385999 294 0 8,125 -86 0 0 0
388999,2 102 0 6,625 -87 0 0 0
390998,9 55 0 1 -85 0 0 0
391999,3 286 0 14 -79 0 0 0
394999,5 285 0 33,9375 -74 0 0 0
396999,2 338 0 1 -88 0 0 0
397999,5 154 0 16,125 -80 0 0 0
407025,4 75,49999 0,6241617 20,8125 -50 0,4999924 0 0
386998,7 289 0 7,5625 -83 0 0 0
388999,1 289 0 6,3125 -86 0 0 0
391999,4 286 0 16,625 -80 0 0 0
392999,2 290 0 9,6875 -77 0 0 0
394999,5 289 0 35,4375 -73 0 0 0
395999,6 296 0 9,9375 -75 0 0 0
397999,6 290 0 23,25 -80 0 0 0
398999,8 332 0 9,25 -81 0 0 0
386998,6 58 0 6,5625 -84 0 0 0
389998,9 285 0 7,1875 -84 0 0 0
390998,8 58 0 1 -84 0 0 0
392999,3 292 0 9,5625 -77 0 0 0
393998,9 58 0 1 -77 0 0 0
395999,3 295 0 10,3125 -75 0 0 0
396999,1 334 0 1 -87 0 0 0
388999,1 126 0 6,875 -87 0 0 0
390998,8 55 0 1 -84 0 0 0
391999,3 286 0 13,875 -79 0 0 0
393998,9 58 0 1 -77 0 0 0
394999,5 286 0 24,5625 -73 0 0 0
396999 168 0 1 -87 0 0 0
385999,1 296 0 6,3125 -86 0 0 0
388999,2 290 0 6,625 -87 0 0 0
390998,8 55 0 1 -84 0 0 0
391999,3 287 0 14,3125 -79 0 0 0
394999,4 286 0 24,75 -73 0 0 0
396999 162 0 1 -87 0 0 0
397999,6 55 0 23,625 -80 0 0 0
388999,2 292 0 6,6875 -87 0 0 0
389998,8 285 0 6,1875 -84 0 0 0
392999,3 291 0 9,875 -77 0 0 0
394999,5 287 0 35,25 -73 0 0 0
395999,3 296 0 10,625 -75 0 0 0
397999,6 290 0 23,625 -80 0 0 0
398999,8 333 0 8,25 -81 0 0 0
390998,8 55 0 1 -84 0 0 0
391999,3 286 0 13,625 -79 0 0 0
393998,9 58 0 1 -77 0 0 0
394999,5 286 0 35,4375 -73 0 0 0
396999,1 106 0 1 -87 0 0 0
397999,6 290 0 23,5 -80 0 0 0
386998,5 60 0 7,125 -84 0 0 0
392999,3 292 0 9,375 -77 0 0 0
394999,5 286 0 35,625 -73 0 0 0
395999,6 295 0 10,5 -75 0 0 0
398999,8 342 0 9,25 -81 0 0 0
386998,5 58 0 6,375 -84 0 0 0
387998,8 162 0 8,75 -89 0 0 0
394999,5 287 0 35,4375 -73 0 0 0
395999,5 295 0 10,0625 -75 0 0 0
397999,6 55 0 23,625 -80 0 0 0
398999,7 106 0 7,6875 -81 0 0 0
385999 294 0 8,125 -86 0 0 0
393998,9 100 0 11 -73 0 0 0
395999,4 295 0 13 -75 0 0 0
396999 285 0 1 -86 0 0 0
398999,7 332 0 11,1875 -81 0 0 0
386998,7 59 0 8,5 -83 0 0 0
390998,8 56 0 1 -83 0 0 0
392999,2 290 0,5496398 12,0625 -77 0 0 0
395999,6 295 0 13,0625 -75 0 0 0
397999,5 289 0 24,1875 -80 0 0 0
398999,8 336 0,5449659 11,125 -80 0 0 0
386998,7 293 0 8,875 -84 0 0 0
388999,3 102 0 12,4375 -87 0 0 0
389999,3 286 0,5001379 8,1875 -84 90 0 0
391999,4 286 0 26,6875 -79 0 0 0
392999 289 0 11 -77 0 0 0
394999,4 287 0 38,125 -73 0 0 0
395999,4 296 0 12,9375 -75 0 0 0
397999,6 159 0 42,75 -81 0 0 0
398999,6 333 0 8,9375 -81 0 0 0
407025 106,5128 0,6334911 14,5 -62 0,5127792 0 0
385999,1 294 0 6,4375 -86 0 0 0
388999,3 100 0 8,4375 -87 0 0 0
390998,8 55 0 1 -84 0 0 0
391999,3 285 0 17,9375 -79 0 0 0
396999,1 337 0 1 -87 0 0 0
397999,6 291 0 23,625 -80 0 0 0
386998,7 58 0 5,9375 -84 0 0 0
388999,1 293 0,5688511 7 -87 0 0 0
389998,9 287 0 7,1875 -84 0 0 0
392999,3 289 0,5584159 10,0625 -77 0 0 0
394999,4 286 0 24,75 -73 0 0 0
395999,5 295 0 10,1875 -75 0 0 0
397999,6 154 0 23,3125 -80 0 0 0
398999,7 331 0 7,6875 -81 0 0 0
405015 20 0,7027563 4,875 -85 0 0 0
386998,6 292 0 8,125 -83 0 0 0
388999,2 103 0 6,75 -87 0 0 0
389998,8 288 0 6,1875 -84 0 0 0
391999,5 286 0 23,625 -80 0 0 0
392999,2 289 0,5009702 9,6875 -77 0 0 0
394999,4 286 0 24,75 -73 0 0 0
395999,2 295 0 9,875 -76 0 0 0
397999,6 161 0 23,3125 -80 0 0 0
398999,4 331 0 8,375 -81 0 0 0
403227,1 198 0 16,375 -82 0 0 0
389999,1 287 0 6,8125 -84 0 0 0
390998,8 56 0 1 -84 0 0 0
392999,2 292 0 9,5 -77 0 0 0
395999,2 306 0,6377017 9,6875 -75 0 0 0
396999,1 162 0 1 -87 0 0 0
398999,9 335 0 7,8125 -81 0 0 0
403224,9 197 0 11,3125 -81 0 0 0
403225,8 198 0 7,9375 -82 0 0 0
385999,1 293 0 6,4375 -86 0 0 0
390998,8 55 0 1 -84 0 0 0
391999,4 287 0 16,5 -80 0 0 0
393998,8 59 0 1 -77 0 0 0
394999,5 286 0 35,25 -73 0 0 0
396999 288 0 1 -87 0 0 0
397999,6 154 0 23,25 -80 0 0 0
403225,3 198 0 1 -86 0 0 0
389998,9 286 0 7,1875 -84 0 0 0
391999,3 287 0 23,4375 -81 0 0 0
392999,2 290 0,5226646 9,6875 -77 0 0 0
393998,7 103 0 15,5 -87 0 0 0
394999,4 286 0 37 -74 0 0 0
395999,3 297 0 9,75 -75 0 0 0
403224,5 198 0 11,25 -81 0 0 0
403225,3 91 0,5047889 10,0625 -83 0 0 0
385999,2 291 0 7,625 -86 0 0 0
391999,3 287 0 16,75 -80 0 0 0
394999,5 286 0 33,5625 -74 0 0 0
396999,1 162 0 1 -87 0 0 0
397999,6 154 0 23,75 -80 0 0 0
403224,7 198 0 4,5625 -83 0 0 0
403225,3 204 0,536494 1 -88 0 0 0
392999,2 292 0 9,5625 -77 0 0 0
394999,5 287 0 35,4375 -73 0 0 0
395999,3 295 0 9,8125 -76 0 0 0
397999,6 290 0 23,625 -80 0 0 0
398999,8 332 0 8,25 -81 0 0 0
405000,5 204 0 15,1875 -93 0 0 0
386998,7 289 0 7,5625 -83 0 0 0
392999,2 58 0 9,5 -77 0 0 0
394999,5 287 0 33,75 -74 0 0 0
395999,3 295 0 10,3125 -75 0 0 0
397999,6 344 0 23,625 -80 0 0 0
398999,8 331 0 7,4375 -81 0 0 0
403225,6 199 0,5104097 12,3125 -82 0 0 0
385999 295 0 6,3125 -85 0 0 0
388999 292 0 6,625 -86 0 0 0
393998,9 57 0 1 -77 0 0 0
395999,5 296 0 10,375 -75 0 0 0
396999,1 286 0 1 -87 0 0 0
398999,8 342 0 9,25 -81 0 0 0
403226,5 199 0 7,375 -82 0 0 0
385999,1 292 0 6,4375 -86 0 0 0
386998,6 58 0 6,5625 -84 0 0 0
388999,2 290 0 7,75 -86 0 0 0
389998,9 287 0 7,1875 -84 0 0 0
396999,2 106 0 1 -88 0 0 0
386999 291 0 6,8125 -84 0 0 0
390998,8 56 0 1 -84 0 0 0
392999,3 292 0 9,375 -77 0 0 0
393998,9 59 0 1 -77 0 0 0
395999,5 295 0 10,3125 -76 0 0 0
387998,9 162 0 6,25 -89 0 0 0
388999,1 294 0 5,625 -87 0 0 0
390998,8 56 0 1 -84 0 0 0
391999,3 287 0 16,75 -80 0 0 0
393998,9 100 0 1 -77 0 0 0
394999,5 286 0 35,625 -73 0 0 0
396999 334 0 1 -87 0 0 0
385999,2 293 0 7,625 -86 0 0 0
386998,4 60 0 6,75 -83 0 0 0
388999,1 296 0 6,875 -87 0 0 0
389998,5 287 0 7,125 -84 0 0 0
391999,3 286 0 14 -79 0 0 0
392999 289 0 9,125 -77 0 0 0
394999,4 162 0 24,75 -73 0 0 0
397999,6 55 0 23,375 -80 0 0 0
398999,7 334 0 8,5625 -81 0 0 0
389998,9 287 0 6,4375 -84 0 0 0
393998,9 100 0 1 -77 0 0 0
395999,5 295 0 10,0625 -75 0 0 0
398999,6 342 0 8 -81 0 0 0
386998,6 292 0 7,4375 -84 0 0 0
395999,6 294 0 10 -75 0 0 0
397999,6 157 0 23,75 -80 0 0 0
398999,6 330 0 8,9375 -81 0 0 0
385999,1 54 0 7,75 -86 0 0 0
387998,7 284 0 8,5625 -89 0 0 0
388999,2 295 0 7,4375 -86 0 0 0
390998,9 55 0 1 -84 0 0 0
396999,1 162 0 1 -87 0 0 0
385999 145 0 7,4375 -85 0 0 0
386999 58 0 8,375 -83 0 0 0
389998,7 288 0 6,5625 -84 0 0 0
391999,3 286 0 13,875 -79 0 0 0
394999,4 287 0 24,9375 -73 0 0 0
386998,5 59 0 6,375 -84 0 0 0
387998,8 162 0 8,75 -89 0 0 0
389998,9 277 0 6,4375 -84 0 0 0
390998,9 293 0 1 -85 0 0 0
392999,2 292 0 9,6875 -77 0 0 0
395999,5 295 0 10,625 -75 0 0 0
398999,9 334 0 9 -81 0 0 0
385999,1 293 0,5051763 6,4375 -86 0 0 0
386998,8 290 0 6,8125 -83 0 0 0
388999,1 293 0 7 -87 0 0 0
389998,9 287 0 6,4375 -84 0 0 0
391999,3 286 0 13,5 -79 0 0 0
392999,2 58 0 9,4375 -77 0 0 0
394999,5 286 0 33,75 -74 0 0 0
395999,5 296 0 10,1875 -75 0 0 0
386998,7 290 0 5,9375 -84 0 0 0
390998,8 296 0 1 -84 0 0 0
392999,2 292 0,6111108 9,75 -77 0 0 0
393998,9 291 0 1 -77 0 0 0
395999,5 295 0 10,1875 -75 0 0 0
396999,1 341 0 1 -87 0 0 0
398999,8 340 0 8,25 -81 0 0 0
388999 103 0 5,8125 -87 0 0 0
390998,9 57 0 1 -85 0 0 0
391999,3 285 0 14,125 -79 0 0 0
393998,9 101 0 1 -77 0 0 0
394999,5 289 0 35,25 -73 0 0 0
396999,1 108 0 1 -87 0 0 0
397999,7 156 0 41,5625 -81 0 0 0
386998,7 60 0 7,75 -84 0 0 0
388999,3 290 0 8,375 -87 0 0 0
389998,9 285 0 6,5 -85 0 0 0
391999,3 287 0 13,875 -79 0 0 0
392999,4 292 0 10,125 -77 0 0 0
394999,5 286 0 35,625 -73 0 0 0
395999,5 295 0 10,125 -75 0 0 0
397999,6 290 0 23,3125 -80 0 0 0
398999,8 331 0 8,25 -81 0 0 0
389998,5 289 0 9,75 -88 0 0 0
390998,8 293 0 1 -84 0 0 0
391999,3 285 0 29,3125 -86 0 0 0
392999,5 57 0 15,6875 -81 0 0 0
393998,9 59 0 1 -77 0 0 0
394999,4 162 0 19,75 -79 0 0 0
395999,6 295 0 20,1875 -81 0 0 0
396999,1 333 0 1 -87 0 0 0
397999,4 155 0 13,4375 -85 0 0 0
398999,8 337 0 15,25 -88 0 0 0
387998,8 283 0 8,8125 -89 0 0 0
388999,1 290 0 6,875 -87 0 0 0
390998,8 57 0 1 -84 0 0 0
393998,8 58 0 1 -77 0 0 0
394999,5 286 0 35,625 -73 0 0 0
396999 284 0 1 -86 0 0 0
397999,6 290 0 23,3125 -80 0 0 0
388999,1 294 0 6,875 -87 0 0 0
390998,8 291 0 1 -84 0 0 0
391999,3 286 0 18,3125 -79 0 0 0
393998,9 99 0 1 -77 0 0 0
394999,5 287 0 35,4375 -73 0 0 0
396999,1 106 0 1 -87 0 0 0
397999,6 290 0 23,25 -80 0 0 0
388999,1 293 0 6,5 -86 0 0 0
389999,1 285 0 7,625 -84 0 0 0
391999,4 287 0 17,8125 -79 0 0 0
392999,3 292 0 9,375 -77 0 0 0
395999,5 294 0 10,4375 -76 0 0 0
397999,7 291 0 45 -80 0 0 0
398999,9 334 0 8 -81 0 0 0
407076,4 190 0 1 -86 0 0 0
390998,8 292 0 1 -84 0 0 0
392999,2 291 0 9,25 -77 0 0 0
393998,9 101 0 1 -77 0 0 0
395999,5 295 0 10,75 -75 0 0 0
396999,1 162 0 1 -87 0 0 0
398999,8 334 0 8,25 -81 0 0 0
407074,7 191 0 10,4375 -84 0 0 0
388999,3 294 0 8,4375 -87 0 0 0
390998,8 293 0 1 -84 0 0 0
391999,3 285 0 13,75 -79 0 0 0
393998,9 58 0 1 -77 0 0 0
394999,4 287 0 24,9375 -73 0 0 0
397999,6 154 0 23,3125 -80 0 0 0
407075,6 192 0 21,125 -83 0 0 0
390998,8 55 0 1 -84 0 0 0
391999,4 287 0 23,75 -80 0 0 0
393998,9 100 0 1 -77 0 0 0
394999,5 286 0 35,4375 -73 0 0 0
396999,1 158 0 1 -87 0 0 0
397999,6 291 0 23,625 -80 0 0 0
386998,9 293 0 7,9375 -83 0 0 0
392999,2 291 0 9,375 -77 0 0 0
394999,5 287 0 35,625 -73 0 0 0
395999,3 298 0,5548366 10,1875 -75 0 0 0
397999,6 55 0 23,625 -80 0 0 0
405015,1 30 0,8278732 5,25 -86 0 0 0
386998,7 291 0 6,5 -83 0 0 0
389998,8 285 0 7,5625 -83 0 0 0
390998,8 55 0 1 -84 0 0 0
392999,2 292 0 9,6875 -77 0 0 0
395999,6 296 0 10,4375 -76 0 0 0
396999 284 0 1 -87 0 0 0
398999,8 331 0 9,625 -81 0 0 0
389998,8 162 0 11 -86 0 0 0
390998,8 55 0 1 -84 0 0 0
392999,4 291 0 13,125 -79 0 0 0
393998,9 294 0 1 -77 0 0 0
394999,7 286 0 18,3125 -85 0 0 0
395999,5 294 0 15,1875 -78 0 0 0
396999 289 0 1 -87 0 0 0
398999,9 342 0 14,9375 -84 0 0 0
385999,2 293 0 7,625 -86 0 0 0
388999,2 292 0,5034491 6,6875 -87 0 0 0
390998,9 293 0 1 -85 0 0 0
393998,9 292 0 1 -77 0 0 0
394999,4 286 0 24,75 -73 0 0 0
385998,9 294 0 7,625 -85 0 0 0
386998,4 58 0 6,875 -84 0 0 0
388999,2 294 0 7,625 -86 0 0 0
394999,4 287 0 24,75 -73 0 0 0
396999,1 332 0 1 -87 0 0 0
397999,6 346 0 23,625 -80 0 0 0
388999,1 101 0 6,4375 -86 0 0 0
390998,8 56 0 1 -84 0 0 0
391999,3 286 0 13,75 -79 0 0 0
393998,9 291 0 1 -77 0 0 0
394999,5 286 0 35,4375 -73 0 0 0
396998,9 330 0 1 -86 0 0 0
397999,6 55 0 23,625 -80 0 0 0
386998,4 289 0 6,875 -84 0 0 0
389998,8 286 0 7,75 -84 0 0 0
390998,9 293 0 1 -85 0 0 0
392999,2 291,4847 0,5336533 9,6875 -77 0,4846802 0 0
393999 290 0 10,8125 -74 0 0 0
395999,5 296 0 10,1875 -75 0 0 0
385999,1 295 0 6,4375 -86 0 0 0
388999,2 289 0 8,875 -87 0 0 0
395999,5 295 0 10,1875 -75 0 0 0
398999,8 162 0 8,25 -81 0 0 0
390998,9 57 0 1 -85 0 0 0
391999,3 286 0 13,75 -79 0 0 0
393998,9 294 0 1 -77 0 0 0
394999,4 286 0 24,75 -73 0 0 0
396999 162 0 1 -87 0 0 0
405015,3 27 0,6540148 5,6875 -87 0 0 0
385999 293 0 6,625 -86 0 0 0
389999,1 288 0 7,625 -84 0 0 0
391999,3 286 0 13,875 -79 0 0 0
392999,2 290 0 8,875 -77 0 0 0
394999,5 287 0 35,4375 -73 0 0 0
395999,3 296 0 10,3125 -75 0 0 0
397999,7 156 0 45 -80 0 0 0
398999,8 332 0 8,25 -81 0 0 0
405000,7 38 0 13,875 -93 0 0 0
385998,9 294 0 6,5625 -85 0 0 0
388999,1 292 0 6,3125 -86 0 0 0
390998,8 293 0 1 -84 0 0 0
391999,3 287 0 14 -79 0 0 0
398999,9 334 0 9 -81 0 0 0
385999 292 0 6,1875 -85 0 0 0
391999,3 288 0 14,125 -79 0 0 0
393998,9 59 0 1 -77 0 0 0
396998,9 106 0 1 -87 0 0 0
397999,6 153 0 23,75 -80 0 0 0
407076,3 193 0 5,9375 -84 0 0 0
391999,3 288 0 13,75 -79 0 0 0
392999,2 291 0 9,6875 -77 0 0 0
394999,4 286 0 24,75 -73 0 0 0
395999,5 295 0 10,125 -75 0 0 0
397999,6 55 0 23,625 -80 0 0 0
407075,8 306 0 13,25 -84 0 0 0
385998,9 293 0 5,8125 -86 0 0 0
387998,7 26 0 8,5625 -89 0 0 0
393998,9 59 0 1 -77 0 0 0
396999,1 157 0 1 -87 0 0 0
398999,7 334 0 8,5625 -81 0 0 0
407075,7 191 0 8,3125 -84 0 0 0
385999 294 0 7,4375 -85 0 0 0
387998,6 162 0 16,25 -89 0 0 0
388999,1 293 0 7,125 -87 0 0 0
395999,5 297 0,598762 10,0625 -75 0 0 0
396999,1 283 0 1 -87 0 0 0
398999,8 332 0 8,25 -81 0 0 0
385999 293 0 6,625 -86 0 0 0
386998,4 289 0 6,875 -84 0 0 0
388999,2 295 0 8,875 -87 0 0 0
394999,5 287 0 35,625 -73 0 0 0
396999,1 336 0 1 -87 0 0 0
405000,4 77 0 15,25 -93 0 0 0
386998,5 291 0 7 -83 0 0 0
392999,2 292 0 9,75 -77 0 0 0
394999,5 287 0 35,4375 -73 0 0 0
395999,3 291 0 9,5625 -75 0 0 0
397999,6 55 0 23,3125 -80 0 0 0
398999,4 107 0 8,375 -81 0 0 0
386998,7 58 0 7,5625 -83 0 0 0
392999,2 289 0 9,5625 -77 0 0 0
393998,9 59 0 1 -77 0 0 0
395999,5 294 0 10,25 -75 0 0 0
396999,1 330 0 1 -87 0 0 0
398999,8 335 0 8,25 -81 0 0 0
386998,7 61 0 7,5625 -83 0 0 0
389999,1 286 0 7,4375 -83 0 0 0
392999,2 289 0 9,5625 -77 0 0 0
393998,9 101 0 1 -77 0 0 0
385999,1 295 0 6,25 -86 0 0 0
391999,3 286 0 14,125 -79 0 0 0
393998,8 59 0 1 -77 0 0 0
394999,5 162 0 35,4375 -73 0 0 0
396999,1 162 0 1 -88 0 0 0
385999,1 292 0 8 -86 0 0 0
386998,9 292 0 7,1875 -84 0 0 0
388999,2 292 0 6,75 -87 0 0 0
389999,1 285 0,5026174 5,5 -85 0 0 0
391999,3 288 0 13,875 -79 0 0 0
392999,3 291 0 11,875 -77 0 0 0
394999,4 286 0 24,75 -73 0 0 0
395999,3 301 0,5356969 9,6875 -75 0 0 0
398999,7 332 0 7,9375 -82 0 0 0
386998,7 292 0 7,5625 -83 0 0 0
389999,1 286 0 7,4375 -83 0 0 0
390998,8 55 0 1 -84 0 0 0
397999,6 155 0 23,5 -80 0 0 0
398999,7 162 0 8,5625 -81 0 0 0
390998,9 55 0 1 -84 0 0 0
392999 270 0,6057119 12,625 -77 0 0 0
393998,9 100 0 1 -77 0 0 0
395999,3 295 0 10,375 -75 0 0 0
396999 280 0 1 -87 0 0 0
398999,6 328 0 8,9375 -81 0 0 0
385999,1 295 0 6,4375 -86 0 0 0
388999,3 292 0 7,375 -86 0 0 0
390998,8 57 0 1 -84 0 0 0
391999,4 279 0,5092452 17,6875 -79 0 0 0
393998,8 295 0 1 -77 0 0 0
394999,5 288 0 35,4375 -73 0 0 0
396999,1 282 0 1 -88 0 0 0
385999,1 292 0 7,75 -86 0 0 0
386998,6 293 0 6,5625 -84 0 0 0
389999,1 290 0 7,625 -84 0 0 0
396999,1 286 0 1 -87 0 0 0
397999,6 155 0 23,25 -80 0 0 0
388999,2 288 0 7,625 -86 0 0 0
389998,6 286 0 7,4375 -84 0 0 0
391999,4 287 0 17,6875 -79 0 0 0
392999,2 292 0 9,4375 -77 0 0 0
395999,5 295 0 10,125 -75 0 0 0
397999,6 291 0 23,875 -80 0 0 0
398999,9 21 0 7,0625 -81 0 0 0
386998,5 287 0 6,375 -84 0 0 0
389999,1 283 0 6,8125 -84 0 0 0
390998,9 293 0 1 -85 0 0 0
392999,3 292 0 9,3125 -77 0 0 0
393998,9 101 0 1 -77 0 0 0
395999,5 296 0,5741645 10,0625 -75 0 0 0
396999 162 0 1 -87 0 0 0
385999,1 294 0 6,4375 -86 0 0 0
388999,3 295 0 8,5625 -87 0 0 0
390998,8 55 0 1 -84 0 0 0
391999,3 287 0 14 -79 0 0 0
393998,9 59 0 1 -77 0 0 0
394999,5 286 0 35,625 -73 0 0 0
396999,1 279 0 1 -88 0 0 0
405015,4 27 0,9101461 5,25 -86 1 0 0
385999,1 296 0 6,4375 -86 0 0 0
386998,8 293 0 6,8125 -83 0 0 0
388999,2 293 0,5072157 6,1875 -86 0 0 0
389999,1 288 0 5,5 -85 0 0 0
391999,4 287 0 17,8125 -79 0 0 0
405015,4 35 0,6818088 4,6875 -86 0 0 0
385999,2 294 0 7,625 -86 0 0 0
390998,9 292 0 10,625 -86 0 0 0
391999,3 288 0 14,125 -79 0 0 0
392999,5 289 0 18,3125 -82 0 0 0
393999 59 0 19,5625 -79 0 0 0
386998,4 60 0 6,1875 -84 0 0 0
389998,8 287 0 6,875 -84 0 0 0
390998,8 57 0 1 -84 0 0 0
397999,7 153 0 41,875 -81 0 0 0
398999,7 291 0 8,5625 -81 0 0 0
385999 293 0 6,5 -86 0 0 0
388999,2 292 0 7,5625 -86 0 0 0
390998,8 293 0 1 -84 0 0 0
391999,4 287 0 16,625 -80 0 0 0
393998,9 58 0 1 -77 0 0 0
385999,1 296 0 7,1875 -85 0 0 0
386998,4 291 0 7,5625 -83 0 0 0
388999,2 290 0 7,625 -86 0 0 0
389998,7 162 0 6,5625 -84 0 0 0
391999,4 278 0,507539 17,5625 -79 0 0 0
392999,4 290 0 10,5 -77 0 0 0
394999,5 286 0 24,4375 -73 0 0 0
395999,5 295 0 10,1875 -75 0 0 0
386998,7 289 0 7,5625 -83 0 0 0
388999,1 291 0 7 -87 0 0 0
389998,9 288 0 7,1875 -84 0 0 0
391999,4 287 0 16,625 -80 0 0 0
392999,2 292 0 9,75 -77 0 0 0
394999,4 286 0 24,75 -73 0 0 0
397999,6 153 0 23,375 -80 0 0 0
398999,8 342 0 8,25 -81 0 0 0
385999,1 294 0 8 -86 0 0 0
389998,9 285 0 7,1875 -84 0 0 0
390998,8 294 0 1 -84 0 0 0
396999 162 0 1 -87 0 0 0
398999,8 286 0 8,875 -80 0 0 0
385998,8 293 0 8,8125 -86 0 0 0
387998,8 55 0 10,8125 -88 0 0 0
388999,2 295 0 10,1875 -86 0 0 0
391999,4 286 0 26,4375 -79 0 0 0
393998,9 291 0 10,9375 -73 0 0 0
405015,2 27 0,6917149 6,375 -89 0 0 0
385999 293 0 8,125 -86 0 0 0
388999,2 290 0 10 -86 0 0 0
389999,1 162 0 9,5625 -83 0 0 0
391999,4 287 0 26,1875 -79 0 0 0
392999,2 291 0,5408608 11,125 -77 0 0 0
394999,5 286 0 36,5 -73 0 0 0
395999,6 296 0 12,9375 -75 0 0 0
405015,4 20 0,6990228 7,625 -89 0 0 0
385999,1 290 0 10,375 -86 0 0 0
386998,5 294 0 7 -83 0 0 0
388999,1 290 0,503084 6,5 -86 0 0 0
389998,9 288 0 7,1875 -84 0 0 0
391999,3 286 0 13,875 -79 0 0 0
392999,2 58 0 9,5625 -77 0 0 0
395999,5 295 0 10,25 -75 0 0 0
397999,3 347 0 25,5625 -80 0 0 0
407025 107 0,584529 14,875 -61 0 0 0
386999 294 0 10,6875 -87 0 0 0
389998,8 286 0 9,625 -87 0 0 0
390998,8 55 0 1 -84 0 0 0
393998,9 101 0 1 -77 0 0 0
394999,3 287 0 20,8125 -79 0 0 0
395999,2 297 0 20,0625 -81 0 0 0
396999,1 287 0 1 -87 0 0 0
397999,8 288 0 14,0625 -86 0 0 0
398999,8 162 0 17,8125 -87 0 0 0
388999,2 293 0 6,6875 -87 0 0 0
390998,8 55 0 1 -84 0 0 0
391999,3 287 0 14,125 -79 0 0 0
393998,9 59 0 1 -77 0 0 0
394999,5 286 0 35,625 -73 0 0 0
396999,1 162 0 1 -87 0 0 0
397999,6 55 0 23,25 -80 0 0 0
389998,9 288 0 7,1875 -84 0 0 0
391999,4 287 0 17,8125 -79 0 0 0
392999 291 0 9,75 -77 0 0 0
395999,5 296 0,50739 10,0625 -75 0 0 0
397999,6 55 0 23,625 -80 0 0 0
398999,7 331 0 8,5625 -81 0 0 0
385999,1 297 0 7,875 -86 0 0 0
392999,2 289 0 13,4375 -79 0 0 0
393998,9 59 0 1 -77 0 0 0
395000,1 290 0 17,25 -85 0 0 0
395999,5 294 0 15,375 -78 0 0 0
396999,1 162 0 1 -87 0 0 0
397999 288 0 11,4375 -89 0 0 0
398999,9 284 0 14,625 -85 0 0 0
386998,7 292 0 6,5 -83 0 0 0
391999,3 286 0 13,875 -79 0 0 0
392999,3 291 0 9,5625 -77 0 0 0
394999,5 162 0 35,8125 -73 0 0 0
398999,9 342 0 9 -81 0 0 0
405000,6 87 0,680405 15,5 -93 0 0 0
392999,2 289 0 9,6875 -77 0 0 0
393999,2 101 0 20,375 -89 0 0 0
394999,6 162 0 67,5625 -74 0 0 0
395999,5 295 0 10,125 -75 0 0 0
397999,5 156 0 23,4375 -81 0 0 0
398999,9 336 0 9 -81 0 0 0
391999,3 286 0 14 -79 0 0 0
393998,9 59 0 1 -77 0 0 0
394999,4 286 0 24,75 -73 0 0 0
396999,1 342 0 1 -87 0 0 0
397999,6 157 0 22,0625 -81 0 0 0
391999,4 288 0 17,5625 -79 0 0 0
394999,5 287 0 35,25 -73 0 0 0
395999,3 296 0 9,75 -75 0 0 0
397999,6 55 0 23,3125 -80 0 0 0
398999,6 334 0 8 -81 0 0 0
390998,9 55 0 1 -85 0 0 0
393998,9 98 0 1 -77 0 0 0
395999,3 295 0 10,125 -75 0 0 0
396999,1 283 0 1 -87 0 0 0
398999,8 332 0 9,625 -81 0 0 0
385999,2 291 0 8,5 -85 0 0 0
392999,3 289 0 9,5625 -77 0 0 0
393998,9 100 0 1 -77 0 0 0
395999,5 295 0 10,875 -75 0 0 0
396999,1 332 0 1 -88 0 0 0
398999,8 162 0 9,25 -81 0 0 0
405015 31 0,5996907 6,1875 -86 1 0 0
385999 294 0 6,625 -86 0 0 0
386998,5 60 0 7 -83 0 0 0
388999,3 290 0 7,375 -86 0 0 0
394999,5 286 0 24,5625 -73 0 0 0
396999,1 284 0 1 -87 0 0 0
397999,6 291 0 23,625 -80 0 0 0
405015,1 28 0,5732607 5,9375 -86 0 0 0
386998,5 58 0 7 -83 0 0 0
389999,1 287 0 6,8125 -84 0 0 0
395999,5 295 0 10,5625 -76 0 0 0
397999,5 291 0 16,25 -80 0 0 0
398999,9 333 0 9 -81 0 0 0
388998,7 292 0 9,5625 -86 0 0 0
390998,8 295 0 1 -84 0 0 0
391999,3 287 0 14,3125 -79 0 0 0
393998,9 290 0 1 -77 0 0 0
398999,8 334 0 8,25 -81 0 0 0
405015 28 0,7956913 4,75 -86 0 0 0
386998,4 289 0 6,1875 -84 0 0 0
387998,9 285 0 6,375 -89 0 0 0
389999,1 287 0 7,625 -84 0 0 0
390998,8 55 0 1 -84 0 0 0
392999,2 291 0 9,25 -77 0 0 0
393998,9 58 0 1 -77 0 0 0
385999,1 55 0 6,4375 -86 0 0 0
386998,6 292 0 7,4375 -84 0 0 0
389998,8 285 0 6,875 -84 0 0 0
392999,2 290 0 9,75 -77 0 0 0
394999,5 285 0 35,4375 -73 0 0 0
395999,5 295 0 10,125 -75 0 0 0
397999,6 153 0 23,625 -80 0 0 0
386998,4 58 0 6,75 -83 0 0 0
389999,1 286 0 6,8125 -84 0 0 0
390998,8 294 0 1 -84 0 0 0
392999,2 292 0 9,5 -77 0 0 0
393998,9 60 0 1 -77 0 0 0
395999,3 294 0 10,3125 -75 0 0 0
396999 335 0 1 -87 0 0 0
398999,8 108 0 8,25 -81 0 0 0
405014,8 23 0 5,75 -87 0 0 0
385999,2 292 0 7,4375 -86 0 0 0
388999,1 293 0,5966615 6,3125 -86 0 0 0
390998,8 55 0 1 -84 0 0 0
391999,3 286 0 13,875 -79 0 0 0
393998,9 58 0 1 -77 0 0 0
396999 331 0 1 -87 0 0 0
397999,6 100 0 23,0625 -80 0 0 0
385998,9 55 0 6,9375 -86 0 0 0
386998,7 59 0 6,5 -83 0 0 0
388999,1 293 0,5686927 6,3125 -86 0 0 0
389999,1 162 0 6,8125 -84 0 0 0
391999,3 286 0 17,5 -80 0 0 0
392999,2 292 0 9,75 -77 0 0 0
394999,6 285 0 65,375 -74 0 0 0
395999,3 294 0 10,1875 -75 0 0 0
397999,6 345 0 42,5 -81 0 0 0
405015,1 24 0 5,9375 -85 0 0 0
385998,8 295 0 5,625 -85 0 0 0
388999,2 291 0 7,625 -86 0 0 0
390998,8 55 0 1 -84 0 0 0
393998,9 58 0 1 -77 0 0 0
394999,5 287 0 35,25 -73 0 0 0
396999 330 0 1 -87 0 0 0
397999,6 290 0 23,25 -80 0 0 0
385999 293 0 6,5 -86 0 0 0
386998,5 288 0 10,1875 -86 0 0 0
388999 288 0 5,8125 -87 0 0 0
389999,1 286 0 9,75 -86 0 0 0
391999,4 287 0 16,625 -80 0 0 0
392998,9 290,9984 0,5357887 12,875 -79 0,9983521 0 0
393999,2 58 0 18,3125 -86 0 0 0
394999,4 286 0 24,75 -73 0 0 0
395999,4 296 0 14,25 -77 0 0 0
397999,6 19 0 23,625 -80 0 0 0
385999 295 0 6,5 -86 0 0 0
387998,8 334 0 8,75 -89 0 0 0
388999,2 289 0 6,6875 -87 0 0 0
390998,9 55 0 1 -84 0 0 0
394999,5 286 0 35,4375 -73 0 0 0
396998,9 330 0 1 -87 0 0 0
397999,6 55 0 23,5 -80 0 0 0
405014,9 32 0,6610842 6,625 -87 1 0 0
386998,6 292 0 6,3125 -83 0 0 0
389998,9 162 0 6,4375 -84 0 0 0
390998,8 293 0 1 -84 0 0 0
392999,2 289 0 9,75 -77 0 0 0
393998,9 291 0 1 -77 0 0 0
395999,5 295 0 10,125 -75 0 0 0
396999,1 285 0 1 -87 0 0 0
398999,7 107 0 8,5625 -81 0 0 0
385999 294 0 7,3125 -85 0 0 0
388999,2 292 0 6,625 -87 0 0 0
391999,3 287 0 13,875 -79 0 0 0
393998,9 59 0 1 -77 0 0 0
394999,5 286 0 33,5625 -74 0 0 0
396999,1 281 0 1 -87 0 0 0
397999,6 154 0 23,375 -80 0 0 0
388999,2 291 0 6,6875 -87 0 0 0
389998,9 285 0 7,1875 -84 0 0 0
391999,3 279 0,5250431 14,125 -79 0 0 0
394999,5 162 0 35,625 -73 0 0 0
395999,5 295 0 10 -75 0 0 0
397999,6 342 0 23,375 -80 0 0 0
398999,7 333 0 8,5625 -81 0 0 0
405000,4 82 0,7953973 14,9375 -93 0 0 0
388999,2 290 0 13,0625 -87 0 0 0
390998,9 55 0 1 -84 0 0 0
391999,3 288 0 17,5 -80 0 0 0
393998,9 292 0 1 -77 0 0 0
385998,8 296 0 6,125 -86 0 0 0
386998,6 290 0 6,5625 -84 0 0 0
388999,1 294 0 6,875 -87 0 0 0
389999,1 286 0 6,8125 -84 0 0 0
391999,3 286 0 13,75 -79 0 0 0
392999,2 292 0 9,5625 -77 0 0 0
386998,7 59 0 7,5625 -83 0 0 0
389999,1 286 0 6,8125 -84 0 0 0
390998,8 55 0 1 -84 0 0 0
392999,4 291 0 10,0625 -77 0 0 0
393998,9 294 0 1 -77 0 0 0
385999,1 295 0 6,3125 -86 0 0 0
387998,7 282 0 8,5625 -89 0 0 0
388999,2 290 0,5709966 6,6875 -87 0 0 0
390998,8 294 0 1 -84 0 0 0
391999,3 286 0 14 -79 0 0 0
393998,9 59 0 1 -77 0 0 0
394999,5 286 0 35,4375 -73 0 0 0
388999,1 292 0 6,875 -87 0 0 0
389998,9 285 0 7,0625 -83 0 0 0
391999,3 288 0 14 -79 0 0 0
392999,3 291 0 10,0625 -77 0 0 0
394999,5 162 0 35,25 -73 0 0 0
386998,6 59 0 7,25 -83 0 0 0
389998,8 286 0 6,1875 -84 0 0 0
390998,8 55 0 1 -84 0 0 0
392999,3 292 0 9,4375 -77 0 0 0
395999,3 294 0 10,3125 -75 0 0 0
405015,3 31 0,6788656 5,5625 -85 0 0 0
385999 57 0 6,625 -86 0 0 0
388999,2 294 0 7,5625 -86 0 0 0
390998,8 57 0 1 -84 0 0 0
391999,4 286 0 16,625 -80 0 0 0
394999,5 286 0 35,4375 -73 0 0 0
396999,1 155 0 1 -87 0 0 0
397999,6 154 0 23,3125 -80 0 0 0
405015,1 29 0,776933 5,25 -89 0 0 0
388999,2 295 0 6,1875 -86 0 0 0
391999,3 288 0 13,875 -79 0 0 0
394999,5 286 0 35,4375 -73 0 0 0
395999,3 296 0 9,9375 -75 0 0 0
397999,6 157 0 23,375 -80 0 0 0
398999,6 342 0 8,9375 -81 0 0 0
385999,1 293 0 7,1875 -85 0 0 0
388999 290 0 5,8125 -87 0 0 0
390998,8 294 0 1 -84 0 0 0
393998,9 100 0 1 -77 0 0 0
394999,5 162 0 24,5625 -73 0 0 0
396999,1 289 0 1 -87 0 0 0
385999 293 0,515187 6,5 -86 0 0 0
389998,9 285 0 7,1875 -84 0 0 0
391999,3 287 0 13,5 -79 0 0 0
392999,2 60 0 9,4375 -77 0 0 0
395999,3 300 0,5154076 10,125 -75 0 0 0
397999,6 291 0 23,0625 -80 0 0 0
398999,7 108 0 8,5625 -81 0 0 0
405015 27 0,6474108 5,3125 -85 0 0 0
389998,8 284 0 9,625 -87 0 0 0
390998,8 294 0 1 -84 0 0 0
391999,3 287 0,5303494 30,5 -86 0 0 0
392999,2 57 0 18,3125 -82 0 0 0
393998,9 59 0 1 -77 0 0 0
394999,3 162 0 19,3125 -79 0 0 0
395999,2 295 0 20,0625 -81 0 0 0
396999 162 0 1 -87 0 0 0
397999,8 156 0 13,125 -85 0 0 0
399000 102 0 27,4375 -88 0 0 0
386998,6 59 0 6,5625 -84 0 0 0
394999,4 286 0 24,75 -73 0 0 0
395999,2 296 0 17,125 -80 0 0 0
399000 105 0 15,25 -84 0 0 0
405000,5 108 0 14,75 -93 0 0 0
386998,7 289 0 6,5 -83 0 0 0
395999,5 295 0 10,0625 -75 0 0 0
397999,7 55 0 44,75 -80 0 0 0
398999,6 162 0 8 -81 0 0 0
385999 294 0 6,625 -86 0 0 0
395999,6 296 0 9,9375 -75 0 0 0
396999,1 162 0 1 -87 0 0 0
398999,7 105 0 9,25 -80 0 0 0
385999,2 290 0 7,625 -86 0 0 0
393998,8 60 0 1 -77 0 0 0
395999,6 295 0 10,1875 -75 0 0 0
396998,9 166 0 1 -86 0 0 0
398999,8 332 0 9,25 -81 0 0 0
390998,9 55 0 1 -85 0 0 0
391999,3 286 0 16,75 -80 0 0 0
394999,5 286 0 35,4375 -73 0 0 0
396999,1 336 0 1 -88 0 0 0
397999,6 289 0 23,3125 -80 0 0 0
392999,3 291 0 9,5625 -77 0 0 0
394999,5 288 0 35,25 -73 0 0 0
395999,6 295 0 10,6875 -75 0 0 0
397999,6 290 0 23,375 -80 0 0 0
398999,7 332 0 8,5625 -81 0 0 0
390998,9 55 0 1 -85 0 0 0
392999,2 290 0 9,4375 -77 0 0 0
393998,8 290 0 1 -77 0 0 0
395999,5 295 0 10,0625 -75 0 0 0
396999,1 162 0 1 -86 0 0 0
398999,6 332 0 8 -81 0 0 0
390998,8 55 0 1 -84 0 0 0
391999,3 286 0 13,625 -79 0 0 0
394000,2 59 0 1 -77 0 0 0
394999,5 286 0 35,4375 -73 0 0 0
396999 162 0 1 -87 0 0 0
397999,6 291 0 23,875 -80 0 0 0
386998,8 61 0 6,8125 -83 0 0 0
392999,2 289 0 9,5625 -77 0 0 0
394999,5 286 0 24,5625 -73 0 0 0
395999,5 295 0 10,0625 -75 0 0 0
398999,6 331 0 8,9375 -81 0 0 0
385999 294 0 6,5 -86 0 0 0
393998,9 291 0 1 -77 0 0 0
395999,2 293 0 9,625 -75 0 0 0
396999,1 163 0,520436 1 -87 0 0 0
398999,8 162 0 8,25 -81 0 0 0
385998,9 296 0 6,4375 -85 0 0 0
386998,6 59 0 6,3125 -83 0 0 0
388999,2 294 0 6,75 -87 0 0 0
389998,8 287 0 6,875 -84 0 0 0
396999,1 108 0 1 -87 0 0 0
397999,6 60 0 23,25 -80 0 0 0
386998,4 290 0 6,1875 -84 0 0 0
389998,9 285 0 7,1875 -84 0 0 0
390998,8 56 0 1 -84 0 0 0
392999,3 291 0 9,5625 -77 0 0 0
399000 334 0 8,75 -81 0 0 0
388999,2 102 0 6,5 -87 0 0 0
390998,8 55 0 1 -84 0 0 0
391999,4 287 0 16,625 -80 0 0 0
393998,8 58 0 1 -77 0 0 0
394999,4 285 0 24,75 -73 0 0 0
385999,2 293 0 7,375 -86 0 0 0
388999,2 289 0,5654794 6,5 -87 0 0 0
390998,8 294 0 1 -84 0 0 0
391999,4 287 0 17,6875 -79 0 0 0
394999,5 286 0 35,4375 -73 0 0 0
396999,1 170 0 1 -87 0 0 0
386998,8 60 0 6,8125 -83 0 0 0
389998,7 160 0 5,9375 -85 0 0 0
390998,6 55 0 11,4375 -86 0 0 0
391999,3 286 0 29,3125 -86 0 0 0
393998,9 100 0 17,8125 -78 0 0 0
394999,7 162 0 23,1875 -81 0 0 0
395999,6 296 0 10,0625 -75 0 0 0
396999,1 337 0 1 -88 0 0 0
397999,4 102 0 12,6875 -88 0 0 0
398999,7 332 0 8,3125 -80 0 0 0
405015,3 35 0,6747969 5,6875 -87 0 0 0
388999,3 292 0 9,5625 -86 0 0 0
390998,8 293 0 1 -84 0 0 0
391999,3 287 0 14 -79 0 0 0
393998,8 59 0 1 -77 0 0 0
394999,5 287 0 35,4375 -73 0 0 0
396999,1 337 0 1 -88 0 0 0
397999,6 291 0 23,25 -80 0 0 0
385998,9 296 0 7,5 -87 0 0 0
391999,4 288 0 17,6875 -79 0 0 0
393998,9 101 0 1 -77 0 0 0
394999,5 286 0 35,625 -73 0 0 0
396999 162 0 1 -87 0 0 0
392999,2 292 0 12,8125 -79 0 0 0
393998,7 102 0 17,3125 -86 0 0 0
394999,5 288 0 35,25 -73 0 0 0
395999,2 295 0 13,5625 -78 0 0 0
397999,6 290 0 23,875 -80 0 0 0
398999,7 335 0,5106495 11,375 -81 0 0 0
386998,7 58 0 6,875 -84 0 0 0
392999,2 289 0 9,5 -77 0 0 0
394999,5 286 0 35,25 -73 0 0 0
395999,6 298 0,5274357 10,0625 -75 0 0 0
398999,7 333 0 7,6875 -81 0 0 0
385999 294 0 6,1875 -85 0 0 0
386998,8 289 0 6,8125 -83 0 0 0
388999 292 0 6,625 -86 0 0 0
394999,4 286 0 24,75 -73 0 0 0
396999 162 0 1 -87 0 0 0
397999,7 155 0 44,75 -80 0 0 0
405015,3 28 0,7184332 6,625 -87 0 0 0
386998,4 289 0 6,75 -83 0 0 0
389998,8 287 0 6,875 -84 0 0 0
390998,8 293 0 1 -84 0 0 0
395999,5 296 0 10,0625 -75 0 0 0
397999,6 55 0 23,25 -80 0 0 0
398999,7 334 0 8,5625 -81 0 0 0
385999,1 295 0 7,75 -86 0 0 0
387998,7 55 0 16,375 -89 0 0 0
388999,1 291 0 8,125 -86 0 0 0
390998,7 293 0 1 -83 0 0 0
391999,4 289 0 26,6875 -79 0 0 0
398999,7 333 0 8,5625 -81 0 0 0
407027 105,2235 0,6917006 20,125 -62 0,2235489 0 0
385998,8 292 0 9,125 -86 0 0 0
386998 285 0 1 -89 0 0 0
388999,1 294 0 10,5625 -86 0 0 0
389998,9 287 0 8,1875 -84 0 0 0
397999,6 155 0 45,75 -80 0 0 0
386998,1 290 0 1 -89 0 0 0
389998,8 287 0 10,0625 -85 0 0 0
390998,8 294 0 1 -83 0 0 0
392999,2 290 0 14,375 -79 0 0 0
398999,8 162 0 11,4375 -80 0 0 0
385999,1 293 0 8 -86 0 0 0
388999,3 293 0 14,4375 -86 0 0 0
389999,1 287 0 9,125 -88 0 0 0
390999,1 55 0 20,375 -89 0 0 0
397999,3 104 0 16,25 -87 0 0 0
398999,3 105 0 14,5 -85 0 0 0
407025 106 0,5805604 14,8125 -61 0 0 0
394999,5 286 0 35,625 -73 0 0 0
395999,4 295 0 12,9375 -77 0 0 0
397999,6 55 0 23,3125 -80 0 0 0
398999,5 342 0 10,6875 -82 0 0 0
385999 294 0 6,5 -86 0 0 0
387998,8 58 0 8,8125 -89 0 0 0
388999 292 0 5,8125 -87 0 0 0
390998,8 55 0 1 -84 0 0 0
396999,1 286 0 1 -87 0 0 0
398999,7 342 0 8,5625 -81 0 0 0
407073,5 306 0 1 -87 0 0 0
385999 295 0 7,4375 -85 0 0 0
388999,2 293 0,5876839 7,5625 -86 0 0 0
390998,9 295 0 1 -85 0 0 0
391999,3 286 0 14,125 -79 0 0 0
398999,8 332 0 10,1875 -82 0 0 0
407075,8 192 0 34,8125 -84 0 0 0
407075 191 0 7,5625 -83 0 0 0
385999,1 295 0 6,4375 -86 0 0 0
386998,5 60 0 7,875 -83 0 0 0
388999,1 296 0 7,875 -86 0 0 0
392999,2 287 0,5050355 9,5625 -77 0 0 0
394999,4 286 0 24,9375 -73 0 0 0
395999,5 295 0 10,125 -75 0 0 0
407075,1 192 0 8,875 -84 0 0 0
386998,6 289 0 7,25 -83 0 0 0
389998,9 287 0 7,1875 -84 0 0 0
390998,8 55 0 1 -84 0 0 0
392999,2 289 0 9,75 -77 0 0 0
393998,9 292 0 1 -77 0 0 0
395999,3 296 0 10,375 -75 0 0 0
396999,1 106 0 1 -87 0 0 0
398999,7 107 0 8,5625 -81 0 0 0
388999,1 291 0 6,875 -87 0 0 0
390998,8 55 0 1 -84 0 0 0
391999,3 287 0 13,875 -79 0 0 0
392998,4 292 0 22,875 -89 0 0 0
393999 292 0 13,5 -75 0 0 0
394999,4 162 0 24,75 -73 0 0 0
395998,5 295 0,5023909 16,375 -87 0 0 0
396999 282 0 1 -88 0 0 0
389998,9 287 0 7,1875 -84 0 0 0
390998,8 294 0 1 -84 0 0 0
392999,2 292 0 9,4375 -77 0 0 0
395999,5 294 0 10,125 -75 0 0 0
396999 331 0 1 -87 0 0 0
398999,8 333 0 7,4375 -81 0 0 0
390998,8 55 0 1 -84 0 0 0
392999,2 292 0 9,4375 -77 0 0 0
393998,8 293 0 1 -77 0 0 0
395999,3 296 0 10,0625 -75 0 0 0
396999,1 162 0 1 -87 0 0 0
398999,8 342 0 8,25 -81 0 0 0
390998,8 294 0 1 -84 0 0 0
391999,3 287 0 22,875 -82 0 0 0
392999,7 291 0 19,0625 -86 0 0 0
394999,3 162 0 16,0625 -75 0 0 0
395998,7 297 0 16,375 -86 0 0 0
396999,1 336 0 1 -87 0 0 0
397999,4 290 0 24,25 -81 0 0 0
405000,6 77 0,5764756 15,125 -93 0 0 0
386998,7 293 0 6,5 -83 0 0 0
392999 289 0 9,1875 -77 0 0 0
394999,5 286 0 35,4375 -73 0 0 0
395999,5 295 0 10,1875 -75 0 0 0
397999,6 289 0 23,375 -80 0 0 0
385998,9 294 0 6,5625 -85 0 0 0
393998,9 58 0 1 -77 0 0 0
395999,5 296 0,6354106 10,625 -75 0 0 0
396999,2 284 0 1 -88 0 0 0
398999,8 333 0 8,25 -81 0 0 0
388999,2 295 0 6,6875 -87 0 0 0
389998,8 162 0 6,1875 -84 0 0 0
393998,8 58 0 1 -77 0 0 0
394999,4 286 0 24,75 -73 0 0 0
396999 106 0 1 -87 0 0 0
397999,6 154 0 23,3125 -80 0 0 0
405015,3 34 0,8936129 4,875 -88 0 0 0
385998,5 294 0 12,6875 -89 0 0 0
388999,1 292 0 10,1875 -89 0 0 0
395999,5 296 0 10,0625 -75 0 0 0
396999,2 163 0 20,375 -89 0 0 0
397999,8 55 0 6,4375 -86 0 0 0
398999,8 332 0 8,25 -81 0 0 0
385999,1 294 0 6,4375 -86 0 0 0
387998,9 29 0 6,1875 -89 0 0 0
388999,2 292 0 7,5625 -86 0 0 0
396999,1 162 0 1 -87 0 0 0
398999,8 332 0 8,25 -81 0 0 0
405014,9 25 0,6460688 4,5 -86 0 0 0
385999,1 295 0 6,4375 -86 0 0 0
386998,5 291 0 6,375 -84 0 0 0
388999,2 292 0 6,75 -87 0 0 0
396999,1 282 0 1 -87 0 0 0
397999,6 290 0 23,625 -80 0 0 0
386998,9 288 0 7,0625 -83 0 0 0
389999,1 162 0 7,625 -84 0 0 0
395999,5 294 0 10,25 -75 0 0 0
397999,7 55 0 41,5 -81 0 0 0
385998,9 295 0 6,9375 -86 0 0 0
388999,2 293 0 7,625 -86 0 0 0
393998,8 58 0 1 -77 0 0 0
396999,1 108 0 1 -87 0 0 0
398999,7 162 0 8,3125 -80 0 0 0
385999 292 0 8,125 -86 0 0 0
386998,7 293 0 7,5625 -83 0 0 0
389998,9 162 0 7,1875 -84 0 0 0
396999 290 0 1 -86 0 0 0
397999,6 155 0 23,75 -80 0 0 0
386998,6 59 0 6,3125 -83 0 0 0
389999,1 286 0 6,8125 -84 0 0 0
390998,8 293 0 1 -84 0 0 0
395999,3 297 0 10,1875 -75 0 0 0
397999,6 55 0 23,25 -80 0 0 0
398999,5 162 0 7,25 -81 0 0 0
386998,6 63 0 7,25 -83 0 0 0
389998,8 288 0 6,875 -84 0 0 0
390998,8 55 0 1 -84 0 0 0
392999,2 291 0 9,5 -77 0 0 0
393998,9 59 0 1 -77 0 0 0
395999,3 295 0 10,3125 -75 0 0 0
385998,8 293 0 6,6875 -85 0 0 0
388999,1 290 0 6,4375 -86 0 0 0
390998,8 55 0 1 -84 0 0 0
391999,3 288 0 16,9375 -80 0 0 0
393998,9 290 0 1 -77 0 0 0
405015,3 21 0,5346142 5,5 -87 0 0 0
385999 294 0 6,5 -86 0 0 0
386998,5 60 0 7,125 -84 0 0 0
388998,9 294 0 6,9375 -86 0 0 0
389999,1 288 0 7,625 -84 0 0 0
391999,3 287 0 14,125 -79 0 0 0
392999 291 0 9 -77 0 0 0
395999,5 296 0,5065098 10,125 -75 0 0 0
386998,6 289 0 6,3125 -83 0 0 0
387998,8 286 0 7,1875 -88 0 0 0
389998,6 162 0 7,4375 -84 0 0 0
390998,8 55 0 1 -84 0 0 0
392999,2 291 0 9,6875 -77 0 0 0
393998,9 57 0 1 -77 0 0 0
395999,5 295 0 10,125 -75 0 0 0
388999,3 294 0 8,5625 -87 0 0 0
390998,8 58 0 1 -84 0 0 0
391999,3 287 0 13,875 -79 0 0 0
393998,9 99 0 1 -77 0 0 0
394999,4 287 0 24,75 -73 0 0 0
396999,1 162 0 1 -87 0 0 0
385999 293 0 6,5 -86 0 0 0
386998,7 292 0 7,75 -84 0 0 0
388999,1 295 0 8 -86 0 0 0
389998,9 286 0 7,0625 -83 0 0 0
392999 291 0 9,6875 -77 0 0 0
394999,5 60 0 35,4375 -73 0 0 0
395999,5 295 0 10,1875 -75 0 0 0
397999,6 156 0 23,375 -80 0 0 0
386998,4 58 0 6,1875 -84 0 0 0
389998,6 287 0 7,4375 -84 0 0 0
390998,8 55 0 1 -84 0 0 0
392999,2 289 0 9,5 -77 0 0 0
393998,9 101 0 1 -77 0 0 0
395999,5 292 0,543746 10,125 -75 0 0 0
396998,9 162 0 1 -86 0 0 0
398999,8 333 0 9,25 -81 0 0 0
387998,9 283 0 6,1875 -89 0 0 0
389999,1 288 0 6,8125 -84 0 0 0
390998,9 294 0 1 -85 0 0 0
392999,2 59 0 9,4375 -77 0 0 0
393998,9 290 0 1 -77 0 0 0
395999,5 295 0 10,375 -75 0 0 0
398999,5 332 0 7,25 -81 0 0 0
388999,2 101 0 7,625 -86 0 0 0
393998,8 291 0 1 -77 0 0 0
394999,4 285 0 24,9375 -73 0 0 0
396999 335 0 1 -86 0 0 0
397999,6 290 0 23,25 -80 0 0 0
389999,2 287 0 5,8125 -84 0 0 0
391999,3 287 0 17,9375 -79 0 0 0
392999,4 292 0 10,25 -77 0 0 0
394999,5 286 0 35,625 -73 0 0 0
395999,3 296 0 10 -75 0 0 0
397999,6 290 0 23,25 -80 0 0 0
398999,6 332 0 8 -81 0 0 0
390998,8 56 0 1 -84 0 0 0
392999,3 288 0,5057036 9,4375 -77 0 0 0
393998,9 100 0 1 -77 0 0 0
396999 284 0 1 -87 0 0 0
398999,9 332 0 9 -81 0 0 0
386998,7 293 0 6,875 -84 0 0 0
393998,9 100 0 1 -77 0 0 0
394999,5 286 0 24,5625 -73 0 0 0
396999,2 162 0 1 -87 0 0 0
397999,6 55 0 22,0625 -81 0 0 0
386999 289 0 11 -85 0 0 0
392999,2 291 0 9,25 -77 0 0 0
394999,6 285 0 67,125 -74 0 0 0
395999,6 295 0 10,5625 -76 0 0 0
397999,5 291 0 22,6875 -81 0 0 0
386998,1 58 0 1 -89 0 0 0
387998,7 162 0 10,3125 -88 0 0 0
389999,1 287 0 8,75 -84 0 0 0
390998,8 55 0 1 -82 0 0 0
397999,6 155 0 46 -80 0 0 0
398999,8 332 0 11 -81 0 0 0
386998,5 289 0 8,5 -84 0 0 0
387998,7 284 0 16,4375 -89 0 0 0
389999,1 286 0 8,75 -84 0 0 0
390998,7 55 0 1 -82 0 0 0
392999 290 0 11,25 -77 0 0 0
396999 330 0 1 -86 0 0 0
388999,2 292 0 10,375 -86 0 0 0
390998,8 294 0 1 -83 0 0 0
393999 291 0 10,8125 -73 0 0 0
396999 162 0 1 -86 0 0 0
397999,7 290 0 45,375 -80 0 0 0
389998,8 286 0 6,875 -84 0 0 0
390998,8 55 0 1 -84 0 0 0
392999 59 0 12,625 -77 0 0 0
393998,8 100 0 1 -76 0 0 0
395999,5 294 0 10,9375 -75 0 0 0
396999,1 162 0 1 -87 0 0 0
398999,4 332 0 8,375 -81 0 0 0
385999,1 295 0 6,25 -86 0 0 0
391999,4 286 0 16,5 -80 0 0 0
393998,9 57 0 1 -77 0 0 0
394999,4 162 0 24,75 -73 0 0 0
396999,2 335 0 1 -87 0 0 0
397999,5 290 0 16,375 -80 0 0 0
390998,6 293 0 11 -86 0 0 0
391999,4 286 0 16,375 -80 0 0 0
392999,2 288 0,5059394 17,3125 -83 0 0 0
393998,7 292 0,5406674 20,625 -79 0 0 0
394999,5 286 0 35,8125 -73 0 0 0
395999,6 55 0 19 -81 0 0 0
396999,3 283 0 12,8125 -88 0 0 0
397999,6 347 0 23,625 -80 0 0 0
398999,3 103 0 12,6875 -86 0 0 0
386998,5 293 0 7 -83 0 0 0
392999,3 292 0 10,125 -77 0 0 0
394999,5 286 0 33,75 -74 0 0 0
395999,3 294 0 10,125 -75 0 0 0
397999,6 291 0 23,375 -80 0 0 0
398999,6 333 0 8,9375 -81 0 0 0
407074,9 190 0 7,9375 -83 0 0 0
407076,4 306 0 1 -85 0 0 0
386998,4 292 0 6,1875 -84 0 0 0
389998,9 287 0 6,4375 -84 0 0 0
394999,6 286 0 64,625 -74 0 0 0
396999 287 0 1 -87 0 0 0
397999,6 155 0 23,625 -80 0 0 0
405000,3 76 0 14,6875 -93 0 0 0
389998,9 289 0 7,1875 -84 0 0 0
390998,9 293 0 1 -84 0 0 0
392999,2 291 0,5032405 9,8125 -78 0 0 0
393998,8 295 0 1 -77 0 0 0
398999,7 162 0 8,5625 -81 0 0 0
385999,1 294 0 6,4375 -86 0 0 0
388999,2 295 0 7,75 -86 0 0 0
390998,8 55 0 1 -84 0 0 0
391999,3 286 0 13,75 -79 0 0 0
393998,9 59 0 1 -77 0 0 0
394999,5 286 0 35,4375 -73 0 0 0
385998,9 296 0 6,9375 -86 0 0 0
388999,2 101 0 6,625 -87 0 0 0
390998,8 55 0 1 -84 0 0 0
393998,8 58 0 1 -77 0 0 0
394999,5 289 0 35,4375 -73 0 0 0
396999,1 162 0 1 -87 0 0 0
385999,2 293 0 7,4375 -86 0 0 0
386998,6 291 0 7,25 -83 0 0 0
389999,1 287 0 6,125 -84 0 0 0
391999,3 287 0 13,625 -79 0 0 0
392999,3 59 0 9,375 -77 0 0 0
394999,4 286 0 24,75 -73 0 0 0
395999,5 295 0,5401295 10,5 -76 0 0 0
397999,6 55 0 23,25 -80 0 0 0
398999,8 342 0 8,25 -81 0 0 0
387998,7 158 0 8,5625 -89 0 0 0
389998,5 162 0 6,1875 -85 0 0 0
390998,9 56 0 1 -85 0 0 0
392999,2 291 0 9,6875 -77 0 0 0
393998,9 292 0 1 -77 0 0 0
395999,3 296 0 10,125 -75 0 0 0
396999,1 282 0 1 -87 0 0 0
388999,2 295 0 6,75 -87 0 0 0
390998,8 56 0 1 -84 0 0 0
391999,4 286 0 17,6875 -79 0 0 0
396999,1 286 0 1 -87 0 0 0
397999,6 156 0 23,5 -80 0 0 0
391999,3 288 0 13,0625 -80 0 0 0
392998,7 291 0 14,25 -86 0 0 0
393998,9 293 0 17,8125 -77 0 0 0
394999,4 287 0 24,75 -73 0 0 0
395998,7 296 0 17,3125 -84 0 0 0
396998,9 162 0 1 -88 0 0 0
397999,6 56 0 23,375 -80 0 0 0
398999,8 107 0 12,6875 -89 0 0 0
405015,5 26 0 6,1875 -87 0 0 0
385998,9 294 0 6,75 -86 0 0 0
393998,9 59 0 1 -77 0 0 0
395999,5 296 0 10,5 -76 0 0 0
396999 162 0 1 -87 0 0 0
385999 295 0 6,1875 -85 0 0 0
395999,7 295 0 12,75 -76 0 0 0
396999,1 337 0 1 -87 0 0 0
398999,9 333 0 10,5625 -81 0 0 0
405015,1 29 0,7266756 5,9375 -86 0 0 0
385999 57 0 5,625 -86 0 0 0
386998,6 290 0 6,5625 -84 0 0 0
389998,8 285 0 7,75 -84 0 0 0
391999,3 287 0 16,75 -80 0 0 0
397999,6 290 0 23,25 -80 0 0 0
386998,8 59 0 6,1875 -84 0 0 0
390998,9 55 0 1 -85 0 0 0
392999,2 58 0 9,4375 -77 0 0 0
398999,7 332 0 8,5625 -81 0 0 0
385998,9 296 0 6,75 -86 0 0 0
388999,2 293 0,6465815 6,6875 -87 0 0 0
390998,9 57 0 1 -85 0 0 0
391999,3 287 0 16,75 -80 0 0 0
393998,9 292 0 1 -77 0 0 0
398999,8 331 0 8,25 -81 0 0 0
385999 291 0 7,3125 -87 0 0 0
386998,5 292 0 7 -83 0 0 0
388999,2 297 0,5630183 7,75 -88 0 0 0
389999,1 286 0 6,8125 -84 0 0 0
397999,6 55 0 23,625 -80 0 0 0
385999 293 0 6,625 -86 0 0 0
388999,3 291 0 9,6875 -86 0 0 0
396999,1 162 0 1 -87 0 0 0
398999,6 162 0 8 -81 0 0 0
405015,3 21 0,695973 5,6875 -87 0 0 0
385999,1 292 0 6,4375 -86 0 0 0
386998,4 288 0 6,875 -84 0 0 0
388998,8 291 0 6,125 -86 0 0 0
389998,8 286 0 6,875 -84 0 0 0
391999,3 287 0 16,75 -80 0 0 0
392999,2 292 0 9,5 -77 0 0 0
386998,5 60 0 7,875 -83 0 0 0
389998,8 287 0 6,1875 -84 0 0 0
390998,9 55 0 1 -85 0 0 0
397999,7 290 0 44,6875 -80 0 0 0
385998,9 295 0 6,5625 -85 0 0 0
387998,7 61 0 8,5 -89 0 0 0
388999,3 295 0 9,5625 -86 0 0 0
391999,4 286 0 16,375 -80 0 0 0
393998,8 59 0 1 -77 0 0 0
387998,9 66 0 6,375 -89 0 0 0
388999,3 292 0,5209738 8,5625 -87 0 0 0
390998,8 292 0 1 -84 0 0 0
391999,3 287 0 16,9375 -80 0 0 0
393998,9 59 0 1 -77 0 0 0
394999,5 286 0 35,4375 -73 0 0 0
385999,1 292 0 5,625 -87 0 0 0
386998,6 290 0 6,3125 -83 0 0 0
388999,2 289 0 6,75 -87 0 0 0
389999,1 287 0 6,8125 -84 0 0 0
391999,3 286 0 14 -79 0 0 0
392999,2 291 0 9,5625 -77 0 0 0
394999,4 287 0 24,9375 -73 0 0 0
397999,6 154 0 23,375 -80 0 0 0
389998,7 162 0 6,5625 -84 0 0 0
390998,8 55 0 1 -84 0 0 0
392999,2 291 0 9,5625 -77 0 0 0
395999,3 296 0,5184062 10,1875 -75 0 0 0
396999 106 0 1 -87 0 0 0
398999,7 332 0 8,5625 -81 0 0 0
390998,8 55 0 1 -84 0 0 0
393998,9 100 0 1 -77 0 0 0
394999,5 288 0 33,75 -74 0 0 0
396999,2 162 0 1 -88 0 0 0
397999,6 291 0 23,5 -80 0 0 0
404999,9 211 0 15,3125 -93 0 0 0
385999 295 0 6,625 -86 0 0 0
386998,8 59 0 6,8125 -83 0 0 0
388999,3 294 0 8,375 -87 0 0 0
394999,5 286 0 35,25 -73 0 0 0
396999,2 330 0 1 -88 0 0 0
397999,5 154 0 16,25 -80 0 0 0
386998,7 292 0 7,75 -84 0 0 0
387998,9 55 0,6555324 6,1875 -89 0 0 0
389999,1 287 0 7,625 -84 0 0 0
390998,8 55 0 1 -84 0 0 0
397999,6 153 0 23,375 -80 0 0 0
398999,8 162 0 8,25 -81 0 0 0
385998,8 296 0 7,125 -86 0 0 0
386998,6 57 0 6,5625 -84 0 0 0
389998,9 288 0 7,1875 -84 0 0 0
391999,3 286 0 14 -79 0 0 0
392999,2 289 0 9,875 -77 0 0 0
386998,4 57 0 6,75 -83 0 0 0
389999,1 284 0 7,625 -84 0 0 0
390998,8 291 0 1 -84 0 0 0
398999,7 333 0 8,5625 -81 0 0 0
385999 290 0 6,3125 -85 0 0 0
388999,1 293 0 7,875 -86 0 0 0
390998,8 55 0 1 -84 0 0 0
391999,3 286 0 13,875 -79 0 0 0
393998,9 100 0 1 -77 0 0 0
385999 289 0 5,4375 -86 0 0 0
386998,6 289 0 8,125 -83 0 0 0
388999,2 292 0 6,6875 -87 0 0 0
389998,7 285 0 6,5625 -84 0 0 0
391999,3 288 0 14 -79 0 0 0
392999,3 292 0 9,3125 -77 0 0 0
394999,5 286 0 35,625 -73 0 0 0
405000,6 220 0 15,0625 -92 0 0 0
409063,2 86 0 16,8125 -89 0 0 0
386998,6 290 0 7,25 -83 0 0 0
390998,8 55 0 1 -84 0 0 0
392999 291 0 9,375 -77 0 0 0
395999,5 295 0,6403156 10,0625 -75 0 0 0
398999,6 333 0 8 -81 0 0 0
389998,9 284 0 6,4375 -84 0 0 0
390998,8 294 0 1 -84 0 0 0
392999,2 291 0,5242244 9,6875 -77 0 0 0
393998,9 59 0 1 -77 0 0 0
395999,6 296 0 12,8125 -75 0 0 0
396999,1 162 0 1 -86 0 0 0
398999,7 336 0 10,5625 -81 0 0 0
407023,6 105,986 0,6505631 21,375 -61 0,9859848 0 0
388999,2 292 0 10,375 -86 0 0 0
390998,8 55 0 1 -83 0 0 0
391999,4 286 0 26,6875 -79 0 0 0
393998,9 292 0 10,3125 -73 0 0 0
394999,4 162 0 36,5625 -73 0 0 0
396999 287 0 1 -86 0 0 0
397999,5 55 0 24,625 -80 0 0 0
386998,1 290 0 1 -89 0 0 0
392999,3 293 0 12 -77 0 0 0
394999,5 286 0 37,25 -73 0 0 0
395999,4 295 0,5468745 14 -76 0 0 0
399000 162 0 12,3125 -81 0 0 0
389998,8 287 0 8,5 -83 0 0 0
390998,7 292 0 1 -83 0 0 0
392999,2 292 0 11,0625 -77 0 0 0
393998,9 58 0 10,1875 -73 0 0 0
396999 162 0 1 -86 0 0 0
398999,7 333 0 8,5625 -81 0 0 0
407025 105 0,6185381 14,75 -61 0 0 0
385999,1 293 0 7,1875 -85 0 0 0
386998,7 290 0 7,75 -84 0 0 0
389998,9 287 0 8,1875 -84 0 0 0
391999,3 287 0 14 -79 0 0 0
392999,3 288 0 10,3125 -77 0 0 0
394999,5 286 0 35,625 -73 0 0 0
395999,5 296 0 10,25 -75 0 0 0
397999,6 154 0 23,75 -80 0 0 0
398999,8 334 0 8,25 -81 0 0 0
407076,7 94 0 1 -88 0 0 0
407075,5 191 0 7,4375 -84 0 0 0
386998,5 59 0 7 -83 0 0 0
389998,9 285 0 8,1875 -84 0 0 0
390998,8 291 0 1 -84 0 0 0
392999,2 291 0 9,5625 -77 0 0 0
398999,4 331 0 8,375 -81 0 0 0
407075,9 190 0 20,125 -83 0 0 0
407076,6 190 0 1 -86 0 0 0
385998,8 291 0 7,6875 -87 0 0 0
392999,2 291 0 9,4375 -77 0 0 0
393999,1 59 0 16,5625 -77 0 0 0
394999,3 286 0 19,1875 -81 0 0 0
395999,3 295 0,5015942 10,3125 -75 0 0 0
398999,8 108 0 9,625 -81 0 0 0
407076,3 188 0 3,875 -84 0 0 0
389998,8 288 0 6,1875 -84 0 0 0
390998,8 55 0 1 -84 0 0 0
392999,2 291 0 9,5625 -77 0 0 0
393998,9 101 0 1 -77 0 0 0
395999,3 296 0 10,1875 -75 0 0 0
396999,1 103 0 1 -87 0 0 0
385999 295 0 7,4375 -85 0 0 0
388999,2 292 0 6,625 -87 0 0 0
390998,9 55 0 1 -85 0 0 0
391999,4 286 0 16,625 -80 0 0 0
393998,9 295 0 1 -77 0 0 0
394999,5 162 0 24,5625 -73 0 0 0
385999,1 293 0 6,75 -87 0 0 0
386998,4 59 0 6 -84 0 0 0
388999,1 292 0 5,625 -87 0 0 0
391999,4 287 0 16,625 -80 0 0 0
397999,6 156 0 23,5 -80 0 0 0
386998,8 63 0 9,4375 -84 0 0 0
391999,4 287 0 16,625 -80 0 0 0
392999,3 292 0 9,25 -77 0 0 0
394999,5 286 0 35,625 -73 0 0 0
395999,3 295 0 9,75 -76 0 0 0
397999,7 157 0 42,125 -81 0 0 0
386998,6 288 0 7,25 -83 0 0 0
389998,9 278 0 7,0625 -83 0 0 0
390998,9 292 0 1 -85 0 0 0
392999,2 291 0 9,6875 -77 0 0 0
393998,9 58 0 1 -77 0 0 0
395999,3 296 0 10,3125 -75 0 0 0
396999,1 341 0 1 -88 0 0 0
398999,7 342 0 7,6875 -81 0 0 0
405015,1 30 0,7400176 5,9375 -85 0 0 0
405015,3 27 0,6196315 6,1875 -85 1 0 0
386998,6 291 0 6,3125 -83 0 0 0
389998,7 287 0 6,5625 -84 0 0 0
390998,8 58 0 1 -84 0 0 0
393998,9 293 0 1 -77 0 0 0
395999,3 296 0 10,125 -75 0 0 0
396999,1 162 0 1 -87 0 0 0
398999,8 107 0 9,25 -81 0 0 0
385999,1 295 0 6,25 -86 0 0 0
390998,8 296 0 1 -84 0 0 0
391999,4 287 0 16,1875 -80 0 0 0
398999,6 333 0 8 -81 0 0 0
385999,1 293 0 8 -86 0 0 0
390998,8 55 0 1 -84 0 0 0
391999,3 287 0 13,75 -79 0 0 0
393998,8 100 0 1 -77 0 0 0
394999,4 286 0 24,75 -73 0 0 0
391999,3 288 0 13,75 -79 0 0 0
393998,9 291 0 1 -77 0 0 0
394999,4 289 0 24,75 -73 0 0 0
396999,1 332 0 1 -88 0 0 0
397999,6 55 0 23,25 -80 0 0 0
385999 295 0 8,3125 -86 0 0 0
386998,9 61 0 7,0625 -83 0 0 0
388999,3 292 0 8,5625 -87 0 0 0
389998,9 286 0 7,1875 -84 0 0 0
391999,4 286 0 24,4375 -80 0 0 0
392999,2 292 0 9,4375 -77 0 0 0
395999,3 293 0,5332105 10,0625 -75 0 0 0
397999,6 55 0 43 -81 0 0 0
386998,5 292 0 6,375 -84 0 0 0
389998,8 284 0 7,75 -84 0 0 0
390998,9 293 0 1 -85 0 0 0
392999,3 292 0 9,875 -77 0 0 0
398999,9 331 0 9 -81 0 0 0
392999,2 288 0 9,4375 -77 0 0 0
394999,5 286 0 37,5 -73 0 0 0
395999,5 295 0 10,125 -75 0 0 0
397999,7 36 0 42,3125 -81 0 0 0
398999,7 342 0 8,5625 -81 0 0 0
405015,2 44 0 5,6875 -86 0 0 0
388999,2 294 0,5023584 6,5 -87 0 0 0
391999,3 287 0 18,125 -79 0 0 0
393998,9 100 0 1 -77 0 0 0
394999,4 162 0 24,75 -73 0 0 0
396999,1 331 0 1 -87 0 0 0
397999,6 55 0 23,5 -80 0 0 0
405015,2 30 0,8239332 4,9375 -89 0 0 0
385999,1 290 0,5373961 7,75 -86 0 0 0
386998,7 293 0 6,5 -83 0 0 0
388999,2 296 0,5562199 7,625 -86 0 0 0
391999,4 286 0 16,625 -80 0 0 0
392999,2 292 0 9,5 -77 0 0 0
394999,5 286 0 35,4375 -73 0 0 0
386998,7 291 0 6,875 -84 0 0 0
389998,9 286 0 7,1875 -84 0 0 0
390998,8 293 0 1 -84 0 0 0
397999,6 290 0 23,625 -80 0 0 0
398999,7 332 0 8,5625 -81 0 0 0
385999,1 55 0 6,3125 -86 0 0 0
388999,2 294 0 6,75 -87 0 0 0
391999,3 286 0 14 -79 0 0 0
393998,9 292 0 1 -77 0 0 0
389998,8 287 0 6,1875 -84 0 0 0
390998,8 58 0 1 -84 0 0 0
392999,2 59 0 10 -77 0 0 0
393998,9 58 0 1 -77 0 0 0
395999,5 296 0 10,1875 -75 0 0 0
396999,1 283 0 1 -87 0 0 0
398999,8 335 0 7,4375 -81 0 0 0
405015,4 31 0,6859744 5,375 -86 0 0 0
386998,5 290 0 7 -83 0 0 0
389998,9 287 0 7,0625 -83 0 0 0
390998,8 292 0 1 -84 0 0 0
392999,3 289 0 9,375 -77 0 0 0
393998,9 58 0 1 -77 0 0 0
396999,1 162 0 1 -87 0 0 0
398999,8 108 0 8,25 -81 0 0 0
388998,9 295 0 6,9375 -86 0 0 0
390998,9 55 0 1 -85 0 0 0
393998,9 59 0 1 -77 0 0 0
394999,5 286 0 35,625 -73 0 0 0
396999,2 284 0 1 -88 0 0 0
397999,6 345 0 23,5 -80 0 0 0
405000 94 0,7780473 14,6875 -93 0 0 0
389998,9 286 0 7,1875 -84 0 0 0
391999,4 288 0 17,6875 -79 0 0 0
392999 290 0 9,875 -77 0 0 0
394999,4 286 0 24,75 -73 0 0 0
395999,3 296 0 10,75 -75 0 0 0
397999,6 291 0 23,625 -80 0 0 0
405015,3 24 0,6954178 5,5625 -85 0 0 0
385999,1 294 0 6,3125 -86 0 0 0
392999,3 291 0 10,25 -77 0 0 0
393998,9 58 0 1 -77 0 0 0
395999,5 295 0 10,25 -75 0 0 0
398999,9 331 0 9 -81 0 0 0
403224,9 198 0,5217739 1 -86 0 0 0
385998,9 293 0 5,8125 -86 0 0 0
388999,1 294 0,5138522 6,875 -87 0 0 0
390998,8 58 0 11,125 -85 0 0 0
396999,1 106 0 1 -87 0 0 0
398999,9 342 0 14,9375 -84 0 0 0
386998,5 58 0 6,375 -84 0 0 0
389998,7 287 0 5,9375 -85 0 0 0
390998,9 293 0 1 -85 0 0 0
392999,3 286 0 10 -77 0 0 0
398999,8 332 0 8,25 -81 0 0 0
405015,3 29 0,7705235 6,1875 -85 1 0 0
386998,6 290 0 7,25 -83 0 0 0
389998,8 162 0 6,1875 -84 0 0 0
390998,8 56 0 1 -84 0 0 0
392999,2 292 0 9,6875 -77 0 0 0
393998,9 101 0 1 -77 0 0 0
385999,1 295 0 6,3125 -86 0 0 0
388999,1 102 0 7,125 -87 0 0 0
390998,8 57 0 1 -85 0 0 0
391999,4 286 0 16,375 -80 0 0 0
393998,9 295 0 1 -77 0 0 0
394999,4 286 0 24,9375 -73 0 0 0
385999,1 296 0 6,4375 -86 0 0 0
387998,9 162 0 6,25 -89 0 0 0
388999,1 100 0 6,875 -87 0 0 0
390998,8 57 0 1 -84 0 0 0
393998,9 100 0 1 -77 0 0 0
394999,5 162 0 34,125 -74 0 0 0
396999 171 0 1 -87 0 0 0
385998,9 294 0 6,5625 -85 0 0 0
386998,4 61 0 6,875 -84 0 0 0
388999,2 292 0 6,75 -87 0 0 0
389998,9 287 0 6,4375 -84 0 0 0
391999,4 286 0 24,0625 -80 0 0 0
392999,3 291 0 10,125 -77 0 0 0
395999,5 294 0 10,0625 -75 0 0 0
397999,6 153 0 23,5 -80 0 0 0
405015,3 26 0,6713688 6,1875 -85 0 0 0
385998,9 294 0 6,75 -86 0 0 0
388999,1 294 0 7,125 -87 0 0 0
390998,8 55 0 1 -86 0 0 0
392999,2 292 0 19,4375 -85 0 0 0
393998,9 295 0 18,3125 -78 0 0 0
394999,5 286 0 24,5625 -73 0 0 0
397999,6 290 0 23,25 -80 0 0 0
407025,3 162 0 7,125 -84 0 0 0
389998,9 287 0 8,1875 -84 0 0 0
390998,8 55 0 1 -84 0 0 0
392999 291 0 9 -77 0 0 0
395999,6 294 0 10 -75 0 0 0
396999 333 0 1 -87 0 0 0
398999,6 332 0 10,0625 -81 0 0 0
388999,2 291 0,5221875 7,5625 -86 0 0 0
390998,9 56 0 1 -85 0 0 0
391999,3 286 0 13,75 -79 0 0 0
393998,9 59 0 1 -77 0 0 0
394999,5 286 0 35,4375 -73 0 0 0
396999,1 341 0 1 -87 0 0 0
397999,6 154 0 23,375 -80 0 0 0
405015,5 18 0,6186723 5,9375 -86 0 0 0
389998,8 286 0 7,75 -84 0 0 0
391999,4 289 0 24,9375 -80 0 0 0
392999,3 291 0 9,3125 -77 0 0 0
394999,4 162 0 36,625 -74 0 0 0
395999,5 295 0 10,0625 -75 0 0 0
397999,5 290 0 23,125 -81 0 0 0
398999,8 162 0 8,875 -80 0 0 0
386998,7 290 0 9,625 -87 0 0 0
389999,1 287 0 12,1875 -88 0 0 0
390998,9 55 0 1 -85 0 0 0
391999,6 288 0 7,625 -86 0 0 0
392999,2 292 0 18,6875 -82 0 0 0
393998,9 290 0 1 -77 0 0 0
394999,4 286 0 18,3125 -79 0 0 0
395999,7 298 0,5275158 24,8125 -82 0 0 0
396999 162 0 1 -87 0 0 0
385999,2 295 0 7,4375 -86 0 0 0
388999,2 290 0 6,6875 -87 0 0 0
390999 55 0 1 -86 0 0 0
394999,5 287 0 24,4375 -73 0 0 0
397999,6 55 0 23,625 -80 0 0 0
398999,3 330 0 12,1875 -88 0 0 0
386998,5 59 0 7 -83 0 0 0
388998,9 289 0,6431578 6,9375 -86 0 0 0
389998,8 288 0 6,1875 -84 0 0 0
391999,3 286 0 13,75 -79 0 0 0
394999,4 286 0 24,9375 -73 0 0 0
395999,3 296 0 9,75 -75 0 0 0
397999,6 55 0 23,375 -80 0 0 0
398999,7 342 0 8,5625 -81 0 0 0
385999,1 292 0 6,4375 -86 0 0 0
386998,4 293 0 6,75 -83 0 0 0
388999,3 295 0 8,5625 -87 0 0 0
389998,8 286 0 6,1875 -84 0 0 0
391999,3 286 0 14 -79 0 0 0
392999,2 291 0 9,6875 -77 0 0 0
395999,5 294 0 10,125 -75 0 0 0
386998,7 290 0 7,75 -84 0 0 0
395999,5 296 0 10,0625 -75 0 0 0
397999,6 288 0 23,3125 -80 0 0 0
398999,8 334 0 8,25 -81 0 0 0
405015,2 25 0,667598 5,75 -85 1 0 0
386998,9 291 0 7,0625 -83 0 0 0
389998,7 286 0 6,5625 -84 0 0 0
390998,8 55 0 1 -84 0 0 0
392999,3 291 0,5249947 9,5625 -77 0 0 0
393998,9 57 0 1 -77 0 0 0
395999,5 292 0,5447263 10,25 -75 0 0 0
396999,1 279 0 1 -87 0 0 0
398999,8 329 0 9,25 -81 0 0 0
405015,1 26 0,602936 5,25 -86 1 0 0
407075,9 306 0 11,125 -85 0 0 0
385999,1 295 0 8 -86 0 0 0
388999,2 291 0 9,0625 -87 0 0 0
390998,8 55 0 1 -84 0 0 0
391999,4 286 0 26,1875 -79 0 0 0
393998,9 100 0 17,4375 -75 0 0 0
394999,5 286 0 36,875 -73 0 0 0
396001,1 153 0 19,0625 -89 0 0 0
396999 101 0 10,3125 -85 0 0 0
386998,2 97 0 1 -89 0 0 0
389998,9 279 0,5390848 8,1875 -84 0 0 0
390998,8 293 0 1 -84 0 0 0
392999,3 291 0 11,9375 -77 0 0 0
393999 101 0 10,125 -73 0 0 0
407076 189 0 17,8125 -84 0 0 0
407076,3 192 0 3,5 -85 0 0 0
385998,9 292 0 8,5625 -86 0 0 0
390998,8 55 0 1 -84 0 0 0
391999,4 287 0 26,6875 -79 0 0 0
393998,9 100 0 10,375 -73 0 0 0
398999,8 333 0 11 -81 0 0 0
388999,1 290 0 7 -87 0 0 0
389999,5 288 0 10,6875 -88 0 0 0
390998,6 144 0 4,5625 -87 0 0 0
391999,4 286 0 16,1875 -80 0 0 0
392999,2 55 0 16,375 -81 0 0 0
393999 292 0 20,625 -80 0 0 0
397999,8 100 0 15,75 -89 0 0 0
398999,3 334 0 18,9375 -85 0 0 0
407025,1 106 0,5912498 13,8125 -61 0 0 0
385998,9 293 0 6,9375 -86 0 0 0
386998,6 60 0 6,5625 -84 0 0 0
388999,2 293 0 7,4375 -88 0 0 0
391999,3 286 0 16,9375 -80 0 0 0
392999,2 291 0 9,4375 -77 0 0 0
394999,6 286 0 65,375 -74 0 0 0
395999,5 296 0 10,25 -75 0 0 0
389998,7 287 0 9,4375 -85 0 0 0
390998,8 292 0 1 -84 0 0 0
392999,4 59 0 14,6875 -79 0 0 0
393998,8 58 0 1 -77 0 0 0
394998,9 59 0 16,25 -86 0 0 0
395999,7 295 0 18,0625 -78 0 0 0
396999 332 0 1 -87 0 0 0
399000,2 342 0 14,5625 -84 0 0 0
409063,4 226 0 9,3125 -89 0 0 0
389998,8 287 0 6,8125 -83 0 0 0
390998,8 55 0 1 -84 0 0 0
392999,3 292 0 9,375 -77 0 0 0
393998,9 59 0 1 -77 0 0 0
395999,5 294 0 10,1875 -75 0 0 0
396999 162 0 1 -87 0 0 0
385999 293 0 6,625 -86 0 0 0
388999,2 295 0 7,625 -86 0 0 0
391999,3 285 0 13,875 -79 0 0 0
393998,9 293 0 1 -77 0 0 0
394999,5 162 0 24,5625 -73 0 0 0
407024,2 56 0,6325074 20 -88 1 0 0
385999 292 0 6,5 -86 0 0 0
386998,5 60 0 6,375 -84 0 0 0
388999,3 289 0 6,4375 -87 0 0 0
391999,4 287 0 24,0625 -80 0 0 0
392999,2 292 0 9,5 -77 0 0 0
386998,8 60 0 6,8125 -83 0 0 0
389998,8 284 0 6,875 -84 0 0 0
390998,8 57 0 1 -84 0 0 0
392999,2 289 0 9,4375 -77 0 0 0
393998,9 100 0 1 -77 0 0 0
385999,1 295 0 6,4375 -86 0 0 0
388999,2 296 0 6,6875 -87 0 0 0
390998,9 55 0 1 -85 0 0 0
394999,4 286 0 24,75 -73 0 0 0
403225,1 91 0 1 -87 0 0 0
403227,6 198 0 16,9375 -84 0 0 0
385999 293 0 6,625 -86 0 0 0
388999,2 293 0 6,75 -87 0 0 0
389999,1 162 0 6,8125 -84 0 0 0
391999,4 286 0 16,5 -80 0 0 0
392999,2 292 0 9,6875 -77 0 0 0
394999,5 289 0 35,4375 -73 0 0 0
395999,3 295 0 10,375 -75 0 0 0
403224,6 198 0,5034286 35,4375 -83 0 0 0
407024,1 167 0,657142 17,4375 -89 0 0 0
386999 61 0 7,625 -84 0 0 0
389998,9 289 0 7,0625 -83 0 0 0
390998,8 55 0 1 -84 0 0 0
392999,2 292 0 9,6875 -77 0 0 0
393998,8 58 0 1 -77 0 0 0
395999,5 296 0 10,0625 -75 0 0 0
396999,2 341 0 1 -88 0 0 0
403226,4 198 0 7,75 -82 0 0 0
385998,8 292 0 5,9375 -86 0 0 0
388999,2 291 0 6,625 -87 0 0 0
390998,8 292 0 1 -84 0 0 0
391999,3 286 0 14 -79 0 0 0
393998,8 58 0 1 -77 0 0 0
394999,5 286 0 35,4375 -73 0 0 0
396999,2 336 0 1 -88 0 0 0
397999,6 291 0 23,5 -80 0 0 0
403224,4 197 0 19,375 -83 0 0 0
403227,1 198 0 10,625 -82 0 0 0
407024 40 0 13,375 -87 0 0 0
407024,2 33 0 20,625 -88 0 0 0
385998,9 295 0 6,9375 -86 0 0 0
386998,7 288 0 7,5625 -83 0 0 0
388999 293 0,5184299 6,75 -86 0 0 0
389999,2 288 0 5,8125 -84 0 0 0
391999,3 287 0 14 -79 0 0 0
392999,3 291 0 9,5625 -77 0 0 0
394999,5 288 0 35,25 -73 0 0 0
395999,5 163 0 10,3125 -76 0 0 0
397999,6 290 0 23,875 -80 0 0 0
403225,8 198 0 7,6875 -81 0 0 0
389999,1 162 0 6,8125 -84 0 0 0
390998,8 55 0 1 -84 0 0 0
392999,2 292 0 9,6875 -77 0 0 0
393998,9 58 0 1 -77 0 0 0
395999,3 295 0 10,1875 -75 0 0 0
407025,1 55 0,6615898 22,875 -89 0 0 0
385999,1 293 0 6,4375 -86 0 0 0
388999,2 293 0 7,5625 -86 0 0 0
390998,8 55 0 1 -83 0 0 0
391999,4 287 0 16,625 -80 0 0 0
393998,9 57 0 1 -77 0 0 0
403226,7 198 0 11,1875 -82 0 0 0
405015,3 28 0,7876531 5,5 -86 0 0 0
405015,2 21 0,6860211 5,0625 -86 0 0 0
385998,9 295 0 7,625 -85 0 0 0
386998,5 288 0 7 -83 0 0 0
388999,2 289 0,5276403 6,6875 -87 0 0 0
389998,9 287 0 7,0625 -83 0 0 0
391999,4 287 0 17,5625 -79 0 0 0
392999,3 292 0 9,4375 -77 0 0 0
394999,4 287 0 24,75 -73 0 0 0
395999,3 296 0 10,375 -75 0 0 0
405015,5 27 0,6851536 5,9375 -86 1 0 0
385999 297 0 10,1875 -89 0 0 0
386998,5 292 0 7 -83 0 0 0
388998,8 101 0 7,625 -89 0 0 0
389998,9 286 0 7,1875 -84 0 0 0
390998,6 294 0 11,1875 -89 0 0 0
391999,3 288 0 21 -83 0 0 0
392999,2 58 0 9,4375 -77 0 0 0
393999 290 0 20 -80 0 0 0
394999,4 286 0 16,375 -77 0 0 0
395999,3 299 0,5111144 10,3125 -75 0 0 0
397999,8 292 0 7 -85 0 0 0
386998,5 293 0 7 -83 0 0 0
389998,9 287 0 6,4375 -84 0 0 0
390998,8 55 0 1 -84 0 0 0
392999,3 56 0 10,0625 -77 0 0 0
393998,9 59 0 1 -77 0 0 0
395999,5 295 0 10,1875 -75 0 0 0
396999 107 0 1 -87 0 0 0
398999,7 340 0 8,5625 -81 0 0 0
407024,2 30 0 24,0625 -87 0 0 0
391999,4 287 0 16,5 -80 0 0 0
393000,7 162 0 16,8125 -89 0 0 0
393999,2 295 0 13,9375 -75 0 0 0
394999,4 286 0 24,75 -73 0 0 0
395998,7 298 0 14,875 -86 0 0 0
396998,9 109 0 1 -87 0 0 0
397999,6 156 0 23,375 -80 0 0 0
405000,2 77 0 15,1875 -93 0 0 0
407073,5 306 0 1 -87 0 0 0
385999,1 295 0 8 -86 0 0 0
393998,9 290 0 1 -77 0 0 0
395999,6 294 0 10,25 -76 0 0 0
396998,9 337 0 1 -87 0 0 0
385999 294 0 5,625 -86 0 0 0
387998,8 284 0 7,3125 -88 0 0 0
388999,2 292 0 7,625 -86 0 0 0
391999,4 286 0 16,5 -80 0 0 0
398999,7 332 0 8,5625 -81 0 0 0
385999 294 0 8,125 -86 0 0 0
389999,1 288 0 6,8125 -84 0 0 0
391999,3 286 0 13,875 -79 0 0 0
392999,3 58 0 9,4375 -77 0 0 0
394999,5 287 0 33,75 -74 0 0 0
397999,6 291 0 23,25 -80 0 0 0
390998,8 55 0 1 -84 0 0 0
392999,2 289 0 9,5625 -77 0 0 0
393998,9 59 0 1 -77 0 0 0
395999,5 295 0 10,1875 -75 0 0 0
396999,1 331 0 1 -87 0 0 0
398999,7 332 0 8,5625 -81 0 0 0
385999,1 296 0 6,4375 -86 0 0 0
386998,8 60 0 6,8125 -83 0 0 0
388999,1 290 0,5832476 6,3125 -86 0 0 0
389998,9 162 0 6,4375 -84 0 0 0
393998,9 100 0 1 -77 0 0 0
396999,1 108 0 1 -87 0 0 0
405014,8 34 0,5440367 5,75 -87 0 0 0
385999,2 57 0 7,625 -86 0 0 0
388999,2 294 0 7,625 -86 0 0 0
390998,9 62 0 1 -85 0 0 0
391999,3 286 0 14 -79 0 0 0
393998,8 100 0 1 -77 0 0 0
394999,5 286 0 35,4375 -73 0 0 0
386999 59 0 7,4375 -83 0 0 0
390998,9 55 0 10,625 -86 0 0 0
391999,3 288 0 30,5 -86 0 0 0
392999,2 292 0 9,6875 -77 0 0 0
393999,1 290 0 17,0625 -77 0 0 0
394999,7 286 0 23,1875 -81 0 0 0
395999,5 296 0 10,25 -75 0 0 0
398999,9 336 0 9 -81 0 0 0
407023,9 284 0 9,25 -87 0 0 0
386998,7 293 0 6,875 -84 0 0 0
389998,9 288 0 6,4375 -84 0 0 0
390998,8 55 0 1 -84 0 0 0
392999,3 289 0 9,3125 -77 0 0 0
393998,9 290 0 1 -77 0 0 0
396999 162 0 1 -87 0 0 0
398999,8 332 0 8,25 -81 0 0 0
385999,1 294 0 7,125 -85 0 0 0
387998,8 55 0,5160788 7,3125 -88 0 0 0
388999,3 293 0 8,3125 -87 0 0 0
390998,8 295 0 1 -84 0 0 0
391999,3 286 0 13,875 -79 0 0 0
385998,9 294 0 6,9375 -86 0 0 0
386998,7 290 0 7,5625 -83 0 0 0
388999,2 291 0 6,6875 -87 0 0 0
396999 284 0 1 -87 0 0 0
397999,6 290 0 21,8125 -81 0 0 0
386998,7 291 0 7,75 -84 0 0 0
389998,8 286 0 6,875 -84 0 0 0
392999,2 292 0,5185151 9,4375 -77 0 0 0
394999,5 285 0 35,625 -73 0 0 0
395999,5 295 0 10,5 -76 0 0 0
397999,6 154 0 23,25 -80 0 0 0
386998,6 289 0 7,25 -83 0 0 0
390998,8 293 0 1 -84 0 0 0
392999,3 291 0 10 -77 0 0 0
395999,5 296 0 10,25 -75 0 0 0
396999 283 0 1 -86 0 0 0
398999,9 334 0 9 -81 0 0 0
385998,9 294 0 7,625 -85 0 0 0
388999,2 292 0 6,75 -87 0 0 0
390998,8 294 0 1 -84 0 0 0
391999,3 287 0 13,75 -79 0 0 0
394999,5 285 0 35,625 -73 0 0 0
405015 30 0,6404342 4,75 -86 0 0 0
385999 294 0 6,5 -86 0 0 0
386998,7 58 0 6,5 -83 0 0 0
388999,1 289 0 7 -87 0 0 0
396999,1 288 0 1 -87 0 0 0
397999,6 290 0 21,9375 -81 0 0 0
388999,2 293 0 6,75 -87 0 0 0
389998,8 287 0 7,75 -84 0 0 0
391999,3 286 0 18,125 -79 0 0 0
394999,5 287 0 24,5625 -73 0 0 0
395999,3 296 0 10,125 -75 0 0 0
397999,6 56 0 23,375 -80 0 0 0
398999,7 108 0 8,5625 -81 0 0 0
386998,6 59 0 6,5625 -84 0 0 0
389998,7 162 0 6,5625 -84 0 0 0
390998,8 55 0 1 -84 0 0 0
393998,9 59 0 1 -77 0 0 0
395999,3 296 0 10,3125 -75 0 0 0
396999,1 335 0 1 -87 0 0 0
385998,9 292 0 6,5625 -85 0 0 0
388999,2 293 0 7,625 -86 0 0 0
390998,9 55 0 1 -85 0 0 0
391999,3 288 0 13,875 -79 0 0 0
393998,9 58 0 1 -77 0 0 0
394999,5 287 0 35,625 -73 0 0 0
396999,1 162 0 1 -87 0 0 0
397999,5 100 0 16,75 -80 0 0 0
405015,5 33 0,7720261 5,9375 -86 0 0 0
385998,9 297 0 10,6875 -89 0 0 0
388999,2 294 0 19,0625 -89 0 0 0
389998,9 284 0 8,5625 -82 0 0 0
390998,2 297 0,5013646 13 -89 0 0 0
391999,6 287 0 6,9375 -83 0 0 0
392999 289 0,5181445 11,125 -77 0 0 0
393999 57 0 20,75 -80 0 0 0
394999,3 286 0 19,1875 -77 0 0 0
395999,6 295 0 12,8125 -75 0 0 0
397999,8 55 0 13,25 -85 0 0 0
405015 28 0,7175446 7 -85 0 0 0
386998,3 289 0 1 -89 0 0 0
389999,1 285 0 8,75 -84 0 0 0
390998,7 292 0 1 -83 0 0 0
392999,2 289 0 11,875 -77 0 0 0
393998,9 58 0 10,1875 -73 0 0 0
395999,6 294 0 14,375 -75 0 0 0
396999 336 0 1 -86 0 0 0
398999,7 290 0 10,75 -81 0 0 0
385999 296 0 8,125 -86 0 0 0
387998,7 55 0 8,5 -89 0 0 0
388999,1 296 0,5908654 8 -86 0 0 0
390998,8 56 0 1 -83 0 0 0
391999,4 287 0 26,6875 -79 0 0 0
393999 100 0 10,625 -73 0 0 0
394999,4 287 0 36,625 -73 0 0 0
385998,8 56 0 6,6875 -85 0 0 0
386999 64 0 9,75 -86 0 0 0
388999,1 288 0 6,5 -86 0 0 0
389998,8 287 0 11 -86 0 0 0
391999,4 287 0 16,625 -80 0 0 0
392999,2 59 0 13 -79 0 0 0
394000,2 287 0 18,3125 -88 0 0 0
394999,4 286 0 24,75 -73 0 0 0
395999,6 295 0 14,1875 -77 0 0 0
405015,4 23 0,5042248 5,875 -85 1 0 0
385998,8 295 0 5,875 -85 0 0 0
386998,7 290 0 7,75 -84 0 0 0
388999,2 291 0,5266925 6,6875 -87 0 0 0
389998,9 286 0 7,1875 -84 0 0 0
391999,3 288 0 14 -79 0 0 0
392999,3 291 0 10,25 -77 0 0 0
394999,5 162 0 35,25 -73 0 0 0
395999,6 295 0 10,6875 -75 0 0 0
386998 295 0 1 -89 0 0 0
389998,8 286 0 10,0625 -85 0 0 0
390998,8 55 0 1 -84 0 0 0
392999,2 58 0 13 -79 0 0 0
393998,9 292 0 1 -77 0 0 0
385999,2 294 0 7,625 -86 0 0 0
388999,1 295 0 8 -86 0 0 0
389998,9 288 0 9,4375 -84 0 0 0
391999,3 288 0 13,875 -79 0 0 0
392999,2 289 0 12 -78 0 0 0
394999,5 162 0 35,8125 -73 0 0 0
403224,9 198 0 1 -85 0 0 0
385999 293 0 6,5 -86 0 0 0
386998,7 289 0 7,75 -84 0 0 0
388999,1 290 0,589875 7 -87 0 0 0
391999,3 287 0 18,125 -79 0 0 0
394999,4 286 0 25,125 -73 0 0 0
395999,3 126 0 10,1875 -75 0 0 0
403224,7 198 0 1 -84 0 0 0
386998,9 289 0 7,1875 -84 0 0 0
387998,9 162 0 7,4375 -88 0 0 0
390998,8 57 0 1 -84 0 0 0
392999 292 0 10,4375 -77 0 0 0
393998,9 100 0 1 -77 0 0 0
395999,5 295 0 10,125 -75 0 0 0
396999,1 162 0 1 -88 0 0 0
398999,8 162 0 9,25 -81 0 0 0
403224,7 92 0 4,875 -82 0 0 0
388999,1 293 0,5465857 9,25 -87 0 0 0
390998,9 294 0 1 -85 0 0 0
391999,3 287 0 17,8125 -80 0 0 0
392978,1 342 0 21,1875 -93 0 0 0
393998,9 295 0 1 -77 0 0 0
394999,6 285 0 68,1875 -74 0 0 0
396999,1 162 0 1 -87 0 0 0
397999,6 156 0 46 -80 0 0 0
403224,8 198 0,5203201 1 -84 0 0 0
385999,1 292 0 6,875 -87 0 0 0
388999,1 288 0 7,875 -86 0 0 0
390998,9 293 0 1 -85 0 0 0
395999,5 296 0 10,5 -76 0 0 0
398999,9 331 0 9 -81 0 0 0
403227,7 198 0 32,3125 -84 0 0 0
403225,8 198 0 7,9375 -82 0 0 0
385998,9 295 0 6,9375 -86 0 0 0
386998,6 59 0 7,25 -83 0 0 0
388999,2 293 0 8,875 -87 0 0 0
391999,3 286 0 17,0625 -80 0 0 0
397999,7 153 0 42 -81 0 0 0
403224,9 198 0 1 -84 0 0 0
387998,7 103 0 16,4375 -89 0 0 0
389998,8 286 0,5112568 7,75 -84 0 0 0
390998,8 58 0 1 -84 0 0 0
392999 292 0 10,5 -78 0 0 0
398999,8 342 0 9,625 -81 0 0 0
403224 197 0 9,75 -83 0 0 0
403225,6 198 0 11,8125 -83 0 0 0
385999,1 295 0 8 -86 0 0 0
387999 337 0 6 -88 0 0 0
388999 293 0 6,75 -86 0 0 0
390998,9 55 0 1 -85 0 0 0
391999,2 286 0 14,5 -79 0 0 0
393998,9 58 0 1 -77 0 0 0
394999,5 286 0 35,625 -73 0 0 0
385998,9 294 0 6,75 -86 0 0 0
386998,8 292 0 6,8125 -83 0 0 0
388999,2 292 0 6,75 -87 0 0 0
389998,9 286 0 8,1875 -84 0 0 0
394999,5 287 0 35,8125 -73 0 0 0
395999,5 294 0 10,6875 -76 0 0 0
397999,6 55 0 24,0625 -80 0 0 0
398999,7 331 0 9,25 -80 0 0 0
385999,1 294 0 6,875 -87 0 0 0
386998,6 292 0 7,4375 -84 0 0 0
388999,1 293 0,5966615 6,25 -86 0 0 0
389998,8 288 0 7,75 -84 0 0 0
391999,4 287 0 23,875 -80 0 0 0
392999,3 291 0 11,0625 -77 0 0 0
394999,5 286 0 35,625 -73 0 0 0
395999,3 295 0 10,125 -75 0 0 0
397999,6 157 0 23,625 -80 0 0 0
386998,5 58 0 7 -83 0 0 0
389998,9 162 0 7,1875 -84 0 0 0
390998,9 55 0 1 -85 0 0 0
392999,2 59 0 10,3125 -77 0 0 0
393998,9 58 0 1 -77 0 0 0
385998,8 55 0 7,125 -86 0 0 0
386998,7 58 0 7,5625 -83 0 0 0
388999,1 293 0 6,5 -86 0 0 0
389998,8 287 0 7,75 -84 0 0 0
391999,3 286 0 14 -79 0 0 0
392999,3 292 0 10,875 -77 0 0 0
394999,5 162 0 35,8125 -73 0 0 0
385999 293 0 8,125 -86 0 0 0
386998,6 288 0 6,5625 -84 0 0 0
389998,9 162 0 7,1875 -84 0 0 0
391999,4 288 0 23,75 -80 0 0 0
392999,2 148 0,5068077 10,3125 -77 0 0 0
405014,9 32 0,5896372 6,625 -87 0 0 0
386998,9 291 0 7,1875 -84 0 0 0
389999,1 286 0 7,625 -84 0 0 0
390998,8 55 0 1 -84 0 0 0
392999,2 59 0 10,3125 -77 0 0 0
398999,8 333 0 9,25 -81 0 0 0
405014,9 29 0,6671613 7,8125 -87 0 0 0
385999,1 293 0 8 -86 0 0 0
388999,1 290 0 7,125 -87 0 0 0
396999,2 108 0 1 -88 0 0 0
398999,8 342 0 9,625 -81 0 0 0
385999,1 144 0 7,875 -86 0 0 0
393998,9 59 0 1 -77 0 0 0
394999,4 162 0 24,9375 -73 0 0 0
396999,2 103 0 1 -88 0 0 0
397999,7 155 0 42,3125 -81 0 0 0
389998,9 288 0 7,1875 -84 0 0 0
391999,3 289 0 16,75 -80 0 0 0
392999,2 58 0 10,3125 -77 0 0 0
394999,5 286 0 35,8125 -73 0 0 0
395999,3 295 0 10,375 -75 0 0 0
397999,6 154 0 24,0625 -80 0 0 0
398999,6 333 0 8,9375 -81 0 0 0
405015,3 28 0,7811354 6,625 -87 0 0 0
389998,6 284 0 8,5 -84 0 0 0
390998,8 55 0 1 -84 0 0 0
393998,8 100 0 1 -76 0 0 0
395999,4 295 0 11,875 -76 0 0 0
396998,9 162 0 1 -87 0 0 0
398999,8 107 0 11 -81 0 0 0
389998,8 286 0 7,75 -84 0 0 0
391999,3 287 0 18,125 -79 0 0 0
392999,2 289 0 10,25 -77 0 0 0
394999,5 162 0 35,625 -73 0 0 0
397999,6 55 0 23,875 -80 0 0 0
398999,6 333 0 8 -81 0 0 0
385999 293 0 8,125 -86 0 0 0
392999,2 292 0 10,25 -77 0 0 0
395999,3 296 0 10,125 -75 0 0 0
396999,1 162 0 1 -87 0 0 0
398999,8 332 0 9,25 -81 0 0 0
386998,7 58 0 9,625 -87 0 0 0
389998,7 286 0 10,6875 -88 0 0 0
390998,8 55 0 1 -84 0 0 0
397999,8 155 0 5,75 -83 0 0 0
398999,8 331 0 8,25 -81 0 0 0
385999 297 0 8,125 -86 0 0 0
388999,1 291 0 7,125 -87 0 0 0
390998,8 294 0 1 -87 0 0 0
392999,2 287 0,5166145 23,75 -83 0 0 0
393998,7 99 0 21,6875 -80 0 0 0
394999,4 287 0 24,9375 -73 0 0 0
385999,1 293 0 7,75 -86 0 0 0
387998,8 285 0 8,75 -89 0 0 0
388999,2 292 0 5,625 -88 0 0 0
390998,8 13 0,508077 1 -84 0 0 0
391999,3 286 0 14,125 -79 0 0 0
393998,8 99 0 1 -77 0 0 0
396999 162 0 1 -87 0 0 0
397999,5 291 0 24,1875 -80 0 0 0
386998,7 293 0 7,5625 -83 0 0 0
387998,7 59 0 8,5625 -89 0 0 0
390998,8 294 0 1 -84 0 0 0
392999,2 60 0 10,1875 -77 0 0 0
393998,9 58 0 1 -77 0 0 0
395999,5 294 0 12,4375 -75 0 0 0
396999,1 283 0 1 -87 0 0 0
398999,8 107 0 9,25 -81 0 0 0
389998,6 288 0,5011045 7,4375 -84 0 0 0
390998,8 295 0 1 -84 0 0 0
392999,3 290 0,535586 11,875 -78 0 0 0
393998,9 100 0 1 -77 0 0 0
395999,6 296 0 13,1875 -76 0 0 0
390998,8 293 0 1 -84 0 0 0
393998,9 100 0 1 -77 0 0 0
394999,5 286 0 35,8125 -73 0 0 0
396999,1 330 0 1 -87 0 0 0
397999,7 56 0 45,125 -80 0 0 0
405015,4 26 0,6585344 4,6875 -87 0 0 0
392999,2 292 0 10,6875 -77 0 0 0
393998,9 291 0 1 -77 0 0 0
395999,5 295 0 10,75 -75 0 0 0
396999 286 0 1 -87 0 0 0
398999,6 334 0 10,0625 -81 0 0 0
386998,6 292 0 8,125 -83 0 0 0
388999,3 290 0,5495361 8,5625 -87 0 0 0
389999,1 288 0 6,8125 -84 0 0 0
391999,3 286 0 18,125 -79 0 0 0
394999,4 287 0 25,125 -73 0 0 0
396999 331 0 1 -87 0 0 0
385999,1 292 0 6,75 -87 0 0 0
386998,7 290 0 7,5625 -83 0 0 0
388999 101 0 6,625 -86 0 0 0
391999,5 286 0 23,625 -80 0 0 0
392999,3 291 0 10,125 -77 0 0 0
394999,5 162 0 35,8125 -73 0 0 0
397999,6 290 0 23,625 -80 0 0 0
407025,3 298 0 12,125 -67 0 0 0
385999 294 0 6,5 -86 0 0 0
386998,7 60 0 6,5 -83 0 0 0
387998,8 55 0 6,0625 -89 0 0 0
390998,8 57 0 1 -84 0 0 0
392999,3 289 0,5812114 9,3125 -77 0 0 0
396995,7 198 0 1 -87 0 0 0
398999,9 331 0 9 -81 0 0 0
385999,1 294 0 7,1875 -85 0 0 0
386998,6 291 0 6,5625 -84 0 0 0
388999,2 292 0 6,6875 -87 0 0 0
391999,4 286 0 17,8125 -79 0 0 0
397999,6 55 0 23,625 -80 0 0 0
392999,3 291 0 9,375 -77 0 0 0
393998,8 100 0 1 -77 0 0 0
395999,5 296 0 10,0625 -75 0 0 0
396999 283 0 1 -87 0 0 0
398999,7 333 0 8,5625 -81 0 0 0
389998,8 286 0 6,875 -84 0 0 0
390998,8 294 0 1 -84 0 0 0
392999,2 292 0 9,75 -77 0 0 0
393998,9 58 0 1 -77 0 0 0
395999,5 295 0,546866 10,25 -75 0 0 0
396999,1 162 0 1 -87 0 0 0
389998,7 289 0 12,4375 -87 0 0 0
390998,6 55 0 5,1875 -88 0 0 0
391999,3 286 0 18,125 -79 0 0 0
392999,2 58 0 15,4375 -81 0 0 0
393998,7 293 0 18,75 -82 0 0 0
395999,2 296 0 17,5625 -79 0 0 0
397999,6 290 0 23,375 -80 0 0 0
403225,2 91 0 1 -86 0 0 0
405015 22 0,7423227 4,625 -88 0 0 0
387998,8 162 0 8,625 -89 0 0 0
392999,2 292 0 9,875 -77 0 0 0
394999,4 286 0 24,75 -73 0 0 0
395999,5 296 0 10,25 -75 0 0 0
397999,6 156 0 23,625 -80 0 0 0
398999,7 333 0 8,5625 -81 0 0 0
403227,1 198 0 11,5625 -81 0 0 0
403226,2 91 0 8,125 -82 0 0 0
385999,3 292 0 12,4375 -87 0 0 0
387998,9 162 0 9,3125 -89 0 0 0
393999 60 0 10,5 -73 0 0 0
395999,4 296 0 12,9375 -75 0 0 0
396999 283 0 1 -86 0 0 0
398999,5 335 0,812297 11 -81 0 0 0
385999,3 293 0 14,4375 -86 0 0 0
386998,2 61 0 1 -89 0 0 0
388999,1 292 0 9,25 -87 0 0 0
389998,9 284 0,5225543 8,1875 -84 0 0 0
396999 162 0 1 -86 0 0 0
403226 198 0,5078868 10,9375 -81 0 0 0
389998,7 287 0 8,875 -84 0 0 0
390998,8 55 0 1 -84 0 0 0
392999,3 289 0 12 -77 0 0 0
398999,8 330 0 11 -81 0 0 0
403226,2 198 0 9,75 -81 0 0 0
385999 143 0 6,5 -86 0 0 0
388999,2 294 0,5816242 6,75 -87 0 0 0
390998,9 55 0 1 -85 0 0 0
391999,4 287 0 16,625 -80 0 0 0
393999 101 0 13,8125 -75 0 0 0
394999,5 287 0 35,25 -73 0 0 0
395998,7 305 0,756374 14,25 -86 0 0 0
396999 290 0 1 -89 0 0 0
403225,2 197 0 1 -89 0 0 0
403224,5 197 0,5102204 43,625 -81 0 0 0
385999,1 293 0 7,875 -86 0 0 0
386998,4 293 0 7,5625 -83 0 0 0
388999 292 0,5813521 5,8125 -87 0 0 0
389999,1 288 0 6,8125 -84 0 0 0
391999,3 287 0 14 -79 0 0 0
392999,3 60 0 9,3125 -77 0 0 0
394999,5 162 0 35,4375 -73 0 0 0
395999,5 295 0 10,25 -75 0 0 0
397999,6 55 0 23,25 -80 0 0 0
405015,3 32 0,534345 5,5 -86 0 0 0
385999,2 294 0 7,625 -86 0 0 0
388999,2 293 0 6,75 -87 0 0 0
390998,8 58 0 1 -84 0 0 0
391999,4 286 0 16,375 -80 0 0 0
393998,9 99 0 1 -77 0 0 0
394999,5 287 0 35,4375 -73 0 0 0
397999,5 291 0 16,125 -80 0 0 0
403226,2 198 0 7,9375 -81 0 0 0
403227,6 92 0 16,9375 -84 0 0 0
386998,8 290 0 6,8125 -83 0 0 0
388999,2 295 0 6,6875 -87 0 0 0
389998,9 288 0 7,1875 -84 0 0 0
391999,4 285 0 16,375 -80 0 0 0
392999,2 292 0 9,5 -77 0 0 0
394999,4 287 0 24,9375 -73 0 0 0
395999,5 296 0 10,4375 -76 0 0 0
397999,6 155 0 23,3125 -80 0 0 0
398999,8 285 0 8,25 -81 0 0 0
405000,4 91 0 14,75 -93 0 0 0
386998,7 59 0 8,5 -83 0 0 0
388999,1 291 0 8 -86 0 0 0
389998,3 162 0 1 -89 0 0 0
391999,4 287 0 26,4375 -79 0 0 0
392999,2 292 0 11,25 -77 0 0 0
394999,6 286 0 68,5625 -73 0 0 0
395999,6 294 0 13,125 -75 0 0 0
397999,6 55 0 46 -80 0 0 0
386998,1 290 0,5450431 1 -89 0 0 0
388999 295 0 8,3125 -86 0 0 0
389998,9 287 0 9 -83 0 0 0
391999,4 287 0 26,6875 -79 0 0 0
392999,3 292 0 11,9375 -77 0 0 0
394999,6 289 0 68,6875 -73 0 0 0
395999,4 295 0 13,125 -75 0 0 0
397999,8 291 0 4,375 -80 0 0 0
398999,7 332 0 11,25 -80 0 0 0
387998,7 292 0 16,4375 -89 0 0 0
390998,8 57 0 1 -83 0 0 0
392999 291 0 11,125 -77 0 0 0
393998,9 58 0 10,625 -73 0 0 0
395999,4 295 0 13,125 -75 0 0 0
396999 162 0 1 -86 0 0 0
398999,9 332 0 10,5625 -81 0 0 0
390998,8 294 0 1 -83 0 0 0
391999,4 286 0 25,9375 -79 0 0 0
393998,9 58 0 10,5 -73 0 0 0
394999,6 287 0 68,875 -73 0 0 0
396999 162 0 1 -86 0 0 0
397999,6 55 0 49,3125 -79 0 0 0
389998,2 162 0 1 -89 0 0 0
391999,4 286 0 26,1875 -79 0 0 0
394999,6 286 0 68,5 -73 0 0 0
395999,6 296 0 12,8125 -75 0 0 0
397999,6 154 0 46 -80 0 0 0
398999,8 342 0 11,375 -80 0 0 0
405014,9 31 0,6927967 7,8125 -87 0 0 0
391999,3 287 0 18,75 -79 0 0 0
392999 289 0 11,5625 -77 0 0 0
394999,6 286 0 68,6875 -73 0 0 0
395999,6 294 0 13,0625 -75 0 0 0
397999,5 153 0 26,1875 -79 0 0 0
398999,6 108 0 10,25 -80 0 0 0
389998,9 284 0 9 -83 0 0 0
391999,4 278 0 26,4375 -79 0 0 0
392999,2 289 0 11,125 -77 0 0 0
394999,6 286 0 68,5625 -73 0 0 0
395999,4 295 0 12,4375 -76 0 0 0
397999,6 55 0 45,75 -80 0 0 0
398999,5 100 0,5541141 11,4375 -80 0 0 0
405015 127 0,5087438 8 -85 0 0 0
385999,1 56 0 10,375 -86 0 0 0
392999,3 59 0 12,1875 -77 0 0 0
393998,9 58 0 10,875 -73 0 0 0
395999,6 295 0 13,0625 -75 0 0 0
396999 285 0 1 -86 0 0 0
385999 294 0 12,1875 -85 0 0 0
388999,2 292 0 11,125 -85 0 0 0
394999,6 286 0 69,1875 -73 0 0 0
396999 162 0 1 -86 0 0 0
397999,7 55 0 45,5625 -80 0 0 0
385998,9 296 0 7,8125 -85 0 0 0
387998,8 162 0 8,8125 -89 0 0 0
388999,1 295 0 8 -86 0 0 0
395999,6 294 0 13,0625 -75 0 0 0
396999 283 0 1 -86 0 0 0
398999,7 334 0 11,5 -80 0 0 0
385999 293 0 9,125 -85 0 0 0
386998,8 288 0 9 -83 0 0 0
388999,2 291 0 10,375 -86 0 0 0
389998,3 291 0 1 -89 0 0 0
391999,4 286 0 26,6875 -79 0 0 0
397999,7 55 0 48,8125 -79 0 0 0
385998,8 292 0 9,125 -86 0 0 0
386998,8 292 0 9 -83 0 0 0
