384000,7 293 0 10,125 -81 0 0 0
380000,1 292 0 28,1875 -77 0 0 0
384000,7 293 0 10,125 -81 0 0 0
380000 293 0 10,6875 -85 0 0 0
381000,6 293 0 16,4375 -77 0 0 0
382000,3 294 0 15,4375 -80 0 0 0
382999,6 290 0 20,375 -89 0 0 0
380000,1 295 0 51,1875 -78 0 0 0
382000,2 294 0 9,1875 -77 0 0 0
383000,3 292 0 1 -83 0 0 0
382000,3 294 0 9,75 -76 0 0 0
384000,7 293 0 10,125 -81 0 0 0
381999,8 19 0 1 -85 0 0 0
383000,2 290 0 1 -83 0 0 0
381000,7 294 0 16,1875 -77 0 0 0
383000,2 292 0 1 -83 0 0 0
384000,7 293 0 11,4375 -82 0 0 0
382000,3 294 0 9,75 -76 0 0 0
384000,8 293 0 11 -82 0 0 0
382000,2 295 0 9,375 -77 0 0 0
383000,2 291 0 1 -83 0 0 0
381000,7 293 0 16,1875 -77 0 0 0
383000,2 292 0 1 -82 0 0 0
382000,2 294 0 9,375 -76 0 0 0
384000,7 293 0 10,125 -81 0 0 0
381000,6 293 0 13,25 -77 0 0 0
380000,2 295 0 28,3125 -77 0 0 0
383000,2 290 0 1 -82 0 0 0
384000,8 293 0 14,375 -82 0 0 0
381999,7 293 0 1 -85 0 0 0
381000,7 293 0 15,875 -77 0 0 0
383000,2 290 0 1 -83 0 0 0
384000,7 293 0 11,3125 -82 0 0 0
381000,7 292 0 16 -77 0 0 0
382000,2 294 0 9,375 -77 0 0 0
384000,8 292 0 12,125 -81 0 0 0
380000,1 297 0 52,3125 -78 0 0 0
381999,8 294 0 1 -85 0 0 0
383000,3 291 0 1 -83 0 0 0
380000,1 297 0 50,9375 -78 0 0 0
381999,9 293 0 1 -85 0 0 0
383000,2 349 0 1 -83 0 0 0
380000,1 295 0 50,875 -78 0 0 0
381000,3 291 0 14,0625 -85 0 0 0
382000,6 294 0 16,875 -81 0 0 0
383000,3 292 0 1 -83 0 0 0
384000,2 291 0 11,375 -87 0 0 0
380000,1 296 0 51,1875 -78 0 0 0
381000,7 292 0 16 -77 0 0 0
383000,3 294 0 1 -83 0 0 0
380000,4 296 0 45,75 -82 0 0 0
381000,3 294 0 24,875 -82 0 0 0
382000,2 295 0 9,25 -76 0 0 0
383000,3 289 0 11,125 -85 0 0 0
384001,1 292 0 6,125 -88 0 0 0
380000,2 296 0 28,3125 -77 0 0 0
381999,8 292 0 1 -85 0 0 0
383000,2 290 0 1 -83 0 0 0
380000,1 295 0 28,125 -77 0 0 0
383000,3 290 0 1 -83 0 0 0
384000,6 294 0 10,4375 -81 0 0 0
381000,7 294 0 16 -77 0 0 0
382000,3 294 0 9,375 -77 0 0 0
380000,1 295 0 28,125 -77 0 0 0
383000,3 294 0 1 -83 0 0 0
380000,1 297 0 54,0625 -77 0 0 0
381000,6 293 0 16,4375 -77 0 0 0
383000,3 291 0 1 -83 0 0 0
384000,6 293 0 10,25 -81 0 0 0
381000,7 293 0 16,1875 -77 0 0 0
382000,3 294 0 9,0625 -77 0 0 0
384000,8 294 0 12 -81 0 0 0
381000,6 292 0 26,5625 -80 0 0 0
381999,5 291 0 12,4375 -87 0 0 0
384000,7 294 0 19,0625 -84 0 0 0
384000,8 293 0 12,125 -81 0 0 0
380000,1 296 0 28,1875 -77 0 0 0
381999,8 294 0 1 -85 0 0 0
383000,2 289 0 1 -83 0 0 0
381000,6 293 0 13,25 -77 0 0 0
383000,2 294 0 1 -83 0 0 0
384000,7 293 0 10 -81 0 0 0
381000,7 292 0 16 -77 0 0 0
381999,8 294 0 1 -85 0 0 0
384000,7 293 0 10,125 -81 0 0 0
381999,7 295 0 1 -85 0 0 0
384000,7 292 0 11,4375 -82 0 0 0
380000,1 295 0 53,9375 -77 0 0 0
382000,2 295 0 9,375 -77 0 0 0
383000,2 292 0 1 -82 0 0 0
380000,1 296 0 28,125 -77 0 0 0
383000,3 342 0 1 -83 0 0 0
384000,7 292 0 11,3125 -82 0 0 0
381000,7 293 0 15,875 -77 0 0 0
384000,7 293 0 10,125 -81 0 0 0
380000,1 296 0 28,125 -77 0 0 0
381000,7 294 0 27,75 -79 0 0 0
383000,1 292 0 1 -82 0 0 0
384000,6 293 0 15,875 -82 0 0 0
381000,7 293 0 16 -77 0 0 0
384000,6 293 0 10,25 -81 0 0 0
380000,1 295 0 51,0625 -78 0 0 0
382000,3 294 0 9,375 -77 0 0 0
383000,2 290 0 1 -83 0 0 0
380000,1 296 0 28,1875 -77 0 0 0
381000,7 293 0 16 -77 0 0 0
383000,1 291 0 1 -82 0 0 0
384000,7 292 0 10,125 -81 0 0 0
381000,7 293 0 16,1875 -77 0 0 0
381999,7 292 0 1 -85 0 0 0
384000,7 294 0 12,375 -81 0 0 0
380000,2 297 0 28,4375 -77 0 0 0
383000,2 293 0 1 -83 0 0 0
380000,1 295 0 50,9375 -78 0 0 0
381999,8 295 0 1 -85 0 0 0
383000,2 291 0 1 -83 0 0 0
384000,6 293 0 10,25 -81 0 0 0
380000,1 296 0 28,1875 -77 0 0 0
381000,6 292 0 13,25 -77 0 0 0
381999,8 294 0 1 -85 0 0 0
380000,2 297 0 28,3125 -77 0 0 0
381999,8 294 0 1 -86 0 0 0
383000,3 290 0 1 -83 0 0 0
380000,2 296 0 28,3125 -77 0 0 0
382000,2 294 0 9,125 -76 0 0 0
383000,2 291 0 1 -83 0 0 0
380000,2 297 0 28,4375 -77 0 0 0
381000,7 292 0 15,875 -77 0 0 0
383000,3 292 0 1 -83 0 0 0
380000,2 295 0 48,8125 -80 0 0 0
381001 143 0 9,6875 -86 0 0 0
382000,4 294 0 9,8125 -76 0 0 0
383000,1 288 0 5,3125 -84 0 0 0
380000,1 296 0 50,9375 -78 0 0 0
381000,7 293 0 16,1875 -77 0 0 0
384000,8 293 0 11,0625 -82 0 0 0
381000,6 294 0 14,0625 -76 0 0 0
382000,2 293 0 9,5625 -76 0 0 0
384000,7 293 0 10,125 -81 0 0 0
382000,3 294 0 9,875 -76 0 0 0
383000,2 150 0 1 -83 0 0 0
380000,1 296 0 44,5 -78 0 0 0
382000,1 293 0 1 -86 0 0 0
383000,3 290 0 1 -83 0 0 0
381000,7 292 0 16 -77 0 0 0
383000,3 292 0 1 -83 0 0 0
384000,7 294 0 11,3125 -82 0 0 0
381000,7 293 0 15,6875 -77 0 0 0
381999,8 295 0 1 -85 0 0 0
384000,7 293 0 10,125 -81 0 0 0
380000,1 292 0 50,875 -78 0 0 0
381999,7 295 0 1 -85 0 0 0
383000,2 342 0 1 -82 0 0 0
380000,1 296 0 50,875 -78 0 0 0
381000,7 293 0 16,1875 -77 0 0 0
383000,2 292 0 1 -82 0 0 0
384000,7 293 0 10,125 -81 0 0 0
381999,8 296 0 1 -85 0 0 0
384000,6 291 0 10,25 -81 0 0 0
382000,3 294 0 9,6875 -76 0 0 0
384000,8 292 0 18,625 -84 0 0 0
380000,1 296 0 50,875 -78 0 0 0
382000,3 293 0 9,625 -77 0 0 0
383000,3 291 0 1 -83 0 0 0
383000,3 294 0 1 -83 0 0 0
384000,7 293 0 12,25 -81 0 0 0
382000,2 295 0 9,375 -76 0 0 0
383000,1 292 0 11 -86 0 0 0
384001,1 293 0 6,875 -87 0 0 0
384000,6 293 0 10,25 -81 0 0 0
380000 294 0 8,625 -87 0 0 0
381000,7 294 0 28,3125 -79 0 0 0
380000,1 295 0 51,0625 -78 0 0 0
381000,7 293 0 16,1875 -77 0 0 0
381000,7 292 0 15,875 -77 0 0 0
382000,3 294 0 9,5625 -76 0 0 0
380000,1 295 0 50,8125 -78 0 0 0
382000,3 293 0 9,1875 -77 0 0 0
383000,2 290 0 1 -82 0 0 0
380000,1 296 0 50,9375 -78 0 0 0
382000,2 294 0 10,0625 -77 0 0 0
383000,3 281 0 1 -83 0 0 0
380000,1 296 0 50,9375 -78 0 0 0
381000,7 293 0 16,1875 -77 0 0 0
380000,1 294 0 51,0625 -78 0 0 0
383000,2 292 0 1 -82 0 0 0
381000,7 293 0 16,1875 -77 0 0 0
384000,6 292 0 10,25 -81 0 0 0
383000,2 291 0 1 -82 0 0 0
384000,6 294 0 10,25 -81 0 0 0
381000,6 293 0 16,4375 -77 0 0 0
381000,7 292 0 16,1875 -77 0 0 0
381999,6 295 0 1 -85 0 0 0
381999,9 295 0 1 -86 0 0 0
384000,8 294 0 12,125 -81 0 0 0
384000,8 294 0 14,625 -82 0 0 0
380000,1 297 0 50,8125 -78 0 0 0
381999,6 292 0 1 -85 0 0 0
382000,3 294 0 9,125 -77 0 0 0
380000,1 296 0 28 -77 0 0 0
382000,1 295 0 12,25 -78 0 0 0
383000,1 292 0 1 -82 0 0 0
380000,1 296 0 51,0625 -78 0 0 0
381000,6 292 0 16,4375 -77 0 0 0
383000,3 289 0 1 -83 0 0 0
384000,6 293 0 10,25 -81 0 0 0
381000,7 292 0 16,1875 -77 0 0 0
382000,3 295 0 9,625 -77 0 0 0
380000,2 296 0 28,3125 -77 0 0 0
381000,7 293 0 16,1875 -77 0 0 0
383000,3 291 0 1 -83 0 0 0
381000,7 294 0 16 -77 0 0 0
382000,2 294 0 9,625 -77 0 0 0
384000,8 295 0 11,875 -81 0 0 0
380000,2 295 0 28,3125 -77 0 0 0
383000,2 291 0 1 -82 0 0 0
380000,2 295 0 28,4375 -77 0 0 0
381000,6 293 0 13,625 -77 0 0 0
383000,2 290 0 1 -82 0 0 0
384000,7 292 0 11,3125 -82 0 0 0
381000,7 292 0 16,1875 -77 0 0 0
382000,2 295 0 9,375 -76 0 0 0
384000,8 293 0 12,125 -81 0 0 0
380000,1 297 0 52,3125 -78 0 0 0
381999,8 293 0 1 -85 0 0 0
383000,3 291 0 1 -83 0 0 0
380000,1 297 0 50,875 -78 0 0 0
381000,6 293 0 20,875 -78 0 0 0
383000,2 293 0 1 -83 0 0 0
384000,7 293 0 12,5625 -81 0 0 0
380000,2 297 0 47,5 -80 0 0 0
381000,7 293 0 16,1875 -77 0 0 0
381999,8 19 0 20,875 -85 0 0 0
383000,3 292 0 11,5625 -84 0 0 0
384000,8 293 0 11,75 -81 0 0 0
381000,7 293 0 16 -77 0 0 0
381999,8 294 0 1 -86 0 0 0
384000,7 293 0 12,25 -81 0 0 0
380000,2 296 0 28,3125 -77 0 0 0
382000,3 294 0 9,3125 -77 0 0 0
383000,3 291 0 1 -83 0 0 0
380000,1 297 0 28,1875 -77 0 0 0
381000,6 293 0 13,625 -77 0 0 0
383000,1 291 0 1 -82 0 0 0
383000,2 291 0 1 -83 0 0 0
384000,7 293 0 12,25 -81 0 0 0
381000,7 292 0 15,875 -77 0 0 0
381999,8 294 0 1 -85 0 0 0
384000,7 293 0 12,375 -81 0 0 0
380000,1 296 0 28,1875 -77 0 0 0
381000,7 292 0 16,1875 -77 0 0 0
380000,1 296 0 50,875 -78 0 0 0
383000,3 294 0 1 -83 0 0 0
380000 296 0 8,125 -81 0 0 0
381000,7 293 0 16,1875 -77 0 0 0
382000,6 295 0 23,1875 -84 0 0 0
383000,4 292 0 13,4375 -85 0 0 0
384000,8 293 0 11,875 -81 0 0 0
384000,8 293 0 12 -81 0 0 0
383000,2 342 0 1 -82 0 0 0
382000,3 294 0 9,875 -77 0 0 0
383000,2 290 0 1 -83 0 0 0
381000,7 292 0 15,6875 -77 0 0 0
383000,3 291 0 1 -83 0 0 0
384000,8 293 0 12,125 -81 0 0 0
381000,7 293 0 16,1875 -77 0 0 0
382000,3 294 0 9,875 -77 0 0 0
384000,8 293 0 14,8125 -82 0 0 0
381000,7 293 0 15,6875 -77 0 0 0
383000,3 293 0 1 -83 0 0 0
384000,7 292 0 10,125 -81 0 0 0
380000,1 296 0 28,125 -77 0 0 0
380000,2 296 0 28,3125 -77 0 0 0
381999,7 295 0 1 -85 0 0 0
383000,2 162 0 1 -83 0 0 0
384000,7 294 0 11,3125 -82 0 0 0
381999,8 295 0 1 -85 0 0 0
383000,2 291 0 1 -83 0 0 0
384000,7 293 0 12,375 -81 0 0 0
381000,7 294 0 16,1875 -77 0 0 0
381000,6 292 0 13,125 -77 0 0 0
382000,2 295 0 9,1875 -77 0 0 0
380000,1 293 0 50,875 -78 0 0 0
382000,3 295 0 9,375 -77 0 0 0
383000,3 342 0 1 -83 0 0 0
380000,1 296 0 50,875 -78 0 0 0
381000,7 293 0 16 -77 0 0 0
383000,1 342 0 1 -82 0 0 0
384000,8 292 0 11 -82 0 0 0
381000,7 293 0 15,875 -77 0 0 0
382000,3 294 0 9,1875 -77 0 0 0
384000,8 293 0 12,125 -81 0 0 0
380000,2 293 0 28,3125 -77 0 0 0
383000,3 290 0 1 -83 0 0 0
380000,1 296 0 27,9375 -77 0 0 0
381000,7 294 0 16,1875 -77 0 0 0
383000,3 292 0 1 -83 0 0 0
384000,7 293 0 12,25 -81 0 0 0
381000,6 292 0 13,25 -77 0 0 0
381999,8 292 0 1 -86 0 0 0
384000,7 294 0 12,5625 -81 0 0 0
380000,1 295 0 28 -77 0 0 0
382000,2 294 0 9,375 -76 0 0 0
380000,1 295 0 50,6875 -78 0 0 0
383000,3 342 0 1 -83 0 0 0
384000,8 294 0 12,125 -81 0 0 0
381000,6 293 0 13,625 -77 0 0 0
382000,2 294 0 9,625 -77 0 0 0
384000,7 293 0 10,125 -81 0 0 0
380000,1 296 0 28 -77 0 0 0
382000,2 295 0 9,25 -76 0 0 0
383000,1 292 0 1 -82 0 0 0
380000,1 296 0 28,1875 -77 0 0 0
381000,7 292 0 16 -77 0 0 0
383000,2 291 0 1 -83 0 0 0
381000,7 294 0 16,1875 -77 0 0 0
383000,2 288 0 1 -82 0 0 0
384000,7 293 0 11,625 -82 0 0 0
384000,7 293 0 11,625 -82 0 0 0
380000,1 296 0 28,1875 -77 0 0 0
391999,3 286 0 13,875 -79 0 0 0
393998,9 58 0 1 -77 0 0 0
396999 331 0 1 -87 0 0 0
397999,6 100 0 23,0625 -80 0 0 0
385998,9 55 0 6,9375 -86 0 0 0
386998,7 59 0 6,5 -83 0 0 0
388999,1 293 0,5686927 6,3125 -86 0 0 0
389999,1 162 0 6,8125 -84 0 0 0
391999,3 286 0 17,5 -80 0 0 0
392999,2 292 0 9,75 -77 0 0 0
394999,6 285 0 65,375 -74 0 0 0
395999,3 294 0 10,1875 -75 0 0 0
397999,6 345 0 42,5 -81 0 0 0
405015,1 24 0 5,9375 -85 0 0 0
385998,8 295 0 5,625 -85 0 0 0
388999,2 291 0 7,625 -86 0 0 0
390998,8 55 0 1 -84 0 0 0
393998,9 58 0 1 -77 0 0 0
394999,5 287 0 35,25 -73 0 0 0
396999 330 0 1 -87 0 0 0
397999,6 290 0 23,25 -80 0 0 0
385999 293 0 6,5 -86 0 0 0
386998,5 288 0 10,1875 -86 0 0 0
388999 288 0 5,8125 -87 0 0 0
389999,1 286 0 9,75 -86 0 0 0
391999,4 287 0 16,625 -80 0 0 0
392998,9 290,9984 0,5357887 12,875 -79 0,9983521 0 0
393999,2 58 0 18,3125 -86 0 0 0
394999,4 286 0 24,75 -73 0 0 0
395999,4 296 0 14,25 -77 0 0 0
397999,6 19 0 23,625 -80 0 0 0
385999 295 0 6,5 -86 0 0 0
387998,8 334 0 8,75 -89 0 0 0
388999,2 289 0 6,6875 -87 0 0 0
390998,9 55 0 1 -84 0 0 0
394999,5 286 0 35,4375 -73 0 0 0
396998,9 330 0 1 -87 0 0 0
397999,6 55 0 23,5 -80 0 0 0
405014,9 32 0,6610842 6,625 -87 1 0 0
386998,6 292 0 6,3125 -83 0 0 0
389998,9 162 0 6,4375 -84 0 0 0
390998,8 293 0 1 -84 0 0 0
392999,2 289 0 9,75 -77 0 0 0
393998,9 291 0 1 -77 0 0 0
395999,5 295 0 10,125 -75 0 0 0
396999,1 285 0 1 -87 0 0 0
398999,7 107 0 8,5625 -81 0 0 0
385999 294 0 7,3125 -85 0 0 0
388999,2 292 0 6,625 -87 0 0 0
391999,3 287 0 13,875 -79 0 0 0
393998,9 59 0 1 -77 0 0 0
394999,5 286 0 33,5625 -74 0 0 0
396999,1 281 0 1 -87 0 0 0
397999,6 154 0 23,375 -80 0 0 0
388999,2 291 0 6,6875 -87 0 0 0
389998,9 285 0 7,1875 -84 0 0 0
391999,3 279 0,5250431 14,125 -79 0 0 0
394999,5 162 0 35,625 -73 0 0 0
395999,5 295 0 10 -75 0 0 0
397999,6 342 0 23,375 -80 0 0 0
398999,7 333 0 8,5625 -81 0 0 0
405000,4 82 0,7953973 14,9375 -93 0 0 0
388999,2 290 0 13,0625 -87 0 0 0
390998,9 55 0 1 -84 0 0 0
391999,3 288 0 17,5 -80 0 0 0
393998,9 292 0 1 -77 0 0 0
385998,8 296 0 6,125 -86 0 0 0
386998,6 290 0 6,5625 -84 0 0 0
388999,1 294 0 6,875 -87 0 0 0
389999,1 286 0 6,8125 -84 0 0 0
391999,3 286 0 13,75 -79 0 0 0
392999,2 292 0 9,5625 -77 0 0 0
386998,7 59 0 7,5625 -83 0 0 0
389999,1 286 0 6,8125 -84 0 0 0
390998,8 55 0 1 -84 0 0 0
392999,4 291 0 10,0625 -77 0 0 0
393998,9 294 0 1 -77 0 0 0
385999,1 295 0 6,3125 -86 0 0 0
387998,7 282 0 8,5625 -89 0 0 0
388999,2 290 0,5709966 6,6875 -87 0 0 0
390998,8 294 0 1 -84 0 0 0
391999,3 286 0 14 -79 0 0 0
393998,9 59 0 1 -77 0 0 0
394999,5 286 0 35,4375 -73 0 0 0
388999,1 292 0 6,875 -87 0 0 0
389998,9 285 0 7,0625 -83 0 0 0
391999,3 288 0 14 -79 0 0 0
392999,3 291 0 10,0625 -77 0 0 0
394999,5 162 0 35,25 -73 0 0 0
386998,6 59 0 7,25 -83 0 0 0
389998,8 286 0 6,1875 -84 0 0 0
390998,8 55 0 1 -84 0 0 0
392999,3 292 0 9,4375 -77 0 0 0
395999,3 294 0 10,3125 -75 0 0 0
405015,3 31 0,6788656 5,5625 -85 0 0 0
385999 57 0 6,625 -86 0 0 0
388999,2 294 0 7,5625 -86 0 0 0
390998,8 57 0 1 -84 0 0 0
391999,4 286 0 16,625 -80 0 0 0
394999,5 286 0 35,4375 -73 0 0 0
396999,1 155 0 1 -87 0 0 0
397999,6 154 0 23,3125 -80 0 0 0
405015,1 29 0,776933 5,25 -89 0 0 0
388999,2 295 0 6,1875 -86 0 0 0
391999,3 288 0 13,875 -79 0 0 0
394999,5 286 0 35,4375 -73 0 0 0
395999,3 296 0 9,9375 -75 0 0 0
397999,6 157 0 23,375 -80 0 0 0
398999,6 342 0 8,9375 -81 0 0 0
385999,1 293 0 7,1875 -85 0 0 0
388999 290 0 5,8125 -87 0 0 0
390998,8 294 0 1 -84 0 0 0
393998,9 100 0 1 -77 0 0 0
394999,5 162 0 24,5625 -73 0 0 0
396999,1 289 0 1 -87 0 0 0
385999 293 0,515187 6,5 -86 0 0 0
389998,9 285 0 7,1875 -84 0 0 0
391999,3 287 0 13,5 -79 0 0 0
392999,2 60 0 9,4375 -77 0 0 0
395999,3 300 0,5154076 10,125 -75 0 0 0
397999,6 291 0 23,0625 -80 0 0 0
398999,7 108 0 8,5625 -81 0 0 0
405015 27 0,6474108 5,3125 -85 0 0 0
389998,8 284 0 9,625 -87 0 0 0
390998,8 294 0 1 -84 0 0 0
391999,3 287 0,5303494 30,5 -86 0 0 0
392999,2 57 0 18,3125 -82 0 0 0
393998,9 59 0 1 -77 0 0 0
394999,3 162 0 19,3125 -79 0 0 0
395999,2 295 0 20,0625 -81 0 0 0
396999 162 0 1 -87 0 0 0
397999,8 156 0 13,125 -85 0 0 0
399000 102 0 27,4375 -88 0 0 0
386998,6 59 0 6,5625 -84 0 0 0
394999,4 286 0 24,75 -73 0 0 0
395999,2 296 0 17,125 -80 0 0 0
399000 105 0 15,25 -84 0 0 0
405000,5 108 0 14,75 -93 0 0 0
386998,7 289 0 6,5 -83 0 0 0
395999,5 295 0 10,0625 -75 0 0 0
397999,7 55 0 44,75 -80 0 0 0
398999,6 162 0 8 -81 0 0 0
385999 294 0 6,625 -86 0 0 0
395999,6 296 0 9,9375 -75 0 0 0
396999,1 162 0 1 -87 0 0 0
398999,7 105 0 9,25 -80 0 0 0
385999,2 290 0 7,625 -86 0 0 0
393998,8 60 0 1 -77 0 0 0
395999,6 295 0 10,1875 -75 0 0 0
396998,9 166 0 1 -86 0 0 0
398999,8 332 0 9,25 -81 0 0 0
390998,9 55 0 1 -85 0 0 0
391999,3 286 0 16,75 -80 0 0 0
394999,5 286 0 35,4375 -73 0 0 0
396999,1 336 0 1 -88 0 0 0
397999,6 289 0 23,3125 -80 0 0 0
392999,3 291 0 9,5625 -77 0 0 0
394999,5 288 0 35,25 -73 0 0 0
395999,6 295 0 10,6875 -75 0 0 0
397999,6 290 0 23,375 -80 0 0 0
398999,7 332 0 8,5625 -81 0 0 0
390998,9 55 0 1 -85 0 0 0
392999,2 290 0 9,4375 -77 0 0 0
393998,8 290 0 1 -77 0 0 0
395999,5 295 0 10,0625 -75 0 0 0
396999,1 162 0 1 -86 0 0 0
398999,6 332 0 8 -81 0 0 0
390998,8 55 0 1 -84 0 0 0
391999,3 286 0 13,625 -79 0 0 0
394000,2 59 0 1 -77 0 0 0
394999,5 286 0 35,4375 -73 0 0 0
396999 162 0 1 -87 0 0 0
397999,6 291 0 23,875 -80 0 0 0
386998,8 61 0 6,8125 -83 0 0 0
392999,2 289 0 9,5625 -77 0 0 0
394999,5 286 0 24,5625 -73 0 0 0
395999,5 295 0 10,0625 -75 0 0 0
398999,6 331 0 8,9375 -81 0 0 0
385999 294 0 6,5 -86 0 0 0
393998,9 291 0 1 -77 0 0 0
395999,2 293 0 9,625 -75 0 0 0
396999,1 163 0,520436 1 -87 0 0 0
398999,8 162 0 8,25 -81 0 0 0
385998,9 296 0 6,4375 -85 0 0 0
386998,6 59 0 6,3125 -83 0 0 0
388999,2 294 0 6,75 -87 0 0 0
389998,8 287 0 6,875 -84 0 0 0
396999,1 108 0 1 -87 0 0 0
397999,6 60 0 23,25 -80 0 0 0
386998,4 290 0 6,1875 -84 0 0 0
389998,9 285 0 7,1875 -84 0 0 0
390998,8 56 0 1 -84 0 0 0
392999,3 291 0 9,5625 -77 0 0 0
399000 334 0 8,75 -81 0 0 0
388999,2 102 0 6,5 -87 0 0 0
390998,8 55 0 1 -84 0 0 0
391999,4 287 0 16,625 -80 0 0 0
393998,8 58 0 1 -77 0 0 0
394999,4 285 0 24,75 -73 0 0 0
385999,2 293 0 7,375 -86 0 0 0
388999,2 289 0,5654794 6,5 -87 0 0 0
390998,8 294 0 1 -84 0 0 0
391999,4 287 0 17,6875 -79 0 0 0
394999,5 286 0 35,4375 -73 0 0 0
396999,1 170 0 1 -87 0 0 0
386998,8 60 0 6,8125 -83 0 0 0
389998,7 160 0 5,9375 -85 0 0 0
390998,6 55 0 11,4375 -86 0 0 0
391999,3 286 0 29,3125 -86 0 0 0
393998,9 100 0 17,8125 -78 0 0 0
394999,7 162 0 23,1875 -81 0 0 0
395999,6 296 0 10,0625 -75 0 0 0
396999,1 337 0 1 -88 0 0 0
397999,4 102 0 12,6875 -88 0 0 0
398999,7 332 0 8,3125 -80 0 0 0
405015,3 35 0,6747969 5,6875 -87 0 0 0
388999,3 292 0 9,5625 -86 0 0 0
390998,8 293 0 1 -84 0 0 0
391999,3 287 0 14 -79 0 0 0
393998,8 59 0 1 -77 0 0 0
394999,5 287 0 35,4375 -73 0 0 0
396999,1 337 0 1 -88 0 0 0
397999,6 291 0 23,25 -80 0 0 0
385998,9 296 0 7,5 -87 0 0 0
391999,4 288 0 17,6875 -79 0 0 0
393998,9 101 0 1 -77 0 0 0
394999,5 286 0 35,625 -73 0 0 0
396999 162 0 1 -87 0 0 0
392999,2 292 0 12,8125 -79 0 0 0
393998,7 102 0 17,3125 -86 0 0 0
394999,5 288 0 35,25 -73 0 0 0
395999,2 295 0 13,5625 -78 0 0 0
397999,6 290 0 23,875 -80 0 0 0
398999,7 335 0,5106495 11,375 -81 0 0 0
386998,7 58 0 6,875 -84 0 0 0
392999,2 289 0 9,5 -77 0 0 0
394999,5 286 0 35,25 -73 0 0 0
395999,6 298 0,5274357 10,0625 -75 0 0 0
398999,7 333 0 7,6875 -81 0 0 0
385999 294 0 6,1875 -85 0 0 0
386998,8 289 0 6,8125 -83 0 0 0
388999 292 0 6,625 -86 0 0 0
394999,4 286 0 24,75 -73 0 0 0
396999 162 0 1 -87 0 0 0
397999,7 155 0 44,75 -80 0 0 0
405015,3 28 0,7184332 6,625 -87 0 0 0
386998,4 289 0 6,75 -83 0 0 0
389998,8 287 0 6,875 -84 0 0 0
390998,8 293 0 1 -84 0 0 0
395999,5 296 0 10,0625 -75 0 0 0
397999,6 55 0 23,25 -80 0 0 0
398999,7 334 0 8,5625 -81 0 0 0
385999,1 295 0 7,75 -86 0 0 0
387998,7 55 0 16,375 -89 0 0 0
388999,1 291 0 8,125 -86 0 0 0
390998,7 293 0 1 -83 0 0 0
391999,4 289 0 26,6875 -79 0 0 0
398999,7 333 0 8,5625 -81 0 0 0
407027 105,2235 0,6917006 20,125 -62 0,2235489 0 0
385998,8 292 0 9,125 -86 0 0 0
386998 285 0 1 -89 0 0 0
388999,1 294 0 10,5625 -86 0 0 0
389998,9 287 0 8,1875 -84 0 0 0
397999,6 155 0 45,75 -80 0 0 0
386998,1 290 0 1 -89 0 0 0
389998,8 287 0 10,0625 -85 0 0 0
390998,8 294 0 1 -83 0 0 0
392999,2 290 0 14,375 -79 0 0 0
398999,8 162 0 11,4375 -80 0 0 0
385999,1 293 0 8 -86 0 0 0
388999,3 293 0 14,4375 -86 0 0 0
389999,1 287 0 9,125 -88 0 0 0
390999,1 55 0 20,375 -89 0 0 0
397999,3 104 0 16,25 -87 0 0 0
398999,3 105 0 14,5 -85 0 0 0
407025 106 0,5805604 14,8125 -61 0 0 0
394999,5 286 0 35,625 -73 0 0 0
395999,4 295 0 12,9375 -77 0 0 0
397999,6 55 0 23,3125 -80 0 0 0
398999,5 342 0 10,6875 -82 0 0 0
385999 294 0 6,5 -86 0 0 0
387998,8 58 0 8,8125 -89 0 0 0
388999 292 0 5,8125 -87 0 0 0
390998,8 55 0 1 -84 0 0 0
396999,1 286 0 1 -87 0 0 0
398999,7 342 0 8,5625 -81 0 0 0
407073,5 306 0 1 -87 0 0 0
385999 295 0 7,4375 -85 0 0 0
388999,2 293 0,5876839 7,5625 -86 0 0 0
390998,9 295 0 1 -85 0 0 0
391999,3 286 0 14,125 -79 0 0 0
398999,8 332 0 10,1875 -82 0 0 0
407075,8 192 0 34,8125 -84 0 0 0
407075 191 0 7,5625 -83 0 0 0
385999,1 295 0 6,4375 -86 0 0 0
386998,5 60 0 7,875 -83 0 0 0
388999,1 296 0 7,875 -86 0 0 0
392999,2 287 0,5050355 9,5625 -77 0 0 0
394999,4 286 0 24,9375 -73 0 0 0
395999,5 295 0 10,125 -75 0 0 0
407075,1 192 0 8,875 -84 0 0 0
386998,6 289 0 7,25 -83 0 0 0
389998,9 287 0 7,1875 -84 0 0 0
390998,8 55 0 1 -84 0 0 0
392999,2 289 0 9,75 -77 0 0 0
393998,9 292 0 1 -77 0 0 0
395999,3 296 0 10,375 -75 0 0 0
396999,1 106 0 1 -87 0 0 0
398999,7 107 0 8,5625 -81 0 0 0
388999,1 291 0 6,875 -87 0 0 0
390998,8 55 0 1 -84 0 0 0
391999,3 287 0 13,875 -79 0 0 0
392998,4 292 0 22,875 -89 0 0 0
393999 292 0 13,5 -75 0 0 0
394999,4 162 0 24,75 -73 0 0 0
395998,5 295 0,5023909 16,375 -87 0 0 0
396999 282 0 1 -88 0 0 0
389998,9 287 0 7,1875 -84 0 0 0
390998,8 294 0 1 -84 0 0 0
392999,2 292 0 9,4375 -77 0 0 0
395999,5 294 0 10,125 -75 0 0 0
396999 331 0 1 -87 0 0 0
398999,8 333 0 7,4375 -81 0 0 0
390998,8 55 0 1 -84 0 0 0
392999,2 292 0 9,4375 -77 0 0 0
393998,8 293 0 1 -77 0 0 0
395999,3 296 0 10,0625 -75 0 0 0
396999,1 162 0 1 -87 0 0 0
398999,8 342 0 8,25 -81 0 0 0
390998,8 294 0 1 -84 0 0 0
391999,3 287 0 22,875 -82 0 0 0
392999,7 291 0 19,0625 -86 0 0 0
394999,3 162 0 16,0625 -75 0 0 0
395998,7 297 0 16,375 -86 0 0 0
396999,1 336 0 1 -87 0 0 0
397999,4 290 0 24,25 -81 0 0 0
405000,6 77 0,5764756 15,125 -93 0 0 0
386998,7 293 0 6,5 -83 0 0 0
392999 289 0 9,1875 -77 0 0 0
394999,5 286 0 35,4375 -73 0 0 0
395999,5 295 0 10,1875 -75 0 0 0
397999,6 289 0 23,375 -80 0 0 0
385998,9 294 0 6,5625 -85 0 0 0
393998,9 58 0 1 -77 0 0 0
395999,5 296 0,6354106 10,625 -75 0 0 0
396999,2 284 0 1 -88 0 0 0
398999,8 333 0 8,25 -81 0 0 0
388999,2 295 0 6,6875 -87 0 0 0
389998,8 162 0 6,1875 -84 0 0 0
393998,8 58 0 1 -77 0 0 0
394999,4 286 0 24,75 -73 0 0 0
396999 106 0 1 -87 0 0 0
397999,6 154 0 23,3125 -80 0 0 0
405015,3 34 0,8936129 4,875 -88 0 0 0
385998,5 294 0 12,6875 -89 0 0 0
388999,1 292 0 10,1875 -89 0 0 0
395999,5 296 0 10,0625 -75 0 0 0
396999,2 163 0 20,375 -89 0 0 0
397999,8 55 0 6,4375 -86 0 0 0
398999,8 332 0 8,25 -81 0 0 0
385999,1 294 0 6,4375 -86 0 0 0
387998,9 29 0 6,1875 -89 0 0 0
388999,2 292 0 7,5625 -86 0 0 0
396999,1 162 0 1 -87 0 0 0
398999,8 332 0 8,25 -81 0 0 0
405014,9 25 0,6460688 4,5 -86 0 0 0
385999,1 295 0 6,4375 -86 0 0 0
386998,5 291 0 6,375 -84 0 0 0
388999,2 292 0 6,75 -87 0 0 0
396999,1 282 0 1 -87 0 0 0
397999,6 290 0 23,625 -80 0 0 0
386998,9 288 0 7,0625 -83 0 0 0
389999,1 162 0 7,625 -84 0 0 0
395999,5 294 0 10,25 -75 0 0 0
397999,7 55 0 41,5 -81 0 0 0
385998,9 295 0 6,9375 -86 0 0 0
388999,2 293 0 7,625 -86 0 0 0
393998,8 58 0 1 -77 0 0 0
396999,1 108 0 1 -87 0 0 0
398999,7 162 0 8,3125 -80 0 0 0
385999 292 0 8,125 -86 0 0 0
386998,7 293 0 7,5625 -83 0 0 0
389998,9 162 0 7,1875 -84 0 0 0
396999 290 0 1 -86 0 0 0
397999,6 155 0 23,75 -80 0 0 0
386998,6 59 0 6,3125 -83 0 0 0
389999,1 286 0 6,8125 -84 0 0 0
390998,8 293 0 1 -84 0 0 0
395999,3 297 0 10,1875 -75 0 0 0
397999,6 55 0 23,25 -80 0 0 0
398999,5 162 0 7,25 -81 0 0 0
386998,6 63 0 7,25 -83 0 0 0
389998,8 288 0 6,875 -84 0 0 0
390998,8 55 0 1 -84 0 0 0
392999,2 291 0 9,5 -77 0 0 0
393998,9 59 0 1 -77 0 0 0
395999,3 295 0 10,3125 -75 0 0 0
385998,8 293 0 6,6875 -85 0 0 0
388999,1 290 0 6,4375 -86 0 0 0
390998,8 55 0 1 -84 0 0 0
391999,3 288 0 16,9375 -80 0 0 0
393998,9 290 0 1 -77 0 0 0
405015,3 21 0,5346142 5,5 -87 0 0 0
385999 294 0 6,5 -86 0 0 0
386998,5 60 0 7,125 -84 0 0 0
388998,9 294 0 6,9375 -86 0 0 0
389999,1 288 0 7,625 -84 0 0 0
391999,3 287 0 14,125 -79 0 0 0
392999 291 0 9 -77 0 0 0
395999,5 296 0,5065098 10,125 -75 0 0 0
386998,6 289 0 6,3125 -83 0 0 0
387998,8 286 0 7,1875 -88 0 0 0
389998,6 162 0 7,4375 -84 0 0 0
390998,8 55 0 1 -84 0 0 0
392999,2 291 0 9,6875 -77 0 0 0
393998,9 57 0 1 -77 0 0 0
395999,5 295 0 10,125 -75 0 0 0
388999,3 294 0 8,5625 -87 0 0 0
390998,8 58 0 1 -84 0 0 0
391999,3 287 0 13,875 -79 0 0 0
393998,9 99 0 1 -77 0 0 0
394999,4 287 0 24,75 -73 0 0 0
396999,1 162 0 1 -87 0 0 0
385999 293 0 6,5 -86 0 0 0
386998,7 292 0 7,75 -84 0 0 0
388999,1 295 0 8 -86 0 0 0
389998,9 286 0 7,0625 -83 0 0 0
392999 291 0 9,6875 -77 0 0 0
394999,5 60 0 35,4375 -73 0 0 0
395999,5 295 0 10,1875 -75 0 0 0
397999,6 156 0 23,375 -80 0 0 0
386998,4 58 0 6,1875 -84 0 0 0
389998,6 287 0 7,4375 -84 0 0 0
390998,8 55 0 1 -84 0 0 0
392999,2 289 0 9,5 -77 0 0 0
393998,9 101 0 1 -77 0 0 0
395999,5 292 0,543746 10,125 -75 0 0 0
396998,9 162 0 1 -86 0 0 0
398999,8 333 0 9,25 -81 0 0 0
387998,9 283 0 6,1875 -89 0 0 0
389999,1 288 0 6,8125 -84 0 0 0
390998,9 294 0 1 -85 0 0 0
392999,2 59 0 9,4375 -77 0 0 0
393998,9 290 0 1 -77 0 0 0
395999,5 295 0 10,375 -75 0 0 0
398999,5 332 0 7,25 -81 0 0 0
388999,2 101 0 7,625 -86 0 0 0
393998,8 291 0 1 -77 0 0 0
394999,4 285 0 24,9375 -73 0 0 0
396999 335 0 1 -86 0 0 0
397999,6 290 0 23,25 -80 0 0 0
389999,2 287 0 5,8125 -84 0 0 0
391999,3 287 0 17,9375 -79 0 0 0
392999,4 292 0 10,25 -77 0 0 0
394999,5 286 0 35,625 -73 0 0 0
395999,3 296 0 10 -75 0 0 0
397999,6 290 0 23,25 -80 0 0 0
398999,6 332 0 8 -81 0 0 0
390998,8 56 0 1 -84 0 0 0
392999,3 288 0,5057036 9,4375 -77 0 0 0
393998,9 100 0 1 -77 0 0 0
396999 284 0 1 -87 0 0 0
398999,9 332 0 9 -81 0 0 0
386998,7 293 0 6,875 -84 0 0 0
393998,9 100 0 1 -77 0 0 0
394999,5 286 0 24,5625 -73 0 0 0
396999,2 162 0 1 -87 0 0 0
397999,6 55 0 22,0625 -81 0 0 0
386999 289 0 11 -85 0 0 0
392999,2 291 0 9,25 -77 0 0 0
394999,6 285 0 67,125 -74 0 0 0
395999,6 295 0 10,5625 -76 0 0 0
397999,5 291 0 22,6875 -81 0 0 0
390998,8 55 0 1 -84 0 0 0
391999,4 287 0 23,75 -80 0 0 0
393998,9 100 0 1 -77 0 0 0
394999,5 286 0 35,4375 -73 0 0 0
396999,1 158 0 1 -87 0 0 0
397999,6 291 0 23,625 -80 0 0 0
386998,9 293 0 7,9375 -83 0 0 0
392999,2 291 0 9,375 -77 0 0 0
394999,5 287 0 35,625 -73 0 0 0
395999,3 298 0,5548366 10,1875 -75 0 0 0
397999,6 55 0 23,625 -80 0 0 0
405015,1 30 0,8278732 5,25 -86 0 0 0
386998,7 291 0 6,5 -83 0 0 0
389998,8 285 0 7,5625 -83 0 0 0
390998,8 55 0 1 -84 0 0 0
392999,2 292 0 9,6875 -77 0 0 0
395999,6 296 0 10,4375 -76 0 0 0
396999 284 0 1 -87 0 0 0
398999,8 331 0 9,625 -81 0 0 0
389998,8 162 0 11 -86 0 0 0
390998,8 55 0 1 -84 0 0 0
392999,4 291 0 13,125 -79 0 0 0
393998,9 294 0 1 -77 0 0 0
394999,7 286 0 18,3125 -85 0 0 0
395999,5 294 0 15,1875 -78 0 0 0
396999 289 0 1 -87 0 0 0
398999,9 342 0 14,9375 -84 0 0 0
385999,2 293 0 7,625 -86 0 0 0
388999,2 292 0,5034491 6,6875 -87 0 0 0
390998,9 293 0 1 -85 0 0 0
393998,9 292 0 1 -77 0 0 0
394999,4 286 0 24,75 -73 0 0 0
385998,9 294 0 7,625 -85 0 0 0
386998,4 58 0 6,875 -84 0 0 0
388999,2 294 0 7,625 -86 0 0 0
394999,4 287 0 24,75 -73 0 0 0
396999,1 332 0 1 -87 0 0 0
397999,6 346 0 23,625 -80 0 0 0
388999,1 101 0 6,4375 -86 0 0 0
390998,8 56 0 1 -84 0 0 0
391999,3 286 0 13,75 -79 0 0 0
393998,9 291 0 1 -77 0 0 0
394999,5 286 0 35,4375 -73 0 0 0
396998,9 330 0 1 -86 0 0 0
397999,6 55 0 23,625 -80 0 0 0
386998,4 289 0 6,875 -84 0 0 0
389998,8 286 0 7,75 -84 0 0 0
390998,9 293 0 1 -85 0 0 0
392999,2 291,4847 0,5336533 9,6875 -77 0,4846802 0 0
393999 290 0 10,8125 -74 0 0 0
395999,5 296 0 10,1875 -75 0 0 0
385999,1 295 0 6,4375 -86 0 0 0
388999,2 289 0 8,875 -87 0 0 0
395999,5 295 0 10,1875 -75 0 0 0
398999,8 162 0 8,25 -81 0 0 0
390998,9 57 0 1 -85 0 0 0
391999,3 286 0 13,75 -79 0 0 0
393998,9 294 0 1 -77 0 0 0
394999,4 286 0 24,75 -73 0 0 0
396999 162 0 1 -87 0 0 0
405015,3 27 0,6540148 5,6875 -87 0 0 0
385999 293 0 6,625 -86 0 0 0
389999,1 288 0 7,625 -84 0 0 0
391999,3 286 0 13,875 -79 0 0 0
392999,2 290 0 8,875 -77 0 0 0
394999,5 287 0 35,4375 -73 0 0 0
395999,3 296 0 10,3125 -75 0 0 0
397999,7 156 0 45 -80 0 0 0
398999,8 332 0 8,25 -81 0 0 0
405000,7 38 0 13,875 -93 0 0 0
385998,9 294 0 6,5625 -85 0 0 0
388999,1 292 0 6,3125 -86 0 0 0
390998,8 293 0 1 -84 0 0 0
391999,3 287 0 14 -79 0 0 0
398999,9 334 0 9 -81 0 0 0
385999 292 0 6,1875 -85 0 0 0
391999,3 288 0 14,125 -79 0 0 0
393998,9 59 0 1 -77 0 0 0
396998,9 106 0 1 -87 0 0 0
397999,6 153 0 23,75 -80 0 0 0
407076,3 193 0 5,9375 -84 0 0 0
391999,3 288 0 13,75 -79 0 0 0
392999,2 291 0 9,6875 -77 0 0 0
394999,4 286 0 24,75 -73 0 0 0
395999,5 295 0 10,125 -75 0 0 0
397999,6 55 0 23,625 -80 0 0 0
407075,8 306 0 13,25 -84 0 0 0
385998,9 293 0 5,8125 -86 0 0 0
387998,7 26 0 8,5625 -89 0 0 0
393998,9 59 0 1 -77 0 0 0
396999,1 157 0 1 -87 0 0 0
398999,7 334 0 8,5625 -81 0 0 0
407075,7 191 0 8,3125 -84 0 0 0
385999 294 0 7,4375 -85 0 0 0
387998,6 162 0 16,25 -89 0 0 0
388999,1 293 0 7,125 -87 0 0 0
395999,5 297 0,598762 10,0625 -75 0 0 0
396999,1 283 0 1 -87 0 0 0
398999,8 332 0 8,25 -81 0 0 0
385999 293 0 6,625 -86 0 0 0
386998,4 289 0 6,875 -84 0 0 0
388999,2 295 0 8,875 -87 0 0 0
394999,5 287 0 35,625 -73 0 0 0
396999,1 336 0 1 -87 0 0 0
405000,4 77 0 15,25 -93 0 0 0
386998,5 291 0 7 -83 0 0 0
392999,2 292 0 9,75 -77 0 0 0
394999,5 287 0 35,4375 -73 0 0 0
395999,3 291 0 9,5625 -75 0 0 0
397999,6 55 0 23,3125 -80 0 0 0
398999,4 107 0 8,375 -81 0 0 0
386998,7 58 0 7,5625 -83 0 0 0
392999,2 289 0 9,5625 -77 0 0 0
393998,9 59 0 1 -77 0 0 0
395999,5 294 0 10,25 -75 0 0 0
396999,1 330 0 1 -87 0 0 0
398999,8 335 0 8,25 -81 0 0 0
386998,7 61 0 7,5625 -83 0 0 0
389999,1 286 0 7,4375 -83 0 0 0
392999,2 289 0 9,5625 -77 0 0 0
393998,9 101 0 1 -77 0 0 0
385999,1 295 0 6,25 -86 0 0 0
391999,3 286 0 14,125 -79 0 0 0
393998,8 59 0 1 -77 0 0 0
394999,5 162 0 35,4375 -73 0 0 0
396999,1 162 0 1 -88 0 0 0
385999,1 292 0 8 -86 0 0 0
386998,9 292 0 7,1875 -84 0 0 0
388999,2 292 0 6,75 -87 0 0 0
389999,1 285 0,5026174 5,5 -85 0 0 0
391999,3 288 0 13,875 -79 0 0 0
392999,3 291 0 11,875 -77 0 0 0
394999,4 286 0 24,75 -73 0 0 0
395999,3 301 0,5356969 9,6875 -75 0 0 0
398999,7 332 0 7,9375 -82 0 0 0
386998,7 292 0 7,5625 -83 0 0 0
389999,1 286 0 7,4375 -83 0 0 0
390998,8 55 0 1 -84 0 0 0
397999,6 155 0 23,5 -80 0 0 0
398999,7 162 0 8,5625 -81 0 0 0
390998,9 55 0 1 -84 0 0 0
392999 270 0,6057119 12,625 -77 0 0 0
393998,9 100 0 1 -77 0 0 0
395999,3 295 0 10,375 -75 0 0 0
396999 280 0 1 -87 0 0 0
398999,6 328 0 8,9375 -81 0 0 0
385999,1 295 0 6,4375 -86 0 0 0
388999,3 292 0 7,375 -86 0 0 0
390998,8 57 0 1 -84 0 0 0
391999,4 279 0,5092452 17,6875 -79 0 0 0
393998,8 295 0 1 -77 0 0 0
394999,5 288 0 35,4375 -73 0 0 0
396999,1 282 0 1 -88 0 0 0
385999,1 292 0 7,75 -86 0 0 0
386998,6 293 0 6,5625 -84 0 0 0
389999,1 290 0 7,625 -84 0 0 0
396999,1 286 0 1 -87 0 0 0
397999,6 155 0 23,25 -80 0 0 0
388999,2 288 0 7,625 -86 0 0 0
389998,6 286 0 7,4375 -84 0 0 0
391999,4 287 0 17,6875 -79 0 0 0
392999,2 292 0 9,4375 -77 0 0 0
395999,5 295 0 10,125 -75 0 0 0
397999,6 291 0 23,875 -80 0 0 0
398999,9 21 0 7,0625 -81 0 0 0
386998,5 287 0 6,375 -84 0 0 0
389999,1 283 0 6,8125 -84 0 0 0
390998,9 293 0 1 -85 0 0 0
392999,3 292 0 9,3125 -77 0 0 0
393998,9 101 0 1 -77 0 0 0
395999,5 296 0,5741645 10,0625 -75 0 0 0
396999 162 0 1 -87 0 0 0
385999,1 294 0 6,4375 -86 0 0 0
388999,3 295 0 8,5625 -87 0 0 0
390998,8 55 0 1 -84 0 0 0
391999,3 287 0 14 -79 0 0 0
393998,9 59 0 1 -77 0 0 0
394999,5 286 0 35,625 -73 0 0 0
396999,1 279 0 1 -88 0 0 0
405015,4 27 0,9101461 5,25 -86 1 0 0
385999,1 296 0 6,4375 -86 0 0 0
386998,8 293 0 6,8125 -83 0 0 0
388999,2 293 0,5072157 6,1875 -86 0 0 0
389999,1 288 0 5,5 -85 0 0 0
391999,4 287 0 17,8125 -79 0 0 0
405015,4 35 0,6818088 4,6875 -86 0 0 0
385999,2 294 0 7,625 -86 0 0 0
390998,9 292 0 10,625 -86 0 0 0
391999,3 288 0 14,125 -79 0 0 0
392999,5 289 0 18,3125 -82 0 0 0
393999 59 0 19,5625 -79 0 0 0
386998,4 60 0 6,1875 -84 0 0 0
389998,8 287 0 6,875 -84 0 0 0
390998,8 57 0 1 -84 0 0 0
397999,7 153 0 41,875 -81 0 0 0
398999,7 291 0 8,5625 -81 0 0 0
385999 293 0 6,5 -86 0 0 0
388999,2 292 0 7,5625 -86 0 0 0
390998,8 293 0 1 -84 0 0 0
391999,4 287 0 16,625 -80 0 0 0
393998,9 58 0 1 -77 0 0 0
385999,1 296 0 7,1875 -85 0 0 0
386998,4 291 0 7,5625 -83 0 0 0
388999,2 290 0 7,625 -86 0 0 0
389998,7 162 0 6,5625 -84 0 0 0
391999,4 278 0,507539 17,5625 -79 0 0 0
392999,4 290 0 10,5 -77 0 0 0
394999,5 286 0 24,4375 -73 0 0 0
395999,5 295 0 10,1875 -75 0 0 0
386998,7 289 0 7,5625 -83 0 0 0
388999,1 291 0 7 -87 0 0 0
389998,9 288 0 7,1875 -84 0 0 0
391999,4 287 0 16,625 -80 0 0 0
392999,2 292 0 9,75 -77 0 0 0
394999,4 286 0 24,75 -73 0 0 0
397999,6 153 0 23,375 -80 0 0 0
398999,8 342 0 8,25 -81 0 0 0
385999,1 294 0 8 -86 0 0 0
389998,9 285 0 7,1875 -84 0 0 0
390998,8 294 0 1 -84 0 0 0
396999 162 0 1 -87 0 0 0
398999,8 286 0 8,875 -80 0 0 0
385998,8 293 0 8,8125 -86 0 0 0
387998,8 55 0 10,8125 -88 0 0 0
388999,2 295 0 10,1875 -86 0 0 0
391999,4 286 0 26,4375 -79 0 0 0
393998,9 291 0 10,9375 -73 0 0 0
405015,2 27 0,6917149 6,375 -89 0 0 0
385999 293 0 8,125 -86 0 0 0
388999,2 290 0 10 -86 0 0 0
389999,1 162 0 9,5625 -83 0 0 0
391999,4 287 0 26,1875 -79 0 0 0
392999,2 291 0,5408608 11,125 -77 0 0 0
394999,5 286 0 36,5 -73 0 0 0
395999,6 296 0 12,9375 -75 0 0 0
405015,4 20 0,6990228 7,625 -89 0 0 0
385999,1 290 0 10,375 -86 0 0 0
386998,5 294 0 7 -83 0 0 0
388999,1 290 0,503084 6,5 -86 0 0 0
389998,9 288 0 7,1875 -84 0 0 0
391999,3 286 0 13,875 -79 0 0 0
392999,2 58 0 9,5625 -77 0 0 0
395999,5 295 0 10,25 -75 0 0 0
397999,3 347 0 25,5625 -80 0 0 0
407025 107 0,584529 14,875 -61 0 0 0
386999 294 0 10,6875 -87 0 0 0
389998,8 286 0 9,625 -87 0 0 0
390998,8 55 0 1 -84 0 0 0
393998,9 101 0 1 -77 0 0 0
394999,3 287 0 20,8125 -79 0 0 0
395999,2 297 0 20,0625 -81 0 0 0
396999,1 287 0 1 -87 0 0 0
397999,8 288 0 14,0625 -86 0 0 0
398999,8 162 0 17,8125 -87 0 0 0
388999,2 293 0 6,6875 -87 0 0 0
390998,8 55 0 1 -84 0 0 0
391999,3 287 0 14,125 -79 0 0 0
393998,9 59 0 1 -77 0 0 0
394999,5 286 0 35,625 -73 0 0 0
396999,1 162 0 1 -87 0 0 0
397999,6 55 0 23,25 -80 0 0 0
389998,9 288 0 7,1875 -84 0 0 0
391999,4 287 0 17,8125 -79 0 0 0
392999 291 0 9,75 -77 0 0 0
395999,5 296 0,50739 10,0625 -75 0 0 0
397999,6 55 0 23,625 -80 0 0 0
398999,7 331 0 8,5625 -81 0 0 0
385999,1 297 0 7,875 -86 0 0 0
392999,2 289 0 13,4375 -79 0 0 0
393998,9 59 0 1 -77 0 0 0
395000,1 290 0 17,25 -85 0 0 0
395999,5 294 0 15,375 -78 0 0 0
396999,1 162 0 1 -87 0 0 0
397999 288 0 11,4375 -89 0 0 0
398999,9 284 0 14,625 -85 0 0 0
386998,7 292 0 6,5 -83 0 0 0
391999,3 286 0 13,875 -79 0 0 0
392999,3 291 0 9,5625 -77 0 0 0
394999,5 162 0 35,8125 -73 0 0 0
398999,9 342 0 9 -81 0 0 0
405000,6 87 0,680405 15,5 -93 0 0 0
392999,2 289 0 9,6875 -77 0 0 0
393999,2 101 0 20,375 -89 0 0 0
394999,6 162 0 67,5625 -74 0 0 0
395999,5 295 0 10,125 -75 0 0 0
397999,5 156 0 23,4375 -81 0 0 0
398999,9 336 0 9 -81 0 0 0
391999,3 286 0 14 -79 0 0 0
393998,9 59 0 1 -77 0 0 0
394999,4 286 0 24,75 -73 0 0 0
396999,1 342 0 1 -87 0 0 0
397999,6 157 0 22,0625 -81 0 0 0
391999,4 288 0 17,5625 -79 0 0 0
394999,5 287 0 35,25 -73 0 0 0
395999,3 296 0 9,75 -75 0 0 0
397999,6 55 0 23,3125 -80 0 0 0
398999,6 334 0 8 -81 0 0 0
390998,9 55 0 1 -85 0 0 0
393998,9 98 0 1 -77 0 0 0
395999,3 295 0 10,125 -75 0 0 0
396999,1 283 0 1 -87 0 0 0
398999,8 332 0 9,625 -81 0 0 0
385999,2 291 0 8,5 -85 0 0 0
392999,3 289 0 9,5625 -77 0 0 0
393998,9 100 0 1 -77 0 0 0
395999,5 295 0 10,875 -75 0 0 0
396999,1 332 0 1 -88 0 0 0
398999,8 162 0 9,25 -81 0 0 0
405015 31 0,5996907 6,1875 -86 1 0 0
385999 294 0 6,625 -86 0 0 0
386998,5 60 0 7 -83 0 0 0
388999,3 290 0 7,375 -86 0 0 0
394999,5 286 0 24,5625 -73 0 0 0
396999,1 284 0 1 -87 0 0 0
397999,6 291 0 23,625 -80 0 0 0
405015,1 28 0,5732607 5,9375 -86 0 0 0
386998,5 58 0 7 -83 0 0 0
389999,1 287 0 6,8125 -84 0 0 0
395999,5 295 0 10,5625 -76 0 0 0
397999,5 291 0 16,25 -80 0 0 0
398999,9 333 0 9 -81 0 0 0
388998,7 292 0 9,5625 -86 0 0 0
390998,8 295 0 1 -84 0 0 0
391999,3 287 0 14,3125 -79 0 0 0
393998,9 290 0 1 -77 0 0 0
398999,8 334 0 8,25 -81 0 0 0
405015 28 0,7956913 4,75 -86 0 0 0
386998,4 289 0 6,1875 -84 0 0 0
387998,9 285 0 6,375 -89 0 0 0
389999,1 287 0 7,625 -84 0 0 0
390998,8 55 0 1 -84 0 0 0
392999,2 291 0 9,25 -77 0 0 0
393998,9 58 0 1 -77 0 0 0
385999,1 55 0 6,4375 -86 0 0 0
386998,6 292 0 7,4375 -84 0 0 0
389998,8 285 0 6,875 -84 0 0 0
392999,2 290 0 9,75 -77 0 0 0
394999,5 285 0 35,4375 -73 0 0 0
395999,5 295 0 10,125 -75 0 0 0
397999,6 153 0 23,625 -80 0 0 0
386998,4 58 0 6,75 -83 0 0 0
389999,1 286 0 6,8125 -84 0 0 0
390998,8 294 0 1 -84 0 0 0
392999,2 292 0 9,5 -77 0 0 0
393998,9 60 0 1 -77 0 0 0
395999,3 294 0 10,3125 -75 0 0 0
396999 335 0 1 -87 0 0 0
398999,8 108 0 8,25 -81 0 0 0
405014,8 23 0 5,75 -87 0 0 0
385999,2 292 0 7,4375 -86 0 0 0
388999,1 293 0,5966615 6,3125 -86 0 0 0
390998,8 55 0 1 -84 0 0 0
