384000,6 293 0 10,25 -81 0 0 0
383000,2 292 0 1 -82 0 0 0
380000,1 296 0 50,9375 -78 0 0 0
380000,1 296 0 28,125 -77 0 0 0
381000,7 292 0 16,1875 -77 0 0 0
381000,7 293 0 16,1875 -77 0 0 0
381999,8 295 0 1 -85 0 0 0
380000,1 296 0 51,1875 -78 0 0 0
382000,2 295 0 9,375 -77 0 0 0
380000,1 296 0 28,125 -77 0 0 0
383000,2 292 0 1 -82 0 0 0
380000,1 296 0 50,9375 -78 0 0 0
381000,7 293 0 16,1875 -77 0 0 0
383000,2 288 0 1 -82 0 0 0
384000,7 293 0 12,25 -81 0 0 0
381999,9 296 0 1 -86 0 0 0
384000,6 292 0 10,25 -81 0 0 0
380000,1 296 0 51,0625 -78 0 0 0
382000,1 296 0 1 -86 0 0 0
383000,3 289 0 1 -83 0 0 0
380000,1 295 0 50,8125 -78 0 0 0
381000,7 292 0 16 -77 0 0 0
383000,2 291 0 1 -82 0 0 0
384000,8 292 0 11,0625 -82 0 0 0
384000,8 293 0 11,0625 -82 0 0 0
380000,1 297 0 52,3125 -78 0 0 0
381999,8 294 0 1 -85 0 0 0
381999,9 295 0 1 -86 0 0 0
383000,2 290 0 1 -82 0 0 0
383000,3 291 0 1 -83 0 0 0
381000,7 292 0 15,875 -77 0 0 0
382000,3 295 0 9,875 -77 0 0 0
384000,6 291 0 10,25 -81 0 0 0
380000,1 296 0 28,1875 -77 0 0 0
383000,2 293 0 1 -82 0 0 0
380000,1 296 0 51,0625 -78 0 0 0
381000,6 293 0 13,25 -77 0 0 0
383000,2 291 0 1 -82 0 0 0
384000,7 293 0 11,3125 -82 0 0 0
380000,1 296 0 28,125 -77 0 0 0
381000,7 292 0 16,1875 -77 0 0 0
383000,3 291 0 1 -83 0 0 0
381000,7 292 0 20,0625 -78 0 0 0
381000,7 293 0 16 -77 0 0 0
381999,8 295 0 1 -86 0 0 0
380000,1 296 0 28 -77 0 0 0
383000,3 288 0 1 -83 0 0 0
384000,8 294 0 18,625 -84 0 0 0
383000,2 290 0 1 -82 0 0 0
384000,7 294 0 11,4375 -82 0 0 0
381000,7 293 0 16,1875 -77 0 0 0
381999,8 294 0 1 -86 0 0 0
384000,7 293 0 12,25 -81 0 0 0
380000,1 297 0 50,875 -78 0 0 0
381999,9 293 0 1 -86 0 0 0
383000,3 287 0 1 -83 0 0 0
380000,1 296 0 28,125 -77 0 0 0
381000,7 293 0 16,1875 -77 0 0 0
384000,7 292 0 11,3125 -82 0 0 0
381000,7 292 0 16,1875 -77 0 0 0
381999,8 296 0 1 -86 0 0 0
384000,8 293 0 11,0625 -82 0 0 0
381999,7 295 0 1 -85 0 0 0
383000,2 290 0 1 -82 0 0 0
381000,7 293 0 16 -77 0 0 0
383000,2 290 0 1 -82 0 0 0
384000,7 292 0 11,4375 -82 0 0 0
381000,6 293 0 21,25 -78 0 0 0
381999,7 293 0 1 -85 0 0 0
384000,6 293 0 14,5625 -83 0 0 0
380000,2 296 0 28,4375 -77 0 0 0
381000,7 292 0 16 -77 0 0 0
383000,2 291 0 1 -82 0 0 0
384000,7 292 0 11,3125 -82 0 0 0
381000,7 293 0 16,1875 -77 0 0 0
382000,2 294 0 9,3125 -77 0 0 0
381000,6 293 0 13,4375 -77 0 0 0
382000,3 295 0 10,1875 -77 0 0 0
382000,2 295 0 11,3125 -78 0 0 0
383000,3 291 0 1 -83 0 0 0
381000,7 293 0 15,875 -77 0 0 0
382000,2 295 0 9,375 -77 0 0 0
384000,8 292 0 11,8125 -81 0 0 0
381000,7 292 0 16 -77 0 0 0
384000,8 294 0 14,5 -82 0 0 0
380000,2 295 0 28,4375 -77 0 0 0
381999,9 293 0 1 -86 0 0 0
383000,2 291 0 1 -82 0 0 0
380000,1 293 0 51,0625 -78 0 0 0
381000,7 292 0 16 -77 0 0 0
383000,3 292 0 1 -83 0 0 0
384000,6 294 0 10,25 -81 0 0 0
381000,7 293 0 16 -77 0 0 0
382000,2 295 0 9,3125 -77 0 0 0
384000,7 292 0 11,3125 -82 0 0 0
380000,2 296 0 48,0625 -80 0 0 0
381001 294 0 7,1875 -86 0 0 0
381999,8 294 0 1 -85 0 0 0
380000,1 296 0 28,1875 -77 0 0 0
381000,7 293 0 16 -77 0 0 0
383000,2 292 0 1 -82 0 0 0
384000,7 293 0 10,125 -81 0 0 0
381000,7 293 0 16 -77 0 0 0
381999,8 294 0 1 -86 0 0 0
384000,8 292 0 14,375 -82 0 0 0
383000,3 290 0 1 -83 0 0 0
381000,7 293 0 15,6875 -77 0 0 0
383001,2 289 0 1 -83 0 0 0
384000,8 292 0 14,5 -82 0 0 0
384000,7 292 0 11,75 -82 0 0 0
380000,1 297 0 50,8125 -78 0 0 0
381000,7 292 0 15,875 -77 0 0 0
382000,3 295 0 9,375 -77 0 0 0
380000,1 296 0 50,875 -78 0 0 0
382000,3 296 0 9,1875 -77 0 0 0
383000,3 291 0 1 -83 0 0 0
380000,2 295 0 28,3125 -77 0 0 0
381000,7 293 0 16,1875 -77 0 0 0
383000,2 291 0 1 -82 0 0 0
384000,7 293 0 11,4375 -82 0 0 0
381000,7 293 0 16,1875 -77 0 0 0
382000,2 294 0 9,3125 -77 0 0 0
383000,2 289 0 1 -82 0 0 0
384000,7 294 0 9,9375 -81 0 0 0
380000,1 297 0 51,0625 -78 0 0 0
381000,6 293 0 13,4375 -77 0 0 0
383000,3 290 0 1 -83 0 0 0
380000,1 296 0 51,6875 -78 0 0 0
382000,3 295 0 9,3125 -77 0 0 0
383000,2 290 0 1 -82 0 0 0
380000,2 296 0 28,3125 -77 0 0 0
381000,7 293 0 16,1875 -77 0 0 0
383000,2 291 0 1 -83 0 0 0
384000,8 290 0 14,5 -82 0 0 0
381000,7 293 0 16,1875 -77 0 0 0
381999,8 293 0 1 -86 0 0 0
380000,1 292 0 51,1875 -78 0 0 0
381999,9 296 0 1 -86 0 0 0
380000,1 296 0 28,125 -77 0 0 0
382000,2 296 0 11,6875 -78 0 0 0
380000,1 296 0 51,6875 -78 0 0 0
382000,3 295 0 9,375 -77 0 0 0
380000,1 296 0 51,0625 -78 0 0 0
381000,7 293 0 16 -77 0 0 0
380000,2 296 0 28,3125 -77 0 0 0
383000,2 288 0 1 -82 0 0 0
380000,1 295 0 28,1875 -77 0 0 0
381000,7 293 0 16,1875 -77 0 0 0
383000,2 289 0 1 -82 0 0 0
384000,6 293 0 10,4375 -81 0 0 0
380000,1 297 0 51,1875 -78 0 0 0
381000,6 292 0 13,625 -77 0 0 0
383000,3 290 0 1 -83 0 0 0
384000,7 293 0 9,8125 -81 0 0 0
381000,7 293 0 16,1875 -77 0 0 0
381999,7 19 0 1 -85 0 0 0
380000,1 295 0 50,8125 -78 0 0 0
381999,8 296 0 1 -86 0 0 0
383000,2 289 0 1 -82 0 0 0
383000,2 290 0 1 -82 0 0 0
384000,8 292 0 14,375 -82 0 0 0
380000,1 297 0 50,9375 -78 0 0 0
383000,2 290 0 1 -82 0 0 0
381000,6 293 0 16,4375 -77 0 0 0
383000,3 291 0 1 -83 0 0 0
384000,8 294 0 11,0625 -82 0 0 0
380000,2 297 0 28,4375 -77 0 0 0
382000,2 295 0 9,125 -78 0 0 0
383000,3 290 0 1 -82 0 0 0
380000,1 296 0 51,1875 -78 0 0 0
381000,7 292 0 15,875 -77 0 0 0
384000,6 293 0 10,25 -81 0 0 0
381999,9 295 0 1 -86 0 0 0
397999,8 57 0 12,1875 -88 0 0 0
398999,3 107 0 14,5 -85 0 0 0
388999,3 291 0 8,5625 -87 0 0 0
390998,8 55 0 1 -85 0 0 0
391999,4 287 0 16,625 -80 0 0 0
392998,7 290 0,5315886 14,875 -86 0 0 0
393999,1 290 0 17 -76 0 0 0
394999,4 162 0 24,75 -73 0 0 0
395999,7 295 0 22,5625 -84 0 0 0
396999,1 160 0 1 -89 0 0 0
397999,6 290 0 23,25 -80 0 0 0
386998,6 58 0 6,3125 -83 0 0 0
388999,1 292 0 6,3125 -86 0 0 0
389998,8 284 0 6,875 -84 0 0 0
392999,2 291 0 9,75 -77 0 0 0
394999,5 286 0 33,75 -74 0 0 0
395999,5 298 0,5215199 10,0625 -75 0 0 0
397999,7 153 0 41,6875 -81 0 0 0
398999,9 107 0 8 -81 0 0 0
389998,9 285 0 6,4375 -84 0 0 0
390998,8 293 0 1 -84 0 0 0
392999 288 0,599761 9,6875 -77 0 0 0
393998,9 100 0 1 -77 0 0 0
395999,5 296 0 10,125 -75 0 0 0
396999 285 0 1 -87 0 0 0
385999,1 294 0 7,1875 -85 0 0 0
387998,8 55 0,5672088 8,75 -89 0 0 0
390998,8 56 0 1 -84 0 0 0
393998,9 59 0 1 -77 0 0 0
398999,8 287 0 8,875 -80 0 0 0
405014,7 29 0,7734094 6,125 -88 1 0 0
386998,9 293 0 7,1875 -84 0 0 0
389998,9 289 0 7,1875 -84 0 0 0
390998,8 55 0 1 -84 0 0 0
392999 291 0 9,125 -77 0 0 0
395999,3 296 0 9,5625 -75 0 0 0
405015,3 30 0,7064824 5,6875 -87 0 0 0
385999,1 294 0 7,75 -86 0 0 0
388999,2 293 0 6,75 -87 0 0 0
391999,4 286 0 17,8125 -79 0 0 0
393998,9 291 0 1 -77 0 0 0
398999,7 108 0 8,5625 -81 0 0 0
405015,3 34 0,8241565 5,5 -86 0 0 0
385999,1 292 0 8 -86 0 0 0
386998,3 59 0 7,1875 -83 0 0 0
391999,4 287 0 24,0625 -80 0 0 0
393998,9 58 0 1 -77 0 0 0
397999,6 154 0 23,375 -80 0 0 0
405015,1 20 0,6881411 5,25 -86 0 0 0
407074,8 306 0 6,4375 -83 0 0 0
388999,2 102 0 7,4375 -86 0 0 0
390998,8 294 0 1 -84 0 0 0
391999,5 286 0 23,375 -80 0 0 0
393998,9 294 0 1 -77 0 0 0
394999,5 289 0 35,25 -73 0 0 0
396999,3 287 0 1 -89 0 0 0
397999,6 291 0 23,625 -80 0 0 0
407073,6 349 0 1 -87 0 0 0
407076,7 192 0 1 -88 0 0 0
385999,1 55 0 7,75 -86 0 0 0
386998,6 292 0 7,25 -83 0 0 0
388999,2 293 0 7,5625 -86 0 0 0
391999,3 287 0 13,875 -79 0 0 0
394999,5 287 0 33,4375 -74 0 0 0
395999,6 296 0 10,8125 -75 0 0 0
407075,1 191 0 7,25 -83 0 0 0
386998,6 57 0 7,25 -83 0 0 0
390998,9 55 0 1 -84 0 0 0
393998,9 100 0 1 -77 0 0 0
395999,6 294 0 9,75 -76 0 0 0
396999 333 0 1 -87 0 0 0
385998,9 295 0 6,75 -86 0 0 0
388999,2 293 0 7,75 -86 0 0 0
391999,2 286 0 14,6875 -79 0 0 0
394999,5 162 0 33,4375 -74 0 0 0
398999,7 342 0 8,5625 -81 0 0 0
388998,8 290 0,6290731 10,6875 -87 0 0 0
390998,8 56 0 1 -84 0 0 0
391999,3 286 0 18,125 -79 0 0 0
393998,9 101 0 1 -77 0 0 0
396999 335 0 1 -87 0 0 0
390999 292 0 9,8125 -88 0 0 0
391999,4 286 0,503346 35,625 -84 0 0 0
392999,2 289 0 9,4375 -77 0 0 0
393999 99 0 20,125 -79 0 0 0
394999,7 287 0 18,0625 -79 0 0 0
395999,5 296 0 10,1875 -75 0 0 0
396999,1 331 0 9,8125 -88 0 0 0
397999,8 155 0 14,0625 -86 0 0 0
398999,6 342 0 8 -81 0 0 0
386998,7 61 0 7,5625 -83 0 0 0
387998,8 162 0 6,125 -89 0 0 0
389998,9 285 0 7,1875 -84 0 0 0
390998,8 55 0 1 -84 0 0 0
392999,3 289 0,5813259 11,5 -77 0 0 0
398999,9 162 0 10,5625 -81 0 0 0
386998,3 293 0 6,6875 -84 0 0 0
388999,1 293 0 5,5 -87 0 0 0
389999,1 285 0 6,8125 -84 0 0 0
392999,3 291 0 10,3125 -77 0 0 0
394999,5 285 0 33,9375 -74 0 0 0
385998,9 293 0 7,5 -87 0 0 0
388999,2 290 0,6289846 7,75 -88 0 0 0
389998,7 287 0 6,5625 -84 0 0 0
393998,9 99 0 1 -77 0 0 0
396999,1 334 0 1 -87 0 0 0
391999,4 286 0 15,9375 -80 0 0 0
392999,3 292 0 9,375 -77 0 0 0
394999,5 287 0 33,75 -74 0 0 0
395999,5 296 0 10,5 -76 0 0 0
397999,6 153 0 23,375 -80 0 0 0
398999,6 333 0 8 -81 0 0 0
405015,3 31 0,7122326 4,9375 -86 1 0 0
386998,6 289 0 6,5625 -84 0 0 0
389998,8 286 0 7,5625 -83 0 0 0
390998,9 292 0 1 -85 0 0 0
392999,4 291 0 9,875 -77 0 0 0
393998,8 58 0 1 -76 0 0 0
395999,6 296 0 10 -75 0 0 0
396999,3 341 0 1 -88 0 0 0
405014,5 29 0 5,75 -87 0 0 0
385999,1 293 0 7,125 -85 0 0 0
388999,1 293 0 6,5 -86 0 0 0
390998,9 55 0 1 -85 0 0 0
391999,4 287 0 16,5 -80 0 0 0
396999,1 162 0 1 -87 0 0 0
398999,8 333 0 9,625 -81 0 0 0
405015,4 32 0,7871884 5,375 -86 0 0 0
386998,5 287 0 10,1875 -86 0 0 0
393998,9 58 0 1 -77 0 0 0
394999,4 162 0 17,5625 -78 0 0 0
395999,7 299 0 23,9375 -83 0 0 0
396999,2 334 0 1 -88 0 0 0
397999,8 55 0 5,875 -84 0 0 0
385999,1 55 0 7,1875 -85 0 0 0
386998,5 288 0 7,125 -84 0 0 0
393998,9 100 0 1 -77 0 0 0
394999,5 287 0 35,25 -73 0 0 0
396999,1 162 0 1 -87 0 0 0
397999,6 155 0 23,75 -80 0 0 0
386998,8 290 0 9,3125 -84 0 0 0
394999,6 162 0 65,125 -74 0 0 0
397999,7 154 0 42 -81 0 0 0
398999,7 333 0 8,5625 -81 0 0 0
385998,9 293 0 8,5625 -86 0 0 0
386999 289 0 8,75 -84 0 0 0
388999,1 290 0 8,125 -86 0 0 0
389998,9 283 0 9 -83 0 0 0
396999 331 0 1 -86 0 0 0
397999,6 290 0 45,75 -80 0 0 0
386998,8 59 0 8,875 -83 0 0 0
389998,9 285 0,5750704 11,6875 -83 0 0 0
390998,8 294 0 1 -83 0 0 0
392999,3 151 0,5247173 12,0625 -77 0 0 0
399000 335 0 11,875 -81 0 0 0
390998,8 290 0 1 -84 0 0 0
391999,6 285 0 12,875 -85 0 0 0
392999,7 289 0 21,375 -84 0 0 0
393998,9 101 0 1 -77 0 0 0
407025,2 103,5018 0,6192228 14,8125 -61 0,5018005 0 0
385999,2 292 0 7,625 -86 0 0 0
386998,6 59 0 7,25 -83 0 0 0
388999,2 290 0,5760715 6,625 -87 0 0 0
389998,7 287 0 6,5625 -84 0 0 0
391999,4 287 0 16,375 -80 0 0 0
392999,2 289 0 9,4375 -77 0 0 0
394999,5 162 0 35,4375 -73 0 0 0
396647 264 0,5566541 3,8125 -89 0 0 0
389998,8 288 0 6,8125 -83 0 0 0
390998,8 61 0 1 -84 0 0 0
392999,3 59 0 9,4375 -77 0 0 0
398999,9 333 0 9 -81 0 0 0
385999,1 294 0 8 -86 0 0 0
387998,8 285 0 6,0625 -89 0 0 0
390998,8 55 0 1 -84 0 0 0
393998,9 291 0 1 -77 0 0 0
394999,5 287 0 33,75 -74 0 0 0
398999,6 334 0 8 -81 0 0 0
407076 306 0 19 -83 0 0 0
407076,3 194 0 1 -86 0 0 0
391999,5 288 0 23,625 -80 0 0 0
392999,2 289 0 12,1875 -88 0 0 0
393999,2 100 0 14,5625 -75 0 0 0
394999,5 286 0 35,4375 -73 0 0 0
396000,3 296 0 31,3125 -86 0 0 0
396998,9 162 0 1 -87 0 0 0
397999,6 291 0 23,625 -80 0 0 0
407076,7 193 0 1 -89 0 0 0
389998,9 285 0 7,9375 -83 0 0 0
391999,4 288 0 24,0625 -80 0 0 0
392999,2 291 0 9,75 -77 0 0 0
394999,5 286 0 35,4375 -73 0 0 0
395999,3 297 0,5037904 10,1875 -75 0 0 0
397999,6 290 0 23,625 -80 0 0 0
398999,6 108 0 8,9375 -81 0 0 0
405000,7 255 0,6366056 15,875 -92 0 0 0
385998,9 293 0 6,9375 -86 0 0 0
392999,2 291 0 9,6875 -77 0 0 0
393998,9 100 0 1 -77 0 0 0
395999,5 295 0 10,125 -75 0 0 0
396999,1 288 0 1 -87 0 0 0
398999,8 334 0 8,25 -81 0 0 0
385999,1 291 0 6,4375 -86 0 0 0
386998,8 292 0 6,6875 -82 0 0 0
394999,5 286 0 35,8125 -73 0 0 0
396999,1 162 0 1 -87 0 0 0
397999,6 290 0 23,375 -80 0 0 0
386998,5 289 0 7,125 -84 0 0 0
392999,2 294 0,512999 9,4375 -77 0 0 0
394999,5 286 0 35,4375 -73 0 0 0
395999,5 295 0 10,0625 -75 0 0 0
397999,6 156 0 23,75 -80 0 0 0
398999,7 286 0 8,5625 -81 0 0 0
403227,1 91 0 12,8125 -82 0 0 0
385998,9 293 0 6,5625 -85 0 0 0
395999,3 295 0 10,375 -75 0 0 0
396999,1 331 0 1 -87 0 0 0
398999,9 333 0 9 -81 0 0 0
385999,2 292 0 7,625 -86 0 0 0
386998,9 58 0 7,9375 -83 0 0 0
388999,2 292 0,5501704 6,75 -87 0 0 0
394999,5 286 0 35,8125 -73 0 0 0
396999,1 162 0 1 -87 0 0 0
397999,7 291 0 44,75 -80 0 0 0
386998,9 290 0 6,4375 -84 0 0 0
395999,5 297 0 10,1875 -75 0 0 0
397999,6 346 0 23,125 -80 0 0 0
398999,8 334 0 9,25 -81 0 0 0
386998,9 60 0 7,1875 -84 0 0 0
387998,7 279 0 8,5 -89 0 0 0
389999,3 288 0 6,4375 -84 0 0 0
395999,5 296 0 10,25 -76 0 0 0
397999,6 289 0 23,3125 -80 0 0 0
398999,6 108 0 8 -81 0 0 0
403227 198 0 21,625 -83 0 0 0
403224,9 198 0 1 -86 0 0 0
385999 294 0 6,5 -86 0 0 0
388999,2 293 0 7,5625 -86 0 0 0
390998,8 294 0 1 -84 0 0 0
391999,3 288 0 16,9375 -80 0 0 0
398999,8 106 0 9,625 -81 0 0 0
403224,9 200 0 1 -85 0 0 0
385999,1 294 0 6,4375 -86 0 0 0
386998,5 59 0 6,375 -84 0 0 0
388999,1 291 0 5,625 -87 0 0 0
392999,3 291 0,5954638 10 -77 0 0 0
394999,5 162 0 34,125 -74 0 0 0
389999,8 284 0 11,4375 -89 0 0 0
390998,8 55 0 1 -84 0 0 0
391999,3 287 0 32,9375 -85 0 0 0
392998,7 290 0 16,25 -84 0 0 0
393998,9 100 0 1 -77 0 0 0
394999,4 162 0 17 -78 0 0 0
395999,2 297 0,5594721 23,1875 -84 0 0 0
385998,9 291 0 6,75 -86 0 0 0
388999,1 293 0 5,625 -87 0 0 0
390998,9 55 0 1 -85 0 0 0
391999,4 286 0 16,375 -80 0 0 0
393998,9 58 0 1 -77 0 0 0
385999,2 60 0 7,5625 -86 0 0 0
386998,6 291 0 6,3125 -83 0 0 0
389998,8 287 0 6,1875 -84 0 0 0
391999,4 286 0 16,5 -80 0 0 0
392999,2 58 0 9,6875 -77 0 0 0
394999,4 286 0 24,75 -73 0 0 0
395999,3 296 0 10,3125 -75 0 0 0
386998,4 59 0 6,875 -84 0 0 0
389999,1 288 0,5037581 6,8125 -84 0 0 0
390998,9 55 0 1 -85 0 0 0
392999 59 0 9,625 -77 0 0 0
395999,5 296 0 10,0625 -75 0 0 0
396999,1 332 0 1 -87 0 0 0
398999,8 332 0 8,25 -81 0 0 0
385999 293 0 6,5 -86 0 0 0
391999,4 286 0 17,8125 -79 0 0 0
393998,9 59 0 1 -77 0 0 0
394999,6 287 0 64,625 -74 0 0 0
396999 162 0 1 -87 0 0 0
397999,7 55 0 45,375 -80 0 0 0
388999,1 288 0 6,25 -86 0 0 0
389998,9 287 0 7,1875 -84 0 0 0
391999,3 286 0 16,75 -80 0 0 0
392999,3 287 0,53945 9,3125 -77 0 0 0
394999,5 288 0 33,9375 -74 0 0 0
395999,5 295 0 10,4375 -76 0 0 0
397999,5 290 0 16,25 -80 0 0 0
390998,8 55 0 1 -84 0 0 0
391999,3 287 0 17,8125 -80 0 0 0
393998,9 288 0 1 -77 0 0 0
396999,1 281 0 1 -87 0 0 0
397999,6 154 0 45,75 -80 0 0 0
386998,6 289 0 6,5625 -84 0 0 0
392999,2 58 0 9,5 -77 0 0 0
394999,5 287 0 33,75 -74 0 0 0
395999,5 296 0 10,125 -75 0 0 0
397999,6 55 0 23,625 -80 0 0 0
398999,7 332 0 8,5625 -81 0 0 0
405015,5 26 0,6382121 6,5625 -85 0 0 0
385998,9 294 0 6,9375 -86 0 0 0
393998,9 57 0 1 -77 0 0 0
395999,5 294 0 10 -75 0 0 0
396998,9 329 0 1 -87 0 0 0
398999,8 108 0 9,625 -81 0 0 0
385999 292 0 6,625 -86 0 0 0
388999,1 292 0 5,6875 -87 0 0 0
391999,3 286 0 14,125 -79 0 0 0
393998,9 100 0 1 -77 0 0 0
394999,5 289 0 35,625 -73 0 0 0
396999,1 331 0 1 -88 0 0 0
385999,1 291 0 7 -85 0 0 0
388999,2 292 0,5339179 7,75 -86 0 0 0
390998,9 294 0 1 -85 0 0 0
391999,4 285 0 16,625 -80 0 0 0
397999,6 55 0 23,625 -80 0 0 0
389998,9 288 0 6,4375 -84 0 0 0
391999,3 287 0 16,9375 -80 0 0 0
392999,2 291 0 10,1875 -77 0 0 0
394999,5 286 0 33,9375 -74 0 0 0
395999,5 295 0 10,25 -75 0 0 0
397999,6 55 0 23,3125 -80 0 0 0
398999,6 106 0 8,9375 -81 0 0 0
385998,9 292 0 7,625 -85 0 0 0
392999,2 286 0,5334003 9,4375 -77 0 0 0
393998,9 290 0 1 -77 0 0 0
395999,6 295 0 10 -75 0 0 0
396998,9 332 0 1 -86 0 0 0
405015,5 28 0,7683395 6,0625 -87 0 0 0
390998,8 57 0 1 -84 0 0 0
391999,3 287 0 14,125 -79 0 0 0
393998,9 100 0 1 -77 0 0 0
394999,5 286 0 35,4375 -73 0 0 0
396999 341 0 1 -87 0 0 0
397999,6 55 0 21,75 -81 0 0 0
389998,6 288 0 7,4375 -84 0 0 0
391999,3 287 0 14,125 -79 0 0 0
392999,2 288 0 9,4375 -77 0 0 0
394999,4 286 0 24,75 -73 0 0 0
395999,5 296 0 10,1875 -75 0 0 0
397999,5 55 0 16,1875 -80 0 0 0
398999,6 332 0 8,9375 -81 0 0 0
389998,9 287 0 6,4375 -84 0 0 0
390998,8 294 0 1 -84 0 0 0
392999,3 292 0 9,625 -77 0 0 0
393998,9 58 0 1 -77 0 0 0
395999,5 296 0 10,4375 -76 0 0 0
396999,1 162 0 1 -87 0 0 0
398999,8 333 0 8,25 -81 0 0 0
388999,2 293 0 9,875 -86 0 0 0
390998,8 56 0 1 -83 0 0 0
391999,4 287 0 26,1875 -79 0 0 0
393998,9 58 0 10,375 -73 0 0 0
394999,4 287 0 36,75 -73 0 0 0
396999 162 0 1 -86 0 0 0
397999,7 55 0 45,375 -80 0 0 0
386998,8 57 0 9,4375 -84 0 0 0
389998,9 283 0 9 -83 0 0 0
392999 291 0 11,25 -77 0 0 0
394999,4 286 0 36,625 -73 0 0 0
395999,6 295 0 12,9375 -75 0 0 0
397999,7 291 0 45,5625 -80 0 0 0
398999,8 332 0 11 -81 0 0 0
405015,2 26 0,7785252 6,8125 -86 0 0 0
389998,1 282 0 1 -88 0 0 0
390998,8 56 0 1 -83 0 0 0
392999,2 292 0 12,1875 -77 0 0 0
393998,9 100 0 10,5 -73 0 0 0
395999,4 295 0 11,9375 -75 0 0 0
396998,9 162 0 1 -85 0 0 0
398999,8 334 0 11,25 -80 0 0 0
385999 293 0 8,125 -86 0 0 0
388999,2 291 0 7,625 -86 0 0 0
390998,9 56 0 1 -85 0 0 0
391999,3 288 0 16,75 -80 0 0 0
393998,9 58 0 1 -77 0 0 0
394999,4 286 0 24,75 -73 0 0 0
407025,2 104 0,6121565 14,6875 -61 0 0 0
386998,9 61 0 7,0625 -83 0 0 0
388999,2 293 0 6,75 -87 0 0 0
389998,8 286 0 6,875 -84 0 0 0
391999,3 289 0 16,9375 -80 0 0 0
392999 289 0,5227081 9,125 -77 0 0 0
395999,5 294 0 10,0625 -75 0 0 0
397999,7 155 0 45 -80 0 0 0
398999,6 106 0 9,625 -80 0 0 0
392999,2 291 0 9,75 -77 0 0 0
393999 59 0 1 -77 0 0 0
395999,5 296 0,5741907 10,125 -75 0 0 0
396999 336 0 1 -87 0 0 0
398999,7 332 0 8,5625 -81 0 0 0
390998,8 58 0 1 -85 0 0 0
392999,2 292 0,5649521 9,6875 -77 0 0 0
393998,9 58 0 1 -77 0 0 0
395999,5 295 0 10,125 -75 0 0 0
396999,1 341 0 1 -87 0 0 0
398999,9 332 0 9 -81 0 0 0
385999,1 294 0 6,3125 -86 0 0 0
386998,5 60 0 7 -83 0 0 0
393998,9 57 0 1 -77 0 0 0
394999,5 287 0 35,625 -73 0 0 0
397999,6 154 0 23,75 -80 0 0 0
389998,7 160 0 6,5625 -84 0 0 0
394999,5 288 0 33,5625 -74 0 0 0
395999,5 295 0 10,0625 -75 0 0 0
397999,7 290 0 44,6875 -80 0 0 0
398999,8 332 0 8,25 -81 0 0 0
386998,5 60 0 8,9375 -85 0 0 0
389998,8 286 0,5018364 10,0625 -85 0 0 0
390998,8 293 0 1 -84 0 0 0
397999,6 290 0 23,625 -80 0 0 0
398999,6 108 0 8 -81 0 0 0
386998,9 289 0 7,0625 -83 0 0 0
388999,1 294 0 6,25 -86 0 0 0
389998,6 162 0 6,6875 -85 0 0 0
391999,4 286 0 16,25 -80 0 0 0
394999,5 162 0 33,75 -74 0 0 0
395999,5 298 0,5534834 10,1875 -75 0 0 0
386998,6 290 0 7,25 -83 0 0 0
389998,8 287 0 6,875 -84 0 0 0
390998,8 293 0 1 -84 0 0 0
392999,2 292 0 9,4375 -77 0 0 0
393998,8 101 0 1 -77 0 0 0
395999,6 294 0 10,1875 -75 0 0 0
396999 288 0 1 -87 0 0 0
403227 199 0 15,25 -84 0 0 0
385999 55 0 7,4375 -85 0 0 0
386998,7 59 0 6,5 -83 0 0 0
388999,2 103 0 8,875 -87 0 0 0
390998,8 291 0 1 -84 0 0 0
393998,9 101 0 1 -77 0 0 0
396999,1 281 0 1 -87 0 0 0
397999,6 153 0 23,3125 -80 0 0 0
403223,8 198 0 9,75 -82 0 0 0
403225,3 204 0,51381 1 -89 0 0 0
392999,2 292 0 9,5625 -77 0 0 0
394999,4 287 0 24,9375 -73 0 0 0
395999,5 295 0 10,1875 -75 0 0 0
397999,6 291 0 23,125 -80 0 0 0
398999,9 107 0 9 -81 0 0 0
385998,9 294 0 7,625 -85 0 0 0
388999,1 291 0 5,625 -87 0 0 0
392999,3 288 0,5113462 10,125 -77 0 0 0
395999,5 295 0 10,25 -75 0 0 0
396999 333 0 1 -87 0 0 0
398999,6 332 0 8 -81 0 0 0
403224,8 92 0 1 -85 0 0 0
386998,7 289 0 6,5 -83 0 0 0
388999,3 290 0 9,5625 -86 0 0 0
389998,9 288 0 6,4375 -84 0 0 0
391999,3 286 0 16,9375 -80 0 0 0
392999,3 59 0 9,8125 -76 0 0 0
397999,6 158 0 23,625 -80 0 0 0
403224,9 200 0 1 -86 0 0 0
386998,7 294 0 6,875 -84 0 0 0
389999,1 287 0 6,8125 -84 0 0 0
393998,9 57 0 1 -77 0 0 0
395999,7 295 0 10,3125 -76 0 0 0
403224,8 199 0 1 -84 0 0 0
385999,2 294 0 7,5625 -86 0 0 0
388999 294 0,5215321 6,625 -86 0 0 0
391999,4 286 0 17,8125 -79 0 0 0
393998,8 59 0 1 -76 0 0 0
394999,4 287 0 24,75 -73 0 0 0
396999 162 0 1 -87 0 0 0
397999,6 290 0 23,375 -80 0 0 0
403224,9 91 0 1 -86 0 0 0
386998,5 291 0 7,125 -84 0 0 0
388999,2 291 0 7,4375 -86 0 0 0
389998,9 286 0 7,1875 -84 0 0 0
391999,3 287 0 13,875 -79 0 0 0
392999,2 60 0 9,5625 -77 0 0 0
394999,4 162 0 24,75 -73 0 0 0
395999,5 296 0 10,125 -75 0 0 0
386998,6 291 0 9,4375 -85 0 0 0
390998,9 55 0 1 -85 0 0 0
392999,5 291 0 16 -80 0 0 0
393998,9 59 0 1 -77 0 0 0
394999,2 286 0 18,4375 -82 0 0 0
395999,5 295 0 17,0625 -79 0 0 0
396999,1 342 0 1 -87 0 0 0
