380000,1 296 0 28,125 -77 0 0 0
381000,7 292 0 16,1875 -77 0 0 0
381000,7 293 0 16,1875 -77 0 0 0
381999,8 295 0 1 -85 0 0 0
380000,1 296 0 51,1875 -78 0 0 0
382000,2 295 0 9,375 -77 0 0 0
381000,7 293 0 16,1875 -77 0 0 0
380000,1 295 0 50,8125 -78 0 0 0
381000,7 293 0 15,875 -77 0 0 0
383000,2 290 0 1 -82 0 0 0
380000,1 296 0 28 -77 0 0 0
381000,6 293 0 13,25 -77 0 0 0
383000,3 289 0 1 -83 0 0 0
384000,7 292 0 11,3125 -82 0 0 0
380000,2 296 0 47,5 -80 0 0 0
380999,5 292 0 21,0625 -85 0 0 0
382000,2 295 0 9,5 -77 0 0 0
381000,7 290 0 13,1875 -85 0 0 0
382000,3 294 0 14,9375 -81 0 0 0
383000,3 291 0 1 -83 0 0 0
384000,2 294 0 11,375 -87 0 0 0
381000,7 292 0 16 -77 0 0 0
384000,7 293 0 11,625 -82 0 0 0
380000 297 0 6,25 -80 0 0 0
380999 293 0 14 -87 0 0 0
382000,1 294 0 1 -86 0 0 0
380000,2 296 0 28,4375 -77 0 0 0
382000,2 294 0 9,5 -77 0 0 0
383000,3 290 0 1 -83 0 0 0
381000,7 292 0 15,875 -77 0 0 0
383000,2 291 0 1 -82 0 0 0
384000,6 293 0 10,25 -81 0 0 0
384000,7 292 0 15,5625 -82 0 0 0
384000,7 292 0 19,625 -84 0 0 0
384000,7 293 0 12,375 -81 0 0 0
380000,1 296 0 50,875 -78 0 0 0
382000,3 294 0 9,1875 -77 0 0 0
383000,1 293 0 1 -82 0 0 0
380000,1 296 0 50,875 -78 0 0 0
381000,7 292 0 16,1875 -77 0 0 0
383000,3 290 0 1 -83 0 0 0
384000,9 292 0 14,0625 -82 0 0 0
381000,7 292 0 16,1875 -77 0 0 0
382000,4 294 0 9,6875 -77 0 0 0
384000,7 294 0 12,25 -81 0 0 0
380000,1 296 0 50,8125 -78 0 0 0
382000,2 295 0 9,1875 -77 0 0 0
383000,2 290 0 1 -82 0 0 0
380000,1 296 0 50,9375 -78 0 0 0
381000,6 293 0 14,1875 -76 0 0 0
383000,3 290 0 1 -83 0 0 0
381000,7 293 0 16,1875 -77 0 0 0
382000,2 295 0 9,625 -77 0 0 0
384000,7 292 0 11,4375 -82 0 0 0
380000,1 294 0 50,9375 -78 0 0 0
381999,7 294 0 1 -85 0 0 0
383000,3 292 0 1 -83 0 0 0
380000,2 294 0 28,3125 -77 0 0 0
381000,6 293 0 16,4375 -77 0 0 0
381000,7 293 0 15,875 -77 0 0 0
380000 296 0 8,125 -81 0 0 0
381000,5 294 0 33,5625 -85 0 0 0
383000,3 290 0 1 -85 0 0 0
380000,1 296 0 51,1875 -78 0 0 0
381000,7 292 0 15,875 -77 0 0 0
383000,2 292 0 1 -82 0 0 0
384000,7 292 0 10,125 -81 0 0 0
381000,7 292 0 15,875 -77 0 0 0
382000,3 295 0 9,375 -77 0 0 0
384000,8 292 0 11 -82 0 0 0
381000,7 293 0 16 -77 0 0 0
381000,7 292 0 15,875 -77 0 0 0
382000,2 295 0 9,3125 -77 0 0 0
384000,7 293 0 9,9375 -81 0 0 0
380000,1 296 0 28,125 -77 0 0 0
381000,5 294 0 37,875 -84 0 0 0
382000,6 295 0 16 -81 0 0 0
383000,2 290 0 1 -82 0 0 0
384000,3 297 0 16 -87 0 0 0
381000,7 293 0 16 -77 0 0 0
381999,8 294 0 1 -86 0 0 0
381000,7 293 0 16,1875 -77 0 0 0
384000,8 293 0 12,125 -81 0 0 0
381000,6 294 0 14,1875 -76 0 0 0
381999,8 292 0 1 -85 0 0 0
380000 54 0 7,625 -86 0 0 0
381000,8 292 0 48 -80 0 0 0
382000,3 294 0 9,1875 -77 0 0 0
383001,1 292 0 15,25 -88 0 0 0
384000,7 291 0 17,6875 -85 0 0 0
380000,1 295 0 50,6875 -78 0 0 0
382000,3 295 0 9,75 -77 0 0 0
383000,3 291 0 1 -83 0 0 0
384000,7 294 0 10,125 -81 0 0 0
380000,1 296 0 50,8125 -78 0 0 0
382000,2 295 0 9,1875 -77 0 0 0
383000,2 289 0 1 -82 0 0 0
380000,1 295 0 51,1875 -78 0 0 0
381000,7 293 0 16 -77 0 0 0
380000,2 296 0 28,3125 -77 0 0 0
381000,6 292 0 13,4375 -77 0 0 0
383000,3 290 0 1 -83 0 0 0
384000,8 293 0 11 -82 0 0 0
384000,8 293 0 11,875 -81 0 0 0
384000,8 292 0 11,0625 -82 0 0 0
380000,1 296 0 51,0625 -78 0 0 0
382000,2 295 0 9,5 -77 0 0 0
383000,2 292 0 1 -82 0 0 0
380000,1 296 0 50,875 -78 0 0 0
381000,6 292 0 13,625 -77 0 0 0
383000,2 292 0 1 -82 0 0 0
384000,7 293 0 11,4375 -82 0 0 0
383000,2 290 0 1 -82 0 0 0
384000,8 293 0 14,5 -82 0 0 0
384000,7 293 0 12,375 -81 0 0 0
380000,1 297 0 51,25 -78 0 0 0
381999,8 295 0 1 -85 0 0 0
383000,2 289 0 1 -82 0 0 0
381000,6 293 0 13,625 -77 0 0 0
383000,2 289 0 1 -82 0 0 0
384000,7 293 0 11,4375 -82 0 0 0
381000,7 293 0 16 -77 0 0 0
382000,2 294 0 9,125 -77 0 0 0
384000,6 293 0 10,25 -81 0 0 0
384000,7 292 0 12,25 -81 0 0 0
383000,3 293 0 1 -83 0 0 0
380000,2 297 0 28,3125 -77 0 0 0
381999,8 296 0 1 -86 0 0 0
380000,1 293 0 50,9375 -78 0 0 0
382000,3 294 0 9,375 -77 0 0 0
380000,1 296 0 51,25 -78 0 0 0
381999,8 294 0 1 -85 0 0 0
383000,2 289 0 1 -82 0 0 0
380000,1 296 0 50,9375 -78 0 0 0
381000,7 292 0 16,1875 -77 0 0 0
383000,3 292 0 1 -83 0 0 0
384000,7 293 0 11,4375 -82 0 0 0
381000,7 294 0 16 -77 0 0 0
381999,9 296 0 1 -86 0 0 0
384000,6 292 0 10,25 -81 0 0 0
380000,1 292 0 28,1875 -77 0 0 0
381999,9 294 0 1 -86 0 0 0
383000,3 292 0 1 -83 0 0 0
380000,1 295 0 28,1875 -77 0 0 0
381000,7 293 0 16 -77 0 0 0
383000,2 292 0 1 -82 0 0 0
384000,7 293 0 11,3125 -82 0 0 0
381000,7 293 0 16,1875 -77 0 0 0
382000,3 294 0 9,375 -77 0 0 0
384000,8 291 0 11,1875 -82 0 0 0
380000 295 0 6,125 -79 0 0 0
381999,8 292 0 1 -85 0 0 0
383000,3 289 0 1 -84 0 0 0
381999,6 295 0 1 -85 0 0 0
383000,2 287 0 1 -82 0 0 0
383000,2 290 0 1 -82 0 0 0
384000,6 292 0 8,9375 -81 0 0 0
380000,1 296 0 51,1875 -78 0 0 0
381000,7 293 0 16,1875 -77 0 0 0
381000,6 293 0 13,4375 -77 0 0 0
382000,2 296 0 9,1875 -77 0 0 0
380000,1 296 0 51,1875 -78 0 0 0
382000,3 295 0 11,25 -77 0 0 0
383000,3 291 0 1 -83 0 0 0
380000,1 296 0 28,125 -77 0 0 0
381000,7 293 0 15,875 -77 0 0 0
383000,2 289 0 1 -82 0 0 0
384000,7 293 0 11,3125 -82 0 0 0
381000,6 293 0 13,625 -77 0 0 0
381999,7 294 0 1 -85 0 0 0
384000,7 294 0 10,125 -81 0 0 0
380000,1 297 0 28 -77 0 0 0
381999,8 294 0 1 -85 0 0 0
383000,2 294 0 1 -82 0 0 0
381000,6 293 0 13,25 -77 0 0 0
383000,2 162 0 1 -82 0 0 0
384000,8 293 0 12,125 -81 0 0 0
380000 296 0 6,125 -79 0 0 0
381999,9 294 0 1 -86 0 0 0
383000,3 292 0 1 -83 0 0 0
383000,3 292 0 1 -83 0 0 0
381999,8 19 0 1 -86 0 0 0
380000,2 296 0 28,3125 -77 0 0 0
381999,9 294 0 1 -86 0 0 0
383000,2 293 0 1 -82 0 0 0
380000,1 296 0 51,0625 -78 0 0 0
381000,7 292 0 16,1875 -77 0 0 0
383000,3 290 0 1 -83 0 0 0
384000,7 293 0 11,625 -82 0 0 0
381000,6 292 0 16,6875 -77 0 0 0
382000,2 295 0 9,5 -77 0 0 0
384000,8 292 0 14,8125 -82 0 0 0
382000,2 295 0 9,375 -77 0 0 0
380000,1 295 0 50,9375 -78 0 0 0
383000,3 292 0 1 -83 0 0 0
384000,6 293 0 10,25 -81 0 0 0
381000,7 293 0 16,1875 -77 0 0 0
381999,8 297 0 1 -86 0 0 0
384000,7 292 0 10,125 -81 0 0 0
380000,1 296 0 28,1875 -77 0 0 0
382000,3 294 0 9,625 -77 0 0 0
383000,2 291 0 1 -82 0 0 0
380000,1 296 0 50,875 -78 0 0 0
381000,7 292 0 16,1875 -77 0 0 0
383000,2 292 0 1 -82 0 0 0
384000,7 293 0 10,125 -81 0 0 0
381000,7 293 0 15,875 -77 0 0 0
381999,9 294 0 1 -86 0 0 0
384000,7 292 0 11,3125 -82 0 0 0
380000,1 296 0 28,125 -77 0 0 0
381999,8 294 0 1 -85 0 0 0
383000,3 292 0 1 -83 0 0 0
380000,1 296 0 28,125 -77 0 0 0
381000,7 293 0 16 -77 0 0 0
383000,2 292 0 1 -82 0 0 0
384000,7 294 0 11,4375 -82 0 0 0
381000,6 294 0 14,4375 -76 0 0 0
382000,3 295 0 9,125 -77 0 0 0
384000,7 293 0 10,125 -81 0 0 0
381000,6 143 0 13,625 -77 0 0 0
382000,4 295 0 9,6875 -77 0 0 0
380000,1 297 0 51,375 -78 0 0 0
383000,2 283 0 1 -82 0 0 0
381000,6 293 0 13,625 -77 0 0 0
382000,6 294 0 15,6875 -81 0 0 0
383000,4 289 0 1 -88 0 0 0
384000,7 293 0 11,4375 -82 0 0 0
382000,2 295 0 9,3125 -77 0 0 0
383000,3 294 0 1 -83 0 0 0
381000,6 294 0 13,625 -77 0 0 0
380000,1 297 0 50,8125 -78 0 0 0
380000,1 295 0 50,875 -78 0 0 0
381000,4 292 0 25,625 -81 0 0 0
382001,3 294 0 34,8125 -85 0 0 0
383000,3 290 0 1 -83 0 0 0
381000,6 293 0 13,625 -77 0 0 0
384000,8 293 0 11,875 -81 0 0 0
380000,1 295 0 28,1875 -77 0 0 0
382000,3 294 0 9,3125 -77 0 0 0
383000,2 290 0 1 -82 0 0 0
380000,1 296 0 51,1875 -78 0 0 0
381999,7 295 0 1 -85 0 0 0
383000,2 292 0 1 -82 0 0 0
380000,1 296 0 51,1875 -78 0 0 0
381000,6 292 0 13,4375 -77 0 0 0
383000,2 290 0 1 -82 0 0 0
384000,8 294 0 11,875 -81 0 0 0
381000,7 293 0 16,1875 -77 0 0 0
381999,8 293 0 1 -85 0 0 0
384000,7 293 0 11,3125 -82 0 0 0
381000,7 293 0 20,0625 -78 0 0 0
381999,7 295 0 1 -85 0 0 0
384000,7 294 0 15,5625 -82 0 0 0
381000,3 292 0 14,25 -82 0 0 0
382000,6 294 0 22,375 -84 0 0 0
383000,2 292 0 1 -82 0 0 0
384000,8 294 0 29,3125 -86 0 0 0
384000,8 293 0 11,875 -81 0 0 0
380000,1 294 0 50,875 -78 0 0 0
381999,8 295 0 1 -86 0 0 0
380000 294 0 9,125 -84 0 0 0
381000,7 292 0 16 -77 0 0 0
382000,6 295 0 16 -81 0 0 0
383000,4 342 0 1 -88 0 0 0
384000,7 292 0 12,375 -81 0 0 0
380000 296 0 15,25 -85 0 0 0
381000,3 292 0 20,375 -80 0 0 0
381999,8 293 0 1 -85 0 0 0
383000,4 349 0 11,5 -86 0 0 0
384000,6 292 0 16,25 -86 0 0 0
381000,7 292 0 16,1875 -77 0 0 0
383000,2 291 0 1 -82 0 0 0
384000,8 293 0 10,875 -82 0 0 0
381000,6 293 0 16,4375 -77 0 0 0
382000,2 294 0 9,125 -77 0 0 0
384000,6 293 0 10,25 -81 0 0 0
380000,1 296 0 28 -77 0 0 0
381999,8 293 0 1 -85 0 0 0
383000,3 289 0 1 -83 0 0 0
380000,1 297 0 50,875 -78 0 0 0
381000,7 293 0 16,1875 -77 0 0 0
383000,2 288 0 1 -82 0 0 0
384000,7 293 0 11,4375 -82 0 0 0
381999,7 295 0 1 -85 0 0 0
384000,7 293 0 11,4375 -82 0 0 0
382000,2 294 0 9,125 -77 0 0 0
383000,2 290 0 1 -82 0 0 0
380000,2 295 0 28,3125 -77 0 0 0
380000,1 296 0 51,0625 -78 0 0 0
381999,7 295 0 1 -85 0 0 0
380000,1 296 0 51,0625 -78 0 0 0
382000,3 295 0 10,0625 -77 0 0 0
381000,7 292 0 16 -77 0 0 0
382000,3 295 0 11,875 -79 0 0 0
384000,6 293 0 10,25 -81 0 0 0
381000,7 294 0 16,1875 -77 0 0 0
381999,7 295 0 1 -85 0 0 0
382000,3 294 0 9,375 -77 0 0 0
384000,7 293 0 11,3125 -82 0 0 0
380000,1 296 0 51,0625 -78 0 0 0
382000,2 295 0 9,625 -77 0 0 0
383000,3 291 0 1 -83 0 0 0
380000,1 296 0 27,9375 -77 0 0 0
381000,7 293 0 16 -77 0 0 0
383000,3 289 0 1 -83 0 0 0
384000,8 293 0 11,0625 -82 0 0 0
380000,1 296 0 27,9375 -77 0 0 0
381000,7 293 0 16,1875 -77 0 0 0
383000,2 291 0 1 -82 0 0 0
384000,7 292 0 11,3125 -82 0 0 0
382000,2 295 0 9,75 -77 0 0 0
384000,8 293 0 11,1875 -82 0 0 0
381999,8 293 0 1 -86 0 0 0
383000,2 290 0 1 -82 0 0 0
383000,1 291 0 1 -81 0 0 0
384000,7 292 0 11,625 -82 0 0 0
382000,2 295 0 9,1875 -77 0 0 0
383000,2 290 0 1 -82 0 0 0
380000,1 296 0 50,8125 -78 0 0 0
381000,6 293 0 14,4375 -76 0 0 0
380000,1 295 0 50,5625 -78 0 0 0
381999,9 295 0 1 -86 0 0 0
383000,2 290 0 1 -82 0 0 0
384000,6 292 0 14,5625 -83 0 0 0
381000,7 292 0 15,5625 -77 0 0 0
381999,8 292 0 1 -86 0 0 0
384000,8 293 0 11,0625 -82 0 0 0
381000,6 293 0 16,4375 -77 0 0 0
382000,2 294 0 9,125 -77 0 0 0
384000,8 293 0 14,375 -82 0 0 0
380000,1 296 0 50,8125 -78 0 0 0
381999,7 292 0 1 -85 0 0 0
380000,1 296 0 50,9375 -78 0 0 0
381000,7 292 0 16,1875 -77 0 0 0
383000,2 292 0 1 -82 0 0 0
384000,8 293 0 11,1875 -82 0 0 0
381999,9 294 0 1 -86 0 0 0
384000,8 293 0 14,125 -82 0 0 0
380000,4 296 0 34,3125 -85 0 0 0
381000,4 293 0 19,6875 -80 0 0 0
381999,8 296 0 1 -85 0 0 0
383000,2 290 0 1 -82 0 0 0
384000,8 293 0 11,1875 -82 0 0 0
380000,1 297 0 28,1875 -77 0 0 0
381000,6 293 0 14,1875 -76 0 0 0
383000,3 291 0 1 -83 0 0 0
384000,7 293 0 12,25 -81 0 0 0
380000,1 296 0 28,125 -77 0 0 0
383000,2 292 0 1 -82 0 0 0
380000,1 296 0 50,9375 -78 0 0 0
381000,7 293 0 16,1875 -77 0 0 0
383000,2 288 0 1 -82 0 0 0
384000,7 293 0 12,25 -81 0 0 0
381999,9 296 0 1 -86 0 0 0
384000,6 292 0 10,25 -81 0 0 0
380000,1 296 0 51,0625 -78 0 0 0
382000,1 296 0 1 -86 0 0 0
383000,3 289 0 1 -83 0 0 0
380000,1 295 0 50,8125 -78 0 0 0
381000,7 292 0 16 -77 0 0 0
383000,2 291 0 1 -82 0 0 0
384000,8 292 0 11,0625 -82 0 0 0
384000,8 293 0 11,0625 -82 0 0 0
380000,1 297 0 52,3125 -78 0 0 0
381999,8 294 0 1 -85 0 0 0
381999,9 295 0 1 -86 0 0 0
383000,2 290 0 1 -82 0 0 0
383000,3 291 0 1 -83 0 0 0
381000,7 292 0 15,875 -77 0 0 0
382000,3 295 0 9,875 -77 0 0 0
384000,6 291 0 10,25 -81 0 0 0
380000,1 296 0 28,1875 -77 0 0 0
383000,2 293 0 1 -82 0 0 0
380000,1 296 0 51,0625 -78 0 0 0
381000,6 293 0 13,25 -77 0 0 0
383000,2 291 0 1 -82 0 0 0
384000,7 293 0 11,3125 -82 0 0 0
380000,1 296 0 28,125 -77 0 0 0
381000,7 292 0 16,1875 -77 0 0 0
383000,3 291 0 1 -83 0 0 0
381000,7 292 0 20,0625 -78 0 0 0
381000,7 293 0 16 -77 0 0 0
381999,8 295 0 1 -86 0 0 0
380000,1 296 0 28 -77 0 0 0
383000,3 288 0 1 -83 0 0 0
384000,8 294 0 18,625 -84 0 0 0
383000,2 290 0 1 -82 0 0 0
384000,7 294 0 11,4375 -82 0 0 0
381000,7 293 0 16,1875 -77 0 0 0
381999,8 294 0 1 -86 0 0 0
384000,7 293 0 12,25 -81 0 0 0
380000,1 297 0 50,875 -78 0 0 0
381999,9 293 0 1 -86 0 0 0
383000,3 287 0 1 -83 0 0 0
380000,1 296 0 28,125 -77 0 0 0
381000,7 293 0 16,1875 -77 0 0 0
384000,7 292 0 11,3125 -82 0 0 0
381000,7 292 0 16,1875 -77 0 0 0
381999,8 296 0 1 -86 0 0 0
384000,8 293 0 11,0625 -82 0 0 0
381999,7 295 0 1 -85 0 0 0
383000,2 290 0 1 -82 0 0 0
381000,7 293 0 16 -77 0 0 0
383000,2 290 0 1 -82 0 0 0
384000,7 292 0 11,4375 -82 0 0 0
381000,6 293 0 21,25 -78 0 0 0
381999,7 293 0 1 -85 0 0 0
384000,6 293 0 14,5625 -83 0 0 0
380000,2 296 0 28,4375 -77 0 0 0
381000,7 292 0 16 -77 0 0 0
383000,2 291 0 1 -82 0 0 0
384000,7 292 0 11,3125 -82 0 0 0
381000,7 293 0 16,1875 -77 0 0 0
382000,2 294 0 9,3125 -77 0 0 0
381000,6 293 0 13,4375 -77 0 0 0
382000,3 295 0 10,1875 -77 0 0 0
382000,2 295 0 11,3125 -78 0 0 0
383000,3 291 0 1 -83 0 0 0
381000,7 293 0 15,875 -77 0 0 0
382000,2 295 0 9,375 -77 0 0 0
384000,8 292 0 11,8125 -81 0 0 0
381000,7 292 0 16 -77 0 0 0
384000,8 294 0 14,5 -82 0 0 0
380000,2 295 0 28,4375 -77 0 0 0
381999,9 293 0 1 -86 0 0 0
383000,2 291 0 1 -82 0 0 0
380000,1 293 0 51,0625 -78 0 0 0
381000,7 292 0 16 -77 0 0 0
383000,3 292 0 1 -83 0 0 0
384000,6 294 0 10,25 -81 0 0 0
381000,7 293 0 16 -77 0 0 0
382000,2 295 0 9,3125 -77 0 0 0
384000,7 292 0 11,3125 -82 0 0 0
380000,2 296 0 48,0625 -80 0 0 0
381001 294 0 7,1875 -86 0 0 0
381999,8 294 0 1 -85 0 0 0
380000,1 296 0 28,1875 -77 0 0 0
381000,7 293 0 16 -77 0 0 0
383000,2 292 0 1 -82 0 0 0
384000,7 293 0 10,125 -81 0 0 0
381000,7 293 0 16 -77 0 0 0
381999,8 294 0 1 -86 0 0 0
384000,8 292 0 14,375 -82 0 0 0
383000,3 290 0 1 -83 0 0 0
381000,7 293 0 15,6875 -77 0 0 0
383001,2 289 0 1 -83 0 0 0
384000,8 292 0 14,5 -82 0 0 0
384000,7 292 0 11,75 -82 0 0 0
380000,1 297 0 50,8125 -78 0 0 0
381000,7 292 0 15,875 -77 0 0 0
382000,3 295 0 9,375 -77 0 0 0
380000,1 296 0 50,875 -78 0 0 0
382000,3 296 0 9,1875 -77 0 0 0
383000,3 291 0 1 -83 0 0 0
380000,2 295 0 28,3125 -77 0 0 0
381000,7 293 0 16,1875 -77 0 0 0
383000,2 291 0 1 -82 0 0 0
384000,7 293 0 11,4375 -82 0 0 0
381000,7 293 0 16,1875 -77 0 0 0
382000,2 294 0 9,3125 -77 0 0 0
383000,2 289 0 1 -82 0 0 0
384000,7 294 0 9,9375 -81 0 0 0
380000,1 297 0 51,0625 -78 0 0 0
381000,6 293 0 13,4375 -77 0 0 0
383000,3 290 0 1 -83 0 0 0
380000,1 296 0 51,6875 -78 0 0 0
382000,3 295 0 9,3125 -77 0 0 0
383000,2 290 0 1 -82 0 0 0
380000,2 296 0 28,3125 -77 0 0 0
381000,7 293 0 16,1875 -77 0 0 0
383000,2 291 0 1 -83 0 0 0
384000,8 290 0 14,5 -82 0 0 0
381000,7 293 0 16,1875 -77 0 0 0
381999,8 293 0 1 -86 0 0 0
380000,1 292 0 51,1875 -78 0 0 0
381999,9 296 0 1 -86 0 0 0
380000,1 296 0 28,125 -77 0 0 0
382000,2 296 0 11,6875 -78 0 0 0
380000,1 296 0 51,6875 -78 0 0 0
382000,3 295 0 9,375 -77 0 0 0
380000,1 296 0 51,0625 -78 0 0 0
381000,7 293 0 16 -77 0 0 0
380000,2 296 0 28,3125 -77 0 0 0
383000,2 288 0 1 -82 0 0 0
380000,1 295 0 28,1875 -77 0 0 0
381000,7 293 0 16,1875 -77 0 0 0
383000,2 289 0 1 -82 0 0 0
384000,6 293 0 10,4375 -81 0 0 0
380000,1 297 0 51,1875 -78 0 0 0
381000,6 292 0 13,625 -77 0 0 0
383000,3 290 0 1 -83 0 0 0
384000,7 293 0 9,8125 -81 0 0 0
381000,7 293 0 16,1875 -77 0 0 0
381999,7 19 0 1 -85 0 0 0
380000,1 295 0 50,8125 -78 0 0 0
381999,8 296 0 1 -86 0 0 0
383000,2 289 0 1 -82 0 0 0
383000,2 290 0 1 -82 0 0 0
384000,8 292 0 14,375 -82 0 0 0
380000,1 297 0 50,9375 -78 0 0 0
383000,2 290 0 1 -82 0 0 0
381000,6 293 0 16,4375 -77 0 0 0
383000,3 291 0 1 -83 0 0 0
384000,8 294 0 11,0625 -82 0 0 0
380000,2 297 0 28,4375 -77 0 0 0
382000,2 295 0 9,125 -78 0 0 0
383000,3 290 0 1 -82 0 0 0
380000,1 296 0 51,1875 -78 0 0 0
381000,7 292 0 15,875 -77 0 0 0
384000,6 293 0 10,25 -81 0 0 0
381999,9 295 0 1 -86 0 0 0
384000,6 293 0 10,25 -81 0 0 0
383000,2 292 0 1 -82 0 0 0
380000,1 296 0 50,9375 -78 0 0 0
389998,8 284 0 6,875 -84 0 0 0
392999,2 291 0 9,75 -77 0 0 0
394999,5 286 0 33,75 -74 0 0 0
395999,5 298 0,5215199 10,0625 -75 0 0 0
397999,7 153 0 41,6875 -81 0 0 0
398999,9 107 0 8 -81 0 0 0
389998,9 285 0 6,4375 -84 0 0 0
390998,8 293 0 1 -84 0 0 0
392999 288 0,599761 9,6875 -77 0 0 0
393998,9 100 0 1 -77 0 0 0
395999,5 296 0 10,125 -75 0 0 0
396999 285 0 1 -87 0 0 0
388999,2 293 0 6,6875 -87 0 0 0
390998,9 58 0 1 -85 0 0 0
394999,5 289 0 33,4375 -74 0 0 0
396999,1 283 0 1 -87 0 0 0
397999,6 153 0 23,375 -80 0 0 0
405015,2 26 0,550864 5 -85 1 0 0
386998,4 290 0 6,75 -83 0 0 0
389999,1 288 0 7,4375 -83 0 0 0
390998,8 293 0 1 -88 0 0 0
391999,3 284 0 35,75 -84 0 0 0
393999 56 0 20,125 -79 0 0 0
394999,7 286 0 17,9375 -79 0 0 0
395999,5 296 0 10,1875 -75 0 0 0
396999,8 335 0 8,875 -87 0 0 0
397999,4 153 0 29,3125 -86 0 0 0
398999,9 287 0 9 -81 0 0 0
385999 295 0 7,125 -87 0 0 0
390998,8 56 0 1 -84 0 0 0
391999,3 286 0 16,75 -80 0 0 0
393998,9 58 0 1 -77 0 0 0
394999,5 285 0 24,5625 -73 0 0 0
396999,1 333 0 1 -87 0 0 0
397999,6 290 0 23,5 -80 0 0 0
390998,8 293 0 1 -84 0 0 0
391999,3 287 0 16,9375 -80 0 0 0
393998,8 292 0 1 -76 0 0 0
394999,5 286 0 33,3125 -74 0 0 0
397999,6 290 0 23,125 -80 0 0 0
405000,9 13 0 15,3125 -93 0 0 0
390998,9 55 0 1 -85 0 0 0
391999,4 286 0 16,625 -80 0 0 0
393998,9 100 0 1 -77 0 0 0
394999,5 287 0 35,625 -73 0 0 0
396999,1 163 0 1 -87 0 0 0
397999,6 156 0 23,25 -80 0 0 0
390998,8 55 0 1 -84 0 0 0
392999,2 291 0 8,875 -77 0 0 0
393998,9 59 0 1 -77 0 0 0
395999,5 295 0 10,25 -75 0 0 0
396999,1 331 0 1 -87 0 0 0
398999,9 330 0 9 -81 0 0 0
385999,1 295 0 7 -85 0 0 0
386998,8 291 0 6,8125 -83 0 0 0
393998,9 100 0 1 -77 0 0 0
394999,5 286 0 33,75 -74 0 0 0
396999,1 285 0 1 -87 0 0 0
397999,6 56 0 23,375 -80 0 0 0
405014,9 35 0,7760468 4,3125 -87 0 0 0
386998,6 288 0 7,25 -83 0 0 0
389998,7 287 0 6,5625 -84 0 0 0
395999,3 295 0 10,3125 -75 0 0 0
397999,6 342 0 23,75 -80 0 0 0
398999,7 332 0 8,5625 -81 0 0 0
385999 294 0 8,125 -86 0 0 0
387998,6 162 0 16,25 -89 0 0 0
388999,1 295 0 6,875 -87 0 0 0
390998,8 55 0 1 -84 0 0 0
398999,6 335 0 8 -81 0 0 0
385998,9 294 0 6,75 -86 0 0 0
389998,8 288 0 6,875 -84 0 0 0
391999,4 286 0 16,625 -80 0 0 0
392999,3 61 0 9,4375 -77 0 0 0
396999,1 162 0 1 -87 0 0 0
397999,7 157 0 44,5 -80 0 0 0
386998,5 291 0 7 -83 0 0 0
389998,9 286 0 6,4375 -84 0 0 0
390998,8 293 0 1 -85 0 0 0
392999,2 58 0 9,4375 -77 0 0 0
393998,9 100 0 1 -77 0 0 0
395999,5 295 0 10,125 -75 0 0 0
385998,8 296 0 5,9375 -86 0 0 0
388999,2 294 0,5937244 6,75 -87 0 0 0
391999,3 286 0 13,75 -79 0 0 0
394999,5 286 0 33,5625 -74 0 0 0
396999 340 0 1 -87 0 0 0
405014,5 126 0,5216998 4,0625 -89 0 0 0
391999,3 285 0 17,0625 -80 0 0 0
392999,2 59 0 9,5625 -77 0 0 0
394999,5 287 0 33,5625 -74 0 0 0
397999,6 289 0 23,75 -80 0 0 0
398999,9 335 0 8,625 -80 0 0 0
390998,8 293 0 1 -83 0 0 0
392999 59 0 11,4375 -77 0 0 0
393998,9 291 0 10,9375 -73 0 0 0
395999,2 297 0 12,6875 -76 0 0 0
396998,9 282 0 1 -85 0 0 0
398999,8 162 0 11 -81 0 0 0
405015,1 33 0,6394471 5,9375 -86 0 0 0
390998,7 295 0 1 -82 0 0 0
391999,4 284 0 26,4375 -79 0 0 0
393998,9 99 0 10,375 -73 0 0 0
394999,5 162 0 36,5 -73 0 0 0
397999,6 291 0 42,5 -81 0 0 0
390998,8 55 0 1 -83 0 0 0
392999,2 290 0 10,9375 -77 0 0 0
393998,9 101 0 10,6875 -73 0 0 0
395999,4 295 0 12,875 -75 0 0 0
396998,9 162 0 1 -86 0 0 0
398999,7 334 0 10,6875 -81 0 0 0
390998,9 56 0 1 -85 0 0 0
391999,4 286 0 16,5 -80 0 0 0
393998,9 290 0 1 -77 0 0 0
394999,4 286 0 24,75 -73 0 0 0
396999,1 162 0 1 -87 0 0 0
397999,6 290 0 23,3125 -80 0 0 0
403224,6 91 0,5666734 33,0625 -84 0 0 0
403224,7 199 0 10,9375 -84 0 0 0
389998,5 289 0 7,125 -84 0 0 0
391999,3 287 0 16,9375 -80 0 0 0
392999,2 289 0 9,4375 -77 0 0 0
394999,5 286 0 33,75 -74 0 0 0
395999,5 295 0 10,875 -75 0 0 0
397999,6 291 0 23,3125 -80 0 0 0
398999,6 332 0 8 -81 0 0 0
403224,7 91 0 10,875 -83 0 0 0
385998,9 291 0 6,75 -86 0 0 0
390998,8 55 0 1 -84 0 0 0
392999,3 290 0 10,0625 -77 0 0 0
393998,9 292 0 1 -77 0 0 0
398999,7 334 0 7,6875 -81 0 0 0
403225,1 92 0 1 -87 0 0 0
390998,8 55 0 1 -84 0 0 0
391999,4 288 0 16,5 -80 0 0 0
393998,9 59 0 1 -77 0 0 0
394999,5 286 0 33,75 -74 0 0 0
396999,1 162 0 1 -87 0 0 0
397999,6 154 0 23,375 -80 0 0 0
386998,3 293 0 7,875 -84 0 0 0
388999,3 290 0 8,4375 -87 0 0 0
389999,1 286 0 7,4375 -83 0 0 0
391999,4 287 0 16,25 -80 0 0 0
392999,2 292 0 9,4375 -77 0 0 0
394999,5 162 0 33,5625 -74 0 0 0
395999,5 296 0 10,1875 -75 0 0 0
397999,6 155 0 23,625 -80 0 0 0
398999,8 331 0 8,25 -81 0 0 0
389998,8 286 0 7,75 -84 0 0 0
390998,9 294 0 1 -85 0 0 0
392999,2 289 0 9,5 -77 0 0 0
393998,9 59 0 1 -77 0 0 0
395999,5 296 0 10,0625 -75 0 0 0
396999,1 162 0 1 -87 0 0 0
398999,7 105 0 8,5625 -81 0 0 0
403226,4 91 0 7,75 -82 0 0 0
403226,5 92 0 8,25 -82 0 0 0
407027,8 38 0,5181152 11,1875 -88 0 0 0
388999,1 296 0 8 -86 0 0 0
390998,9 294 0 1 -85 0 0 0
391999,4 285 0 16,625 -80 0 0 0
393998,9 290 0 1 -77 0 0 0
394999,5 286 0 35,4375 -73 0 0 0
396999 342 0 1 -86 0 0 0
397999,6 155 0 23,25 -80 0 0 0
403225,4 198 0,5263986 1 -89 0 0 0
403227,2 92 0 16,8125 -82 0 0 0
405000,1 108 0 14,75 -93 0 0 0
386998,7 289 0 7,5625 -83 0 0 0
388999,1 296 0 8 -86 0 0 0
389998,8 162 0 7,75 -84 0 0 0
391999,3 286 0 16,75 -80 0 0 0
392999,2 292 0 9,5 -77 0 0 0
394999,5 287 0 35,625 -73 0 0 0
395999,5 295 0 10,0625 -75 0 0 0
397999,6 342 0 23,3125 -80 0 0 0
403225,5 198 0,5127289 1 -89 0 0 0
407028,9 51 0,5853463 1 -89 0 0 0
386998,7 288 0 5,9375 -84 0 0 0
389998,8 285 0,5023685 6,875 -84 0 0 0
390998,8 293 0 1 -84 0 0 0
392999,2 290 0,542888 9,5625 -77 0 0 0
393998,9 101 0 1 -77 0 0 0
395999,6 296 0 10,9375 -75 0 0 0
407025,1 55 0,5622411 22,875 -89 0 0 0
385999 56 0 6,5 -86 0 0 0
390998,8 57 0 1 -84 0 0 0
394999,5 287 0 35,4375 -73 0 0 0
396999 162 0 1 -86 0 0 0
398999,8 342 0 8,25 -81 0 0 0
385999 294 0 6,5 -86 0 0 0
386998,6 291 0 7,25 -83 0 0 0
388999,2 290 0 6,6875 -87 0 0 0
389998,9 285 0 7,1875 -84 0 0 0
396999,1 162 0 1 -87 0 0 0
397999,7 291 0 44,6875 -80 0 0 0
407027,8 149 0 9,0625 -87 0 0 0
389999 284 0 6,4375 -83 0 0 0
392998,9 291 0 9,3125 -77 0 0 0
393998,9 100 0 1 -77 0 0 0
395999,5 295 0 10,125 -75 0 0 0
396999,1 281 0 1 -87 0 0 0
398999,9 107 0 7,0625 -81 0 0 0
405015,3 29 0,6918178 6,1875 -85 1 0 0
386998,7 58 0 6,5 -83 0 0 0
389998,8 284 0 7,75 -84 0 0 0
392999,3 292 0 9,4375 -77 0 0 0
393999 101 0 20,625 -79 0 0 0
394999,7 289 0 17,5625 -80 0 0 0
395999,3 297 0 10,375 -75 0 0 0
396999,8 337 0 12,6875 -89 0 0 0
397999,4 101 0 13,25 -86 0 0 0
385999 294 0 6,625 -86 0 0 0
387998,8 287 0 7,125 -88 0 0 0
388999,2 291 0 7,625 -86 0 0 0
390998,8 56 0 1 -84 0 0 0
396999,1 162 0 1 -87 0 0 0
398999,9 108 0 7,8125 -81 0 0 0
390998,9 55 0 1 -85 0 0 0
391999,4 286 0 16,5 -80 0 0 0
393998,8 100 0 1 -76 0 0 0
394999,5 287 0 33,75 -74 0 0 0
396999,1 285 0 1 -88 0 0 0
397999,6 290 0 23,625 -80 0 0 0
407023,9 34 0,7664213 9,8125 -89 0 0 0
407027,7 290 0 8,8125 -89 0 0 0
385999,2 292 0 6,875 -85 0 0 0
386998,9 58 0 7,1875 -84 0 0 0
389998,9 286 0 6,4375 -84 0 0 0
391999,3 279 0,5034996 16,75 -80 0 0 0
392999,4 291 0 10,125 -77 0 0 0
394999,4 162 0 24,75 -73 0 0 0
395999,5 294 0,5688042 10,1875 -75 0 0 0
397999,6 154 0 23,3125 -80 0 0 0
385999,2 293 0 7,625 -86 0 0 0
386998,9 290 0 7,1875 -84 0 0 0
388999,2 291 0,5367592 7,4375 -86 0 0 0
391999,3 287 0 14 -79 0 0 0
394999,5 287 0 33,75 -74 0 0 0
397999,6 154 0 23,3125 -80 0 0 0
407024,3 33 0,5439311 3,4375 -89 0 0 0
389998,9 287 0 6,4375 -84 0 0 0
390998,9 55 0 1 -85 0 0 0
393998,9 58 0 1 -77 0 0 0
395999,3 296 0,5356048 10 -76 0 0 0
396999,1 285 0 1 -87 0 0 0
386998,4 58 0 6,875 -84 0 0 0
390998,9 296 0 1 -85 0 0 0
392999,2 292 0,5008609 9,4375 -77 0 0 0
393998,9 291 0 1 -77 0 0 0
385998,8 294 0 6,6875 -85 0 0 0
392999,2 289 0 9,4375 -77 0 0 0
393998,9 59 0 1 -77 0 0 0
396999,2 162 0 1 -88 0 0 0
398999,7 331 0 7,6875 -81 0 0 0
388998,9 296 0 8,5625 -86 0 0 0
389998,7 285 0 5,9375 -85 0 0 0
391999,4 286 0 24,4375 -80 0 0 0
392999,3 291 0,5039563 10,3125 -77 0 0 0
394999,6 287 0 66,4375 -74 0 0 0
395999,5 299 0,5673603 10 -75 0 0 0
397999,5 290 0 24,625 -80 0 0 0
398999,7 331 0 9,25 -80 0 0 0
407023,2 45 0 5,4375 -87 0 0 0
385999,1 295 0 6,875 -87 0 0 0
388999,1 294 0 7,125 -87 0 0 0
390998,8 295 0 1 -84 0 0 0
391999,4 289 0 23,75 -80 0 0 0
385999,1 291 0 7,875 -86 0 0 0
390998,9 292 0 1 -85 0 0 0
392999,2 289 0 9,5 -77 0 0 0
393998,9 58 0 1 -77 0 0 0
395999,5 294 0 10,9375 -76 0 0 0
396999,1 106 0 1 -87 0 0 0
398999,7 331 0 7,6875 -81 0 0 0
407027,7 162 0,5247142 8,8125 -89 0 0 0
385999 294 0 6,625 -86 0 0 0
388999,2 297 0 6,625 -87 0 0 0
390998,8 55 0 1 -85 0 0 0
391999,3 286 0 14 -79 0 0 0
393998,9 58 0 1 -77 0 0 0
394999,5 162 0 33,4375 -74 0 0 0
396999,1 162 0 1 -87 0 0 0
385999,1 294 0 6,3125 -86 0 0 0
386998,6 291 0 7,25 -83 0 0 0
394999,5 286 0 35,625 -73 0 0 0
396999,1 333 0 1 -88 0 0 0
397999,6 157 0 23,125 -80 0 0 0
388999,2 293 0,6483366 6,6875 -87 0 0 0
389998,9 287 0 7,1875 -84 0 0 0
391999,4 285 0 24,9375 -80 0 0 0
392999,3 58 0 9,375 -77 0 0 0
394999,6 162 0 66,75 -74 0 0 0
395999,5 295 0 10,3125 -76 0 0 0
397999,6 157 0 42,5 -81 0 0 0
398999,8 331 0 9,25 -81 0 0 0
385999,1 288 0 7,125 -85 0 0 0
388999,2 291 0 6,625 -87 0 0 0
390998,8 55 0 1 -84 0 0 0
391999,4 286 0 16,625 -80 0 0 0
385999,1 292 0 7,875 -86 0 0 0
386998,8 288 0 8,5 -85 0 0 0
388999,2 289 0 6,5 -87 0 0 0
391999,4 287 0 38,375 -83 0 0 0
392998,4 289 0 10,5625 -87 0 0 0
393998,9 57 0 1 -77 0 0 0
394999,4 162 0 36 -75 0 0 0
396001,2 295 0 20,375 -89 0 0 0
397999,6 290 0 39,9375 -82 0 0 0
407025 162 0 12,8125 -88 0 0 0
386998,7 60 0 6,5 -83 0 0 0
388999,2 292 0 7,75 -86 0 0 0
389998,9 284 0 7,1875 -84 0 0 0
391999,4 286 0 23,875 -80 0 0 0
392999,2 289 0 9,4375 -77 0 0 0
394999,5 162 0 33,9375 -74 0 0 0
395999,6 295 0 10 -75 0 0 0
397999,7 156 0 44,875 -80 0 0 0
398999,6 107 0 8,9375 -81 0 0 0
386998,6 56 0 8,125 -83 0 0 0
389998,9 288 0 7,1875 -84 0 0 0
390998,9 56 0 11,5 -86 0 0 0
391999,3 289 0 32,9375 -85 0 0 0
392999,2 60 0 9,75 -77 0 0 0
386998,7 290 0 5,9375 -84 0 0 0
394999,4 60 0 24,9375 -73 0 0 0
395999,6 296 0,5853408 10,9375 -75 0 0 0
398999,9 106 0 8 -81 0 0 0
405015,2 18 0 4,4375 -87 0 0 0
387998,9 162 0 6,25 -89 0 0 0
389999,3 285 0 7,0625 -83 0 0 0
390998,8 55 0 1 -84 0 0 0
392999,2 289 0 9,5 -77 0 0 0
393998,9 293 0 1 -77 0 0 0
395999,3 296 0 10,125 -75 0 0 0
396999,2 337 0 1 -88 0 0 0
398999,7 162 0 7,9375 -82 0 0 0
386998,5 60 0 7,125 -84 0 0 0
388999,1 295 0,5391693 6,4375 -86 0 0 0
389998,9 287 0 7,1875 -84 0 0 0
391999,4 286 0 16,625 -80 0 0 0
392999,3 58 0 9,4375 -77 0 0 0
394999,5 286 0 33,4375 -74 0 0 0
407024,1 41 0,5414654 17,4375 -89 0 0 0
385998,9 293 0 6,75 -86 0 0 0
386998,4 58 0 8,125 -84 0 0 0
394999,5 286 0 35,4375 -73 0 0 0
396999,1 162 0 1 -87 0 0 0
397999,7 290 0 45 -80 0 0 0
405015,3 127 0 4,3125 -87 0 0 0
407027,5 55 0 16,375 -89 0 0 0
386998,7 292 0 6,5 -83 0 0 0
388999,2 291 0,5367592 6,6875 -87 0 0 0
389999,1 287 0 6,125 -84 0 0 0
391999,3 286 0 12,8125 -80 0 0 0
394999,5 162 0 33,5625 -74 0 0 0
395999,5 295 0 10,4375 -76 0 0 0
397999,6 290 0 23,3125 -80 0 0 0
398999,8 108 0 8,25 -81 0 0 0
386998,6 290 0 7,25 -83 0 0 0
389998,8 287 0 6,1875 -84 0 0 0
390998,9 55 0 1 -85 0 0 0
392999,3 292 0 10,0625 -77 0 0 0
393998,9 291 0 1 -77 0 0 0
395999,5 296 0 10,625 -75 0 0 0
396999 162 0 1 -88 0 0 0
407024,2 164 0 20,625 -88 0 0 0
385999,1 295 0 7,875 -86 0 0 0
388999,2 289 0,5825363 6,5 -87 0 0 0
390998,9 55 0 1 -85 0 0 0
393998,9 100 0 1 -76 0 0 0
394999,5 286 0 35,625 -73 0 0 0
396999,1 106 0 1 -87 0 0 0
397999,6 153 0 23,3125 -80 0 0 0
405015 25 0,7191537 4,125 -87 0 0 0
407023,9 36 0,6041085 9,8125 -89 0 0 0
386998,5 59 0 7,125 -84 0 0 0
389998,9 287 0 7,1875 -84 0 0 0
390998,8 295 0 1 -84 0 0 0
392999,3 291 0,6499745 10,125 -77 0 0 0
393998,9 59 0 1 -77 0 0 0
395999,5 294 0 9,625 -75 0 0 0
396999,1 162 0 1 -87 0 0 0
398999,7 333 0 8,5625 -81 0 0 0
388999,3 291 0 8,4375 -87 0 0 0
390998,8 55 0 1 -84 0 0 0
391999,3 286 0 13,875 -79 0 0 0
393998,9 100 0 1 -77 0 0 0
394999,5 286 0 33,5625 -74 0 0 0
396999,2 281 0 1 -88 0 0 0
397999,6 290 0 23,375 -80 0 0 0
386998,5 293 0 7 -83 0 0 0
388999,2 289 0 7,5625 -86 0 0 0
389999,1 289 0 6,125 -84 0 0 0
391999,3 287 0 14 -79 0 0 0
392999,2 291 0 9,5 -77 0 0 0
394999,5 289 0 33,9375 -74 0 0 0
395999,5 295 0 10,1875 -75 0 0 0
397999,6 154 0 23,5 -80 0 0 0
385998,9 294 0 6,9375 -86 0 0 0
389998,9 286 0 7,1875 -84 0 0 0
390998,8 55 0 1 -84 0 0 0
392999,3 59 0 9,4375 -77 0 0 0
393998,8 290 0 1 -76 0 0 0
398999,7 332 0 7,6875 -81 0 0 0
385999,1 292 0 6,4375 -86 0 0 0
386998,6 59 0 8,125 -83 0 0 0
388999,2 295 0 7,625 -86 0 0 0
389998,9 286 0 7,1875 -84 0 0 0
396999 331 0 1 -88 0 0 0
403224,8 91 0 1 -85 0 0 0
386998,9 289 0 7,1875 -84 0 0 0
387998,8 162 0 6,125 -89 0 0 0
395999,3 295 0 10,3125 -75 0 0 0
397999,6 291 0 23,375 -80 0 0 0
398999,7 331 0 9,25 -80 0 0 0
403224,8 198 0 1 -85 0 0 0
386998,6 60 0 6,3125 -83 0 0 0
394999,5 286 0 33,9375 -74 0 0 0
395999,5 296 0 10,25 -75 0 0 0
397999,6 290 0 23,5 -80 0 0 0
398999,9 106 0 7,8125 -81 0 0 0
385999,1 291 0 7 -85 0 0 0
393998,9 100 0 1 -77 0 0 0
396999,1 342 0 1 -87 0 0 0
398999,8 330 0 9,625 -81 0 0 0
403225,2 199 0 15,5 -84 0 0 0
386998,8 58 0 6,8125 -83 0 0 0
392999,2 289 0 17,875 -86 0 0 0
393999,1 290 0 17,5 -76 0 0 0
394999,5 285 0 35,4375 -73 0 0 0
396000 297 0 22,875 -83 0 0 0
396999,2 162 0 1 -89 0 0 0
398999,7 106 0 12,4375 -87 0 0 0
403225 91 0 1 -87 0 0 0
405015,1 33 0,7758387 5,9375 -86 0 0 0
386998,3 288 0 1 -89 0 0 0
394999,5 289 0 36,75 -73 0 0 0
395999,4 296 0 12,8125 -75 0 0 0
397999,7 290 0 45,375 -80 0 0 0
399000 342 0 12,3125 -81 0 0 0
403226 198 0 9,5 -82 0 0 0
403227,4 92 0 14 -83 0 0 0
385999 293 0 8,3125 -86 0 0 0
388999,2 292 0 10,1875 -86 0 0 0
390998,8 55 0 1 -83 0 0 0
391999,4 288 0 26,4375 -79 0 0 0
403226,7 198 0 21,375 -83 0 0 0
403225 93 0 1 -86 0 0 0
385999 292 0 8,125 -86 0 0 0
386998,5 294 0 1 -89 0 0 0
388999,2 290 0 10 -86 0 0 0
391999,4 286 0 26,4375 -79 0 0 0
392999,3 291 0 11,8125 -77 0 0 0
394999,4 286 0 36,75 -73 0 0 0
395999,7 297 0 14,3125 -75 0 0 0
403224,7 91 0 5,625 -82 0 0 0
386998,5 288 0 7 -83 0 0 0
389999,3 286 0 6,4375 -84 0 0 0
390998,8 55 0 1 -84 0 0 0
392999,3 291 0 9,4375 -77 0 0 0
393998,9 295 0 1 -77 0 0 0
395999,5 298 0,5215856 10,1875 -75 0 0 0
385999 292 0 6,5 -86 0 0 0
388999,2 294 0 6,6875 -87 0 0 0
390998,8 57 0 1 -84 0 0 0
391999,3 285 0 16,9375 -80 0 0 0
393998,9 57 0 1 -77 0 0 0
396999,1 283 0 1 -87 0 0 0
397999,6 55 0 23,25 -80 0 0 0
388999,1 290 0 8 -86 0 0 0
389998,6 279 0,5220336 6,375 -84 0 0 0
391999,3 286 0 16,9375 -80 0 0 0
392999,2 289 0 9,375 -77 0 0 0
394999,5 286 0 33,9375 -74 0 0 0
395999,5 294 0 10,125 -75 0 0 0
397999,6 290 0 23,75 -80 0 0 0
399000 107 0 11 -80 0 0 0
389999,1 286 0 6,8125 -84 0 0 0
391999,4 286 0 16,5 -80 0 0 0
392999,2 291 0 9,5 -77 0 0 0
394999,5 162 0 33,75 -74 0 0 0
395999,6 296 0 10,4375 -76 0 0 0
397999,6 290 0 23,375 -80 0 0 0
398999,8 330 0 7,4375 -81 0 0 0
392999,2 291 0 15 -79 0 0 0
393998,9 101 0 1 -77 0 0 0
394999,2 162 0 25,1875 -84 0 0 0
395999,5 297 0,5004196 16,875 -79 90 0 0
396999,1 106 0 1 -87 0 0 0
398999,6 334 0 12,375 -84 0 0 0
391999,3 288 0 17,5 -80 0 0 0
392999,3 289 0 10,4375 -77 0 0 0
394999,5 286 0 36,0625 -73 0 0 0
395999,5 294 0 10,1875 -75 0 0 0
397999,6 55 0 24,0625 -80 0 0 0
385998,9 293 0 6,75 -86 0 0 0
392999,2 292 0 10,25 -77 0 0 0
393998,9 58 0 1 -77 0 0 0
396999 341 0 1 -87 0 0 0
398999,8 333 0 9,625 -81 0 0 0
385999,1 297 0 8 -86 0 0 0
386998,4 293 0 6,75 -83 0 0 0
388999,2 292 0 7,625 -86 0 0 0
389998,9 287 0 6,5 -85 0 0 0
397999,6 290 0 23,875 -80 0 0 0
405015,5 24 0,5075581 5,9375 -86 0 0 0
386998,7 289 0 7,5625 -83 0 0 0
389998,9 287 0 7,1875 -84 0 0 0
390999 295 0 1 -85 0 0 0
397999,6 154 0 23,875 -80 0 0 0
398999,8 342 0 9,625 -81 0 0 0
405015 29 0,6899856 5,5 -86 0 0 0
386998,9 292 0 7,1875 -84 0 0 0
389998,8 286 0 7,75 -84 0 0 0
390998,9 55 0 1 -85 0 0 0
392999,2 292 0 10,3125 -77 0 0 0
393998,8 58 0 1 -77 0 0 0
395999,5 295 0 10,5625 -76 0 0 0
405015,2 24 0,6054732 5 -87 0 0 0
385998,9 295 0 6,75 -86 0 0 0
388999,3 295 0 8,5625 -87 0 0 0
390998,9 55 0 1 -85 0 0 0
391999,3 286 0 18,125 -79 0 0 0
393998,9 59 0 1 -77 0 0 0
394999,5 286 0 35,8125 -73 0 0 0
396999 290 0 1 -87 0 0 0
397999,6 290 0 23,875 -80 0 0 0
405015,1 26 0,6840304 5,1875 -87 0 0 0
407076,3 193 0 1 -86 0 0 0
407076,4 349 0 1 -85 0 0 0
385999,1 295 0,5026266 8 -86 0 0 0
386998,9 292 0 7,0625 -83 0 0 0
389998,8 286 0 7,75 -84 0 0 0
391999,4 285 0 23,75 -80 0 0 0
392999,3 59 0 10,125 -77 0 0 0
394999,5 162 0 35,625 -73 0 0 0
395999,3 298 0,5548366 10,1875 -75 0 0 0
397999,6 55 0 23,625 -80 0 0 0
398999,8 109 0 9,625 -81 0 0 0
385998,8 293 0 7,125 -86 0 0 0
388999,1 101 0 6,5 -86 0 0 0
391999,3 287 0 16,9375 -80 0 0 0
398999,6 107 0 8,9375 -81 0 0 0
385998,9 295 0 6,75 -86 0 0 0
386998,7 292 0 7,5625 -83 0 0 0
388999,2 292 0 6,6875 -87 0 0 0
394999,4 287 0 24,9375 -73 0 0 0
396999,1 285 0 1 -87 0 0 0
397999,7 289 0 45,25 -80 0 0 0
386998,7 290 0 7,5625 -83 0 0 0
394999,4 286 0 24,9375 -73 0 0 0
395999,3 295 0 10,125 -75 0 0 0
397999,6 154 0 23,625 -80 0 0 0
399000 342 0 10,25 -81 0 0 0
386998,9 59 0 7,1875 -84 0 0 0
389998,8 288 0 7,75 -84 0 0 0
390998,8 55 0 1 -85 0 0 0
392999,3 291 0 10,25 -77 0 0 0
393998,9 295 0 1 -77 0 0 0
395999,3 295 0 10,125 -75 0 0 0
396999,2 341 0 1 -88 0 0 0
398999,7 329 0 8,5625 -81 0 0 0
385999,1 294 0 8 -86 0 0 0
390998,8 292 0 1 -84 0 0 0
392999,2 289 0 10,125 -77 0 0 0
395999,5 295 0 10,9375 -75 0 0 0
396999,1 162 0 1 -87 0 0 0
398999,8 333 0 8,25 -81 0 0 0
385999 294 0 8,125 -86 0 0 0
386998,7 290 0 8,5 -83 0 0 0
393998,9 292 0 1 -77 0 0 0
394999,4 287 0 24,75 -73 0 0 0
396999,1 162 0 1 -87 0 0 0
405015,3 25 0,6799012 6,625 -87 0 0 0
385999,1 295 0 10,375 -86 0 0 0
395999,5 295 0 10,3125 -76 0 0 0
396998,9 162 0 1 -86 0 0 0
399000 342 0 10,25 -81 0 0 0
385999,1 293 0 6,4375 -86 0 0 0
393998,9 100 0 1 -77 0 0 0
395999,4 297 0 10,5 -76 0 0 0
396999 332 0 1 -86 0 0 0
398999,4 331 0 9,375 -81 0 0 0
392998,7 290 0 18,1875 -83 0 0 0
393999 57 0 21,0625 -79 0 0 0
394999,5 286 0 35,4375 -73 0 0 0
395999,2 98 0 16 -81 0 0 0
397999,6 158 0 23,625 -80 0 0 0
398999,7 289 0 14,25 -86 0 0 0
385998,9 295 0 6,9375 -86 0 0 0
392999 58 0 10,1875 -77 0 0 0
393998,8 59 0 1 -76 0 0 0
395999,5 295 0 10,125 -75 0 0 0
398999,9 332 0 10,5625 -81 0 0 0
385999,2 292 0 10 -86 0 0 0
393998,9 100 0 1 -77 0 0 0
394999,5 287 0 35,8125 -73 0 0 0
396999 282 0 1 -87 0 0 0
397999,6 55 0 23,75 -80 0 0 0
386998,5 62 0 7 -83 0 0 0
392999,2 289 0 9,5 -77 0 0 0
394999,5 286 0 35,8125 -73 0 0 0
397999,6 55 0 23,625 -80 0 0 0
398999,8 284 0 8,25 -81 0 0 0
405000,4 56 0,681591 15,5625 -92 1 0 0
386998,5 58 0 7,875 -83 0 0 0
387998,8 162 0,505847 7,25 -88 0 0 0
394999,5 289 0 35,25 -73 0 0 0
395999,5 295 0 10,0625 -75 0 0 0
397999,6 160 0 23,625 -80 0 0 0
398999,6 107 0 8,9375 -81 0 0 0
385998,9 295 0 6,9375 -86 0 0 0
388999,2 293 0 6,5 -87 0 0 0
390998,9 55 0 1 -85 0 0 0
396999,2 162 0 1 -87 0 0 0
398999,7 328 0 8,5625 -81 0 0 0
405015,2 28 0,7060534 5,9375 -87 0 0 0
385999 55 0 6,1875 -85 0 0 0
386998,5 292 0 7,125 -84 0 0 0
388999,1 293 0 6,875 -87 0 0 0
389998,9 288 0 7,1875 -84 0 0 0
392999,2 292 0 9,75 -77 0 0 0
389998,8 286 0 7,75 -84 0 0 0
390998,8 55 0 1 -84 0 0 0
392999 292 0,540683 9,6875 -77 0 0 0
393998,9 59 0 1 -77 0 0 0
385999,2 295 0 7,625 -86 0 0 0
387998,8 162 0 8,75 -89 0 0 0
388999,2 293 0 6,6875 -87 0 0 0
390998,9 55 0 1 -85 0 0 0
391999,4 287 0 16,625 -80 0 0 0
393998,9 59 0 1 -77 0 0 0
394999,5 285 0 35,625 -73 0 0 0
396999 283 0 1 -87 0 0 0
407075,9 348 0 12,5 -84 0 0 0
385999,2 293 0 7,625 -86 0 0 0
386998,7 292 0 8,875 -84 0 0 0
388999,3 293 0 7,375 -86 0 0 0
389998,9 287 0 9,4375 -84 0 0 0
391999,3 287 0 16,9375 -80 0 0 0
395999,4 296 0 10,8125 -76 0 0 0
397999,6 290 0 23,75 -80 0 0 0
398999,8 334 0 9,25 -81 0 0 0
407076,3 191 0 4,9375 -85 0 0 0
407075,8 191 0 12,9375 -84 0 0 0
386998,7 60 0 6,875 -84 0 0 0
389998,6 162 0 6,375 -84 0 0 0
390998,8 55 0 1 -84 0 0 0
392999,3 291 0 10 -77 0 0 0
393998,9 59 0 1 -77 0 0 0
395999,5 295 0 10,1875 -75 0 0 0
396999,1 334 0 1 -87 0 0 0
407076,3 306 0 3,5625 -84 0 0 0
386998,4 60 0 6,875 -84 0 0 0
390998,9 55 0 1 -85 0 0 0
392999,3 289 0 9,4375 -77 0 0 0
396999,1 286 0 1 -88 0 0 0
385999,1 56 0 10,5625 -86 0 0 0
386998,7 294 0 8,875 -84 0 0 0
388999,2 292 0 8,875 -87 0 0 0
389999,1 285 0 9,5625 -83 0 0 0
396999 340 0 1 -86 0 0 0
397999,6 291 0 46 -80 0 0 0
407076,1 190 0 30,5 -85 0 0 0
386998,2 295 0 1 -89 0 0 0
389998,9 288 0 9,4375 -84 0 0 0
390998,7 55 0 1 -83 0 0 0
392999,3 291 0 12 -77 0 0 0
398999,7 333 0 10,75 -81 0 0 0
407076,3 192 0 4,9375 -84 0 0 0
407076,6 191 0 1 -87 0 0 0
385999 296 0 7,4375 -85 0 0 0
388999,3 289 0 7,375 -86 0 0 0
390998,8 296 0 1 -84 0 0 0
391999,3 287 0 14 -79 0 0 0
393998,9 60 0 1 -77 0 0 0
385999,1 293 0 6,3125 -86 0 0 0
386998,5 60 0 6,375 -84 0 0 0
388999,2 294 0 6,625 -87 0 0 0
389998,9 285 0 6,4375 -84 0 0 0
391999,3 286 0 16,75 -80 0 0 0
405015 24 0,7649292 6,1875 -86 0 0 0
385999 295 0 6,625 -86 0 0 0
386998,7 59 0 7,5625 -83 0 0 0
388999,3 102 0 9,6875 -86 0 0 0
389998,9 288 0 7,1875 -84 0 0 0
396999,3 329 0 1 -88 0 0 0
397999,6 291 0 23,625 -80 0 0 0
386998,5 288 0 7,875 -83 0 0 0
389998,9 286 0 7,1875 -84 0 0 0
390998,8 57 0 1 -84 0 0 0
397999,6 155 0 23,625 -80 0 0 0
398999,7 334 0 7,6875 -81 0 0 0
405015,3 28 0,8037704 5,6875 -88 0 0 0
385999,1 297 0 6,4375 -86 0 0 0
388999,3 287 0 14,25 -86 0 0 0
390998,8 56 0 1 -84 0 0 0
394999,4 162 0 36,75 -73 0 0 0
407024,2 74,49464 0,6448305 20,5 -52 0,4946442 0 0
385999,1 295 0 11,625 -85 0 0 0
386998,1 292 0 1 -89 0 0 0
388999,2 289 0 10,375 -86 0 0 0
391999,3 286 0 18,75 -79 0 0 0
392999,3 291 0 11,8125 -77 0 0 0
394999,6 286 0 68,6875 -73 0 0 0
395999,6 295 0 13,125 -75 0 0 0
389998,9 288 0 9,4375 -84 0 0 0
390998,9 56 0 1 -84 0 0 0
392999,3 59 0 11,8125 -77 0 0 0
393998,9 59 0 10,375 -73 0 0 0
395999,4 294 0 12,625 -76 0 0 0
396999 162 0 1 -86 0 0 0
398999,8 107 0 11 -81 0 0 0
388999,2 294 0,5174688 10,1875 -86 0 0 0
390998,8 295 0 1 -83 0 0 0
391999,4 287 0 26,6875 -79 0 0 0
393998,9 59 0 10,875 -73 0 0 0
394999,6 287 0 68,5625 -73 0 0 0
396999 162 0 1 -86 0 0 0
405015,3 25 0,633989 6,5 -86 0 0 0
391999,4 287 0 26,4375 -79 0 0 0
392999,3 60 0 12,1875 -77 0 0 0
395999,7 295 0 13,5625 -76 0 0 0
396647 261 0,5144005 5,75 -89 0 0 0
397999,5 160 0 26,4375 -79 0 0 0
398999,8 342 0,5284957 11,4375 -80 0 0 0
385999 295 0 9,125 -85 0 0 0
392999,3 59 0 12,4375 -77 0 0 0
393998,9 100 0 10,1875 -73 0 0 0
395999,4 296 0 12,9375 -75 0 0 0
396998,9 341 0 1 -85 0 0 0
398999,9 287 0 11,375 -80 0 0 0
409063,7 289 0,7223693 10,6875 -89 0 0 0
385999,2 306 0 19,0625 -89 0 0 0
386998,7 61 0 8,875 -84 0 0 0
394999,6 162 0 68,9375 -73 0 0 0
396001 291 0 17,8125 -89 0 0 0
396999,2 162 0 9,75 -85 0 0 0
389998,9 287 0 9,4375 -84 0 0 0
390998,9 55 0 1 -83 0 0 0
397999,6 155 0 46 -80 0 0 0
398999,6 107 0 10,25 -80 0 0 0
385998,9 294 0 7,8125 -85 0 0 0
388998,9 293 0 8,5625 -86 0 0 0
390998,8 55 0 1 -83 0 0 0
396999 162 0 1 -86 0 0 0
398999,8 106 0 11 -81 0 0 0
389998,2 286 0 1 -89 0 0 0
390998,9 56 0 1 -84 0 0 0
392999,3 291 0 11,8125 -77 0 0 0
393998,9 58 0 11 -73 0 0 0
386998,8 288 0 9,4375 -84 0 0 0
389998,8 287 0 9,3125 -84 0 0 0
390998,8 58 0 1 -84 0 0 0
392999,2 291 0 15,0625 -78 0 0 0
393998,9 292 0 11,125 -73 0 0 0
394999,7 292 0 20,875 -87 0 0 0
395999,5 296 0 18,625 -78 0 0 0
385999,1 295 0 11,625 -85 0 0 0
393999 101 0 10,1875 -73 0 0 0
394999,6 286 0 69,1875 -73 0 0 0
396999 163 0 1 -86 0 0 0
397999,5 155 0 26,1875 -79 0 0 0
386999 291 0 9,5625 -83 0 0 0
388999,1 290 0 9,8125 -89 0 0 0
391999,4 287 0,5163414 44,6875 -81 0 0 0
392999 292 0 11,25 -77 0 0 0
393999,4 290 0 19,5625 -83 0 0 0
394999,4 286 0 16,9375 -75 0 0 0
395999,4 295 0 13,1875 -75 0 0 0
397999,8 57 0 13,5625 -83 0 0 0
398999,6 332 0 10,25 -80 0 0 0
386998,3 288 0 10,3125 -87 0 0 0
387998,8 55 0,5672089 10,6875 -88 1 0 0
389998,7 289 0 12,4375 -87 0 0 0
390998,7 294 0 1 -83 0 0 0
391999,6 289 0 15,25 -85 0 0 0
392998,4 59 0 22,875 -84 0 0 0
393998,9 100 0 10,8125 -73 0 0 0
394999,4 287 0 19,5 -77 0 0 0
395999,7 298 0,5209358 16,8125 -82 0 0 0
396999 162 0 1 -86 0 0 0
397999,8 289 0 13,25 -84 0 0 0
398999,8 342 0 15,25 -88 0 0 0
385999 294 0 9,375 -85 0 0 0
386998,1 291 0 10,6875 -85 0 0 0
389998,5 286 0 10,375 -85 0 0 0
391999,4 286 0 26,6875 -79 0 0 0
392999,2 291 0,5521045 17,0625 -79 0 0 0
394000,2 291 0 30,5 -89 0 0 0
394999,6 286 0 68,8125 -73 0 0 0
395999,5 295 0 18,1875 -77 0 0 0
396646 111 0 5,625 -89 0 0 0
397999,6 55 0 46 -80 0 0 0
398999,5 332 0 12,5 -81 0 0 0
386998,3 95 0 1 -88 0 0 0
387998,8 162 0 8,75 -89 0 0 0
389998,8 287 0 8,5 -83 0 0 0
390998,8 57 0 1 -84 0 0 0
392999,2 291 0 12,0625 -77 0 0 0
393998,9 59 0 10,75 -73 0 0 0
395999,6 296 0 13,625 -76 0 0 0
398999,8 331 0 11 -81 0 0 0
385999 291 0 9,375 -85 0 0 0
388999,2 292 0 10 -86 0 0 0
390998,8 59 0 1 -83 0 0 0
391999,3 287 0 18,75 -79 0 0 0
393998,9 59 0 10,1875 -73 0 0 0
396999 341 0 1 -85 0 0 0
385999 292 0 9,375 -85 0 0 0
386998,1 62 0 1 -89 0 0 0
388998,9 292 0,5031898 8,5625 -86 0 0 0
389999,1 288 0 8,75 -84 0 0 0
391999,4 287 0 26,6875 -79 0 0 0
394999,6 289 0 68,4375 -73 0 0 0
395999,4 295 0 13 -75 0 0 0
397999,6 156 0 45,75 -80 0 0 0
398999,8 342 0 11,25 -80 0 0 0
387998,8 58 0 9 -89 0 0 0
390998,7 56 0 1 -83 0 0 0
392999,2 292 0 12,0625 -77 0 0 0
393998,9 59 0 10,5 -73 0 0 0
395999,4 296 0 12,5 -76 0 0 0
396999 162 0 1 -86 0 0 0
398999,7 334 0 10,75 -81 0 0 0
388999 293 0 8,3125 -86 0 0 0
390998,8 55 0 1 -83 0 0 0
391999,3 287 0 18,5 -79 0 0 0
393998,9 101 0 10,625 -73 0 0 0
394999,6 162 0 69,0625 -73 0 0 0
397999,5 159 0 26,1875 -79 0 0 0
391999,4 289 0 26,4375 -79 0 0 0
392999,2 290 0 12 -77 0 0 0
395999,6 295 0 16 -75 0 0 0
397999,5 290 0 26,1875 -79 0 0 0
398999,5 331 0 11,4375 -80 0 0 0
386998,5 59 0 6,375 -84 0 0 0
392999,2 292 0 11,125 -77 0 0 0
394999,6 287 0 68,875 -73 0 0 0
395999,4 295 0 12,9375 -75 0 0 0
397999,6 55 0 46 -80 0 0 0
398999,8 333 0 11,4375 -80 0 0 0
407025,3 74 0,6337957 19,5625 -50 0 0 0
385999 294 0 6,3125 -85 0 0 0
388999,1 291 0 6,3125 -86 0 0 0
395999,5 295 0 10,5 -75 0 0 0
396999,1 341 0 1 -87 0 0 0
388999,1 293 0 6,875 -87 0 0 0
390998,8 61 0 1 -84 0 0 0
396999,1 163 0 1 -88 0 0 0
398999,4 333 0 9 -80 0 0 0
386998,7 290 0 7,75 -84 0 0 0
389999,1 288 0 7,625 -84 0 0 0
390998,8 55 0 1 -84 0 0 0
398999,6 331 0 12,1875 -84 0 0 0
386998,6 64 0 8,125 -83 0 0 0
390998,8 56 0 1 -84 0 0 0
392999,2 59 0 9,5625 -77 0 0 0
393998,9 288 0 1 -77 0 0 0
405015,2 29 0,6222718 5,6875 -86 0 0 0
385999,1 55 0 6,3125 -86 0 0 0
388999,2 290 0,5250322 6,6875 -87 0 0 0
390998,9 293 0 1 -85 0 0 0
391999,3 287 0 16,9375 -80 0 0 0
393998,9 57 0 1 -77 0 0 0
394999,5 286 0 35,4375 -73 0 0 0
385999,1 294 0 7,1875 -85 0 0 0
388999,1 293 0 6,4375 -86 0 0 0
390998,8 294 0 1 -84 0 0 0
393998,9 58 0 1 -77 0 0 0
394999,5 286 0 33,75 -74 0 0 0
396999,2 165 0 1 -88 0 0 0
385998,9 295 0 6,5625 -85 0 0 0
386998,4 291 0 8,125 -84 0 0 0
388999,2 292 0 6,625 -87 0 0 0
389999,1 286 0 6,8125 -84 0 0 0
391999,3 286 0 16,9375 -80 0 0 0
392999,2 288 0 9,6875 -77 0 0 0
394999,5 286 0 35,625 -73 0 0 0
395999,5 294 0 10,1875 -75 0 0 0
386998,7 295 0 6,875 -84 0 0 0
389998,8 162 0 6,1875 -84 0 0 0
390998,8 55 0 1 -84 0 0 0
392999,2 288 0,5082431 9,4375 -77 0 0 0
393998,9 100 0 1 -77 0 0 0
396999 341 0 1 -87 0 0 0
385998,8 292 0 8,8125 -86 0 0 0
388999 296 0 8,3125 -86 0 0 0
390998,8 293 0 1 -83 0 0 0
391999,4 286 0 26,6875 -79 0 0 0
393998,9 58 0 10,625 -73 0 0 0
394999,5 162 0 36,625 -73 0 0 0
396999 162 0 1 -86 0 0 0
385999,2 294 0 10,1875 -86 0 0 0
386997,9 288 0 1 -89 0 0 0
388999,3 293 0 14,4375 -86 0 0 0
389999,1 285 0 8,75 -84 0 0 0
391999,4 287 0 26,4375 -79 0 0 0
392999,2 291 0 12 -77 0 0 0
394999,4 162 0 36,75 -73 0 0 0
397999,6 55 0 45,75 -80 0 0 0
386998,1 293 0 1 -89 0 0 0
389998,7 289 0 8,875 -84 0 0 0
390998,8 293 0 1 -83 0 0 0
392999,4 292 0 13,3125 -77 0 0 0
393998,9 59 0 10,5 -73 0 0 0
395999,6 297 0 12,9375 -75 0 0 0
396641,2 264 0 6,8125 -89 0 0 0
396998,9 162 0 1 -86 0 0 0
398999,8 162 0 11 -81 0 0 0
385999,2 292 0 7,5625 -86 0 0 0
388999,2 296 0 6,75 -87 0 0 0
390998,8 293 0 1 -84 0 0 0
391999,4 286 0 16,5 -80 0 0 0
393998,8 101 0 1 -76 0 0 0
394999,5 286 0 35,4375 -73 0 0 0
397999,6 291 0 23,3125 -80 0 0 0
386998,4 291 0 6,75 -83 0 0 0
389998,8 286 0 7,75 -84 0 0 0
392999,2 57 0 9,4375 -77 0 0 0
393998,9 100 0 17 -77 0 0 0
394999,2 284 0 19,0625 -82 0 0 0
395999,3 296 0 9,75 -76 0 0 0
396999,1 329 0 1 -88 0 0 0
397999,3 162 0 14,25 -89 0 0 0
398999,6 342 0 8 -81 0 0 0
389998,8 286 0 7,75 -84 0 0 0
390998,9 293 0 1 -85 0 0 0
392999,2 291 0 9,6875 -77 0 0 0
393998,9 58 0 1 -77 0 0 0
395999,5 295 0 10,6875 -76 0 0 0
396999,1 331 0 1 -87 0 0 0
398999,7 331 0 8,5625 -81 0 0 0
385999,1 293 0 6,4375 -86 0 0 0
391999,2 286 0 11,6875 -79 0 0 0
393998,9 291 0 1 -77 0 0 0
394999,5 289 0 33,75 -74 0 0 0
396999,1 337 0 1 -88 0 0 0
386999 57 0 10,1875 -89 0 0 0
392999 289 0 8,9375 -77 0 0 0
395999,5 295 0,5497045 10,1875 -75 0 0 0
397999,4 290 0 22,375 -82 0 0 0
398999,9 342 0 8 -81 0 0 0
385999,2 293 0 10 -86 0 0 0
388999,2 291 0 6,6875 -87 0 0 0
395999,5 295 0 10,1875 -75 0 0 0
396999 341 0 1 -87 0 0 0
398999,8 342 0 8,25 -81 0 0 0
385998,9 290 0 6,75 -86 0 0 0
386998,7 292 0 7,5625 -83 0 0 0
388999,2 291 0 6,1875 -86 0 0 0
389998,9 286 0 7,1875 -84 0 0 0
391999,4 287 0 16,5 -80 0 0 0
396999 342 0 1 -86 0 0 0
397999,6 156 0 23,25 -80 0 0 0
405015,1 27 0,6505461 8,375 -86 0 0 0
385999,1 294 0 7,75 -86 0 0 0
386998,8 59 0 6,8125 -83 0 0 0
388999,3 294 0 12,125 -87 0 0 0
389998,8 287 0 7,75 -84 0 0 0
391999,3 286 0 17,8125 -80 0 0 0
385999,1 293 0 8 -86 0 0 0
387998,8 162 0 6,125 -89 0 0 0
388999,2 291 0 6,75 -87 0 0 0
394999,4 286 0 24,75 -73 0 0 0
398999,7 336 0 8,5625 -81 0 0 0
385999,1 288 0 8 -86 0 0 0
389998,9 288 0 7,1875 -84 0 0 0
392999,2 292 0 9,4375 -77 0 0 0
395999,5 296 0 10,125 -75 0 0 0
398999,8 342 0 9,25 -81 0 0 0
405015,3 26 0,5463373 4,9375 -86 0 0 0
385999 294 0 6,5 -86 0 0 0
391999,3 289 0 14 -79 0 0 0
393998,9 100 0 1 -77 0 0 0
396998,9 162 0 1 -86 0 0 0
397999,6 156 0 23,3125 -80 0 0 0
385999,1 294 0 7,1875 -85 0 0 0
387998,8 55 0,5672088 8,75 -89 0 0 0
390998,8 56 0 1 -84 0 0 0
393998,9 59 0 1 -77 0 0 0
398999,8 287 0 8,875 -80 0 0 0
405014,7 29 0,7734094 6,125 -88 1 0 0
386998,9 293 0 7,1875 -84 0 0 0
389998,9 289 0 7,1875 -84 0 0 0
390998,8 55 0 1 -84 0 0 0
392999 291 0 9,125 -77 0 0 0
395999,3 296 0 9,5625 -75 0 0 0
405015,3 30 0,7064824 5,6875 -87 0 0 0
385999,1 294 0 7,75 -86 0 0 0
388999,2 293 0 6,75 -87 0 0 0
391999,4 286 0 17,8125 -79 0 0 0
393998,9 291 0 1 -77 0 0 0
398999,7 108 0 8,5625 -81 0 0 0
405015,3 34 0,8241565 5,5 -86 0 0 0
385999,1 292 0 8 -86 0 0 0
386998,3 59 0 7,1875 -83 0 0 0
391999,4 287 0 24,0625 -80 0 0 0
393998,9 58 0 1 -77 0 0 0
397999,6 154 0 23,375 -80 0 0 0
405015,1 20 0,6881411 5,25 -86 0 0 0
407074,8 306 0 6,4375 -83 0 0 0
388999,2 102 0 7,4375 -86 0 0 0
390998,8 294 0 1 -84 0 0 0
391999,5 286 0 23,375 -80 0 0 0
393998,9 294 0 1 -77 0 0 0
394999,5 289 0 35,25 -73 0 0 0
396999,3 287 0 1 -89 0 0 0
397999,6 291 0 23,625 -80 0 0 0
407073,6 349 0 1 -87 0 0 0
407076,7 192 0 1 -88 0 0 0
385999,1 55 0 7,75 -86 0 0 0
386998,6 292 0 7,25 -83 0 0 0
388999,2 293 0 7,5625 -86 0 0 0
391999,3 287 0 13,875 -79 0 0 0
394999,5 287 0 33,4375 -74 0 0 0
395999,6 296 0 10,8125 -75 0 0 0
407075,1 191 0 7,25 -83 0 0 0
386998,6 57 0 7,25 -83 0 0 0
390998,9 55 0 1 -84 0 0 0
393998,9 100 0 1 -77 0 0 0
395999,6 294 0 9,75 -76 0 0 0
396999 333 0 1 -87 0 0 0
385998,9 295 0 6,75 -86 0 0 0
388999,2 293 0 7,75 -86 0 0 0
391999,2 286 0 14,6875 -79 0 0 0
394999,5 162 0 33,4375 -74 0 0 0
398999,7 342 0 8,5625 -81 0 0 0
388998,8 290 0,6290731 10,6875 -87 0 0 0
390998,8 56 0 1 -84 0 0 0
391999,3 286 0 18,125 -79 0 0 0
393998,9 101 0 1 -77 0 0 0
396999 335 0 1 -87 0 0 0
390999 292 0 9,8125 -88 0 0 0
391999,4 286 0,503346 35,625 -84 0 0 0
392999,2 289 0 9,4375 -77 0 0 0
393999 99 0 20,125 -79 0 0 0
394999,7 287 0 18,0625 -79 0 0 0
395999,5 296 0 10,1875 -75 0 0 0
396999,1 331 0 9,8125 -88 0 0 0
397999,8 155 0 14,0625 -86 0 0 0
398999,6 342 0 8 -81 0 0 0
386998,7 61 0 7,5625 -83 0 0 0
387998,8 162 0 6,125 -89 0 0 0
389998,9 285 0 7,1875 -84 0 0 0
390998,8 55 0 1 -84 0 0 0
392999,3 289 0,5813259 11,5 -77 0 0 0
398999,9 162 0 10,5625 -81 0 0 0
386998,3 293 0 6,6875 -84 0 0 0
388999,1 293 0 5,5 -87 0 0 0
389999,1 285 0 6,8125 -84 0 0 0
392999,3 291 0 10,3125 -77 0 0 0
394999,5 285 0 33,9375 -74 0 0 0
385998,9 293 0 7,5 -87 0 0 0
388999,2 290 0,6289846 7,75 -88 0 0 0
389998,7 287 0 6,5625 -84 0 0 0
393998,9 99 0 1 -77 0 0 0
396999,1 334 0 1 -87 0 0 0
391999,4 286 0 15,9375 -80 0 0 0
392999,3 292 0 9,375 -77 0 0 0
394999,5 287 0 33,75 -74 0 0 0
395999,5 296 0 10,5 -76 0 0 0
397999,6 153 0 23,375 -80 0 0 0
398999,6 333 0 8 -81 0 0 0
405015,3 31 0,7122326 4,9375 -86 1 0 0
386998,6 289 0 6,5625 -84 0 0 0
389998,8 286 0 7,5625 -83 0 0 0
390998,9 292 0 1 -85 0 0 0
392999,4 291 0 9,875 -77 0 0 0
393998,8 58 0 1 -76 0 0 0
395999,6 296 0 10 -75 0 0 0
396999,3 341 0 1 -88 0 0 0
405014,5 29 0 5,75 -87 0 0 0
385999,1 293 0 7,125 -85 0 0 0
388999,1 293 0 6,5 -86 0 0 0
390998,9 55 0 1 -85 0 0 0
391999,4 287 0 16,5 -80 0 0 0
396999,1 162 0 1 -87 0 0 0
398999,8 333 0 9,625 -81 0 0 0
405015,4 32 0,7871884 5,375 -86 0 0 0
386998,5 287 0 10,1875 -86 0 0 0
393998,9 58 0 1 -77 0 0 0
394999,4 162 0 17,5625 -78 0 0 0
395999,7 299 0 23,9375 -83 0 0 0
396999,2 334 0 1 -88 0 0 0
397999,8 55 0 5,875 -84 0 0 0
385999,1 55 0 7,1875 -85 0 0 0
386998,5 288 0 7,125 -84 0 0 0
393998,9 100 0 1 -77 0 0 0
394999,5 287 0 35,25 -73 0 0 0
396999,1 162 0 1 -87 0 0 0
397999,6 155 0 23,75 -80 0 0 0
386998,8 290 0 9,3125 -84 0 0 0
394999,6 162 0 65,125 -74 0 0 0
397999,7 154 0 42 -81 0 0 0
398999,7 333 0 8,5625 -81 0 0 0
385998,9 293 0 8,5625 -86 0 0 0
386999 289 0 8,75 -84 0 0 0
388999,1 290 0 8,125 -86 0 0 0
389998,9 283 0 9 -83 0 0 0
396999 331 0 1 -86 0 0 0
397999,6 290 0 45,75 -80 0 0 0
386998,8 59 0 8,875 -83 0 0 0
389998,9 285 0,5750704 11,6875 -83 0 0 0
390998,8 294 0 1 -83 0 0 0
392999,3 151 0,5247173 12,0625 -77 0 0 0
399000 335 0 11,875 -81 0 0 0
390998,8 290 0 1 -84 0 0 0
391999,6 285 0 12,875 -85 0 0 0
392999,7 289 0 21,375 -84 0 0 0
393998,9 101 0 1 -77 0 0 0
407025,2 103,5018 0,6192228 14,8125 -61 0,5018005 0 0
385999,2 292 0 7,625 -86 0 0 0
386998,6 59 0 7,25 -83 0 0 0
388999,2 290 0,5760715 6,625 -87 0 0 0
389998,7 287 0 6,5625 -84 0 0 0
391999,4 287 0 16,375 -80 0 0 0
392999,2 289 0 9,4375 -77 0 0 0
394999,5 162 0 35,4375 -73 0 0 0
396647 264 0,5566541 3,8125 -89 0 0 0
389998,8 288 0 6,8125 -83 0 0 0
390998,8 61 0 1 -84 0 0 0
392999,3 59 0 9,4375 -77 0 0 0
398999,9 333 0 9 -81 0 0 0
385999,1 294 0 8 -86 0 0 0
387998,8 285 0 6,0625 -89 0 0 0
390998,8 55 0 1 -84 0 0 0
393998,9 291 0 1 -77 0 0 0
394999,5 287 0 33,75 -74 0 0 0
398999,6 334 0 8 -81 0 0 0
407076 306 0 19 -83 0 0 0
407076,3 194 0 1 -86 0 0 0
391999,5 288 0 23,625 -80 0 0 0
392999,2 289 0 12,1875 -88 0 0 0
393999,2 100 0 14,5625 -75 0 0 0
394999,5 286 0 35,4375 -73 0 0 0
396000,3 296 0 31,3125 -86 0 0 0
396998,9 162 0 1 -87 0 0 0
397999,6 291 0 23,625 -80 0 0 0
407076,7 193 0 1 -89 0 0 0
389998,9 285 0 7,9375 -83 0 0 0
391999,4 288 0 24,0625 -80 0 0 0
392999,2 291 0 9,75 -77 0 0 0
394999,5 286 0 35,4375 -73 0 0 0
395999,3 297 0,5037904 10,1875 -75 0 0 0
397999,6 290 0 23,625 -80 0 0 0
398999,6 108 0 8,9375 -81 0 0 0
405000,7 255 0,6366056 15,875 -92 0 0 0
385998,9 293 0 6,9375 -86 0 0 0
392999,2 291 0 9,6875 -77 0 0 0
393998,9 100 0 1 -77 0 0 0
395999,5 295 0 10,125 -75 0 0 0
396999,1 288 0 1 -87 0 0 0
398999,8 334 0 8,25 -81 0 0 0
385999,1 291 0 6,4375 -86 0 0 0
386998,8 292 0 6,6875 -82 0 0 0
394999,5 286 0 35,8125 -73 0 0 0
396999,1 162 0 1 -87 0 0 0
397999,6 290 0 23,375 -80 0 0 0
386998,5 289 0 7,125 -84 0 0 0
392999,2 294 0,512999 9,4375 -77 0 0 0
394999,5 286 0 35,4375 -73 0 0 0
395999,5 295 0 10,0625 -75 0 0 0
397999,6 156 0 23,75 -80 0 0 0
398999,7 286 0 8,5625 -81 0 0 0
403227,1 91 0 12,8125 -82 0 0 0
385998,9 293 0 6,5625 -85 0 0 0
395999,3 295 0 10,375 -75 0 0 0
396999,1 331 0 1 -87 0 0 0
398999,9 333 0 9 -81 0 0 0
385999,2 292 0 7,625 -86 0 0 0
386998,9 58 0 7,9375 -83 0 0 0
388999,2 292 0,5501704 6,75 -87 0 0 0
394999,5 286 0 35,8125 -73 0 0 0
396999,1 162 0 1 -87 0 0 0
397999,7 291 0 44,75 -80 0 0 0
386998,9 290 0 6,4375 -84 0 0 0
395999,5 297 0 10,1875 -75 0 0 0
397999,6 346 0 23,125 -80 0 0 0
398999,8 334 0 9,25 -81 0 0 0
386998,9 60 0 7,1875 -84 0 0 0
387998,7 279 0 8,5 -89 0 0 0
389999,3 288 0 6,4375 -84 0 0 0
395999,5 296 0 10,25 -76 0 0 0
397999,6 289 0 23,3125 -80 0 0 0
398999,6 108 0 8 -81 0 0 0
403227 198 0 21,625 -83 0 0 0
403224,9 198 0 1 -86 0 0 0
385999 294 0 6,5 -86 0 0 0
388999,2 293 0 7,5625 -86 0 0 0
390998,8 294 0 1 -84 0 0 0
391999,3 288 0 16,9375 -80 0 0 0
398999,8 106 0 9,625 -81 0 0 0
403224,9 200 0 1 -85 0 0 0
385999,1 294 0 6,4375 -86 0 0 0
386998,5 59 0 6,375 -84 0 0 0
388999,1 291 0 5,625 -87 0 0 0
392999,3 291 0,5954638 10 -77 0 0 0
394999,5 162 0 34,125 -74 0 0 0
389999,8 284 0 11,4375 -89 0 0 0
390998,8 55 0 1 -84 0 0 0
391999,3 287 0 32,9375 -85 0 0 0
392998,7 290 0 16,25 -84 0 0 0
393998,9 100 0 1 -77 0 0 0
394999,4 162 0 17 -78 0 0 0
395999,2 297 0,5594721 23,1875 -84 0 0 0
385998,9 291 0 6,75 -86 0 0 0
388999,1 293 0 5,625 -87 0 0 0
390998,9 55 0 1 -85 0 0 0
391999,4 286 0 16,375 -80 0 0 0
393998,9 58 0 1 -77 0 0 0
385999,2 60 0 7,5625 -86 0 0 0
386998,6 291 0 6,3125 -83 0 0 0
389998,8 287 0 6,1875 -84 0 0 0
391999,4 286 0 16,5 -80 0 0 0
392999,2 58 0 9,6875 -77 0 0 0
394999,4 286 0 24,75 -73 0 0 0
395999,3 296 0 10,3125 -75 0 0 0
386998,4 59 0 6,875 -84 0 0 0
389999,1 288 0,5037581 6,8125 -84 0 0 0
390998,9 55 0 1 -85 0 0 0
392999 59 0 9,625 -77 0 0 0
395999,5 296 0 10,0625 -75 0 0 0
396999,1 332 0 1 -87 0 0 0
398999,8 332 0 8,25 -81 0 0 0
385999 293 0 6,5 -86 0 0 0
391999,4 286 0 17,8125 -79 0 0 0
393998,9 59 0 1 -77 0 0 0
394999,6 287 0 64,625 -74 0 0 0
396999 162 0 1 -87 0 0 0
397999,7 55 0 45,375 -80 0 0 0
388999,1 288 0 6,25 -86 0 0 0
389998,9 287 0 7,1875 -84 0 0 0
391999,3 286 0 16,75 -80 0 0 0
392999,3 287 0,53945 9,3125 -77 0 0 0
394999,5 288 0 33,9375 -74 0 0 0
395999,5 295 0 10,4375 -76 0 0 0
397999,5 290 0 16,25 -80 0 0 0
390998,8 55 0 1 -84 0 0 0
391999,3 287 0 17,8125 -80 0 0 0
393998,9 288 0 1 -77 0 0 0
396999,1 281 0 1 -87 0 0 0
397999,6 154 0 45,75 -80 0 0 0
386998,6 289 0 6,5625 -84 0 0 0
392999,2 58 0 9,5 -77 0 0 0
394999,5 287 0 33,75 -74 0 0 0
395999,5 296 0 10,125 -75 0 0 0
397999,6 55 0 23,625 -80 0 0 0
398999,7 332 0 8,5625 -81 0 0 0
405015,5 26 0,6382121 6,5625 -85 0 0 0
385998,9 294 0 6,9375 -86 0 0 0
393998,9 57 0 1 -77 0 0 0
395999,5 294 0 10 -75 0 0 0
396998,9 329 0 1 -87 0 0 0
398999,8 108 0 9,625 -81 0 0 0
385999 292 0 6,625 -86 0 0 0
388999,1 292 0 5,6875 -87 0 0 0
391999,3 286 0 14,125 -79 0 0 0
393998,9 100 0 1 -77 0 0 0
394999,5 289 0 35,625 -73 0 0 0
396999,1 331 0 1 -88 0 0 0
385999,1 291 0 7 -85 0 0 0
388999,2 292 0,5339179 7,75 -86 0 0 0
390998,9 294 0 1 -85 0 0 0
391999,4 285 0 16,625 -80 0 0 0
397999,6 55 0 23,625 -80 0 0 0
389998,9 288 0 6,4375 -84 0 0 0
391999,3 287 0 16,9375 -80 0 0 0
392999,2 291 0 10,1875 -77 0 0 0
394999,5 286 0 33,9375 -74 0 0 0
395999,5 295 0 10,25 -75 0 0 0
397999,6 55 0 23,3125 -80 0 0 0
398999,6 106 0 8,9375 -81 0 0 0
385998,9 292 0 7,625 -85 0 0 0
392999,2 286 0,5334003 9,4375 -77 0 0 0
393998,9 290 0 1 -77 0 0 0
395999,6 295 0 10 -75 0 0 0
396998,9 332 0 1 -86 0 0 0
405015,5 28 0,7683395 6,0625 -87 0 0 0
390998,8 57 0 1 -84 0 0 0
391999,3 287 0 14,125 -79 0 0 0
393998,9 100 0 1 -77 0 0 0
394999,5 286 0 35,4375 -73 0 0 0
396999 341 0 1 -87 0 0 0
397999,6 55 0 21,75 -81 0 0 0
389998,6 288 0 7,4375 -84 0 0 0
391999,3 287 0 14,125 -79 0 0 0
392999,2 288 0 9,4375 -77 0 0 0
394999,4 286 0 24,75 -73 0 0 0
395999,5 296 0 10,1875 -75 0 0 0
397999,5 55 0 16,1875 -80 0 0 0
398999,6 332 0 8,9375 -81 0 0 0
389998,9 287 0 6,4375 -84 0 0 0
390998,8 294 0 1 -84 0 0 0
392999,3 292 0 9,625 -77 0 0 0
393998,9 58 0 1 -77 0 0 0
395999,5 296 0 10,4375 -76 0 0 0
396999,1 162 0 1 -87 0 0 0
398999,8 333 0 8,25 -81 0 0 0
388999,2 293 0 9,875 -86 0 0 0
390998,8 56 0 1 -83 0 0 0
391999,4 287 0 26,1875 -79 0 0 0
393998,9 58 0 10,375 -73 0 0 0
394999,4 287 0 36,75 -73 0 0 0
396999 162 0 1 -86 0 0 0
397999,7 55 0 45,375 -80 0 0 0
386998,8 57 0 9,4375 -84 0 0 0
389998,9 283 0 9 -83 0 0 0
392999 291 0 11,25 -77 0 0 0
394999,4 286 0 36,625 -73 0 0 0
395999,6 295 0 12,9375 -75 0 0 0
397999,7 291 0 45,5625 -80 0 0 0
398999,8 332 0 11 -81 0 0 0
405015,2 26 0,7785252 6,8125 -86 0 0 0
389998,1 282 0 1 -88 0 0 0
390998,8 56 0 1 -83 0 0 0
392999,2 292 0 12,1875 -77 0 0 0
393998,9 100 0 10,5 -73 0 0 0
395999,4 295 0 11,9375 -75 0 0 0
396998,9 162 0 1 -85 0 0 0
398999,8 334 0 11,25 -80 0 0 0
385999 293 0 8,125 -86 0 0 0
388999,2 291 0 7,625 -86 0 0 0
390998,9 56 0 1 -85 0 0 0
391999,3 288 0 16,75 -80 0 0 0
393998,9 58 0 1 -77 0 0 0
394999,4 286 0 24,75 -73 0 0 0
407025,2 104 0,6121565 14,6875 -61 0 0 0
386998,9 61 0 7,0625 -83 0 0 0
388999,2 293 0 6,75 -87 0 0 0
389998,8 286 0 6,875 -84 0 0 0
391999,3 289 0 16,9375 -80 0 0 0
392999 289 0,5227081 9,125 -77 0 0 0
395999,5 294 0 10,0625 -75 0 0 0
397999,7 155 0 45 -80 0 0 0
398999,6 106 0 9,625 -80 0 0 0
392999,2 291 0 9,75 -77 0 0 0
393999 59 0 1 -77 0 0 0
395999,5 296 0,5741907 10,125 -75 0 0 0
396999 336 0 1 -87 0 0 0
398999,7 332 0 8,5625 -81 0 0 0
390998,8 58 0 1 -85 0 0 0
392999,2 292 0,5649521 9,6875 -77 0 0 0
393998,9 58 0 1 -77 0 0 0
395999,5 295 0 10,125 -75 0 0 0
396999,1 341 0 1 -87 0 0 0
398999,9 332 0 9 -81 0 0 0
385999,1 294 0 6,3125 -86 0 0 0
386998,5 60 0 7 -83 0 0 0
393998,9 57 0 1 -77 0 0 0
394999,5 287 0 35,625 -73 0 0 0
397999,6 154 0 23,75 -80 0 0 0
389998,7 160 0 6,5625 -84 0 0 0
394999,5 288 0 33,5625 -74 0 0 0
395999,5 295 0 10,0625 -75 0 0 0
397999,7 290 0 44,6875 -80 0 0 0
398999,8 332 0 8,25 -81 0 0 0
386998,5 60 0 8,9375 -85 0 0 0
389998,8 286 0,5018364 10,0625 -85 0 0 0
390998,8 293 0 1 -84 0 0 0
397999,6 290 0 23,625 -80 0 0 0
398999,6 108 0 8 -81 0 0 0
386998,9 289 0 7,0625 -83 0 0 0
388999,1 294 0 6,25 -86 0 0 0
389998,6 162 0 6,6875 -85 0 0 0
391999,4 286 0 16,25 -80 0 0 0
394999,5 162 0 33,75 -74 0 0 0
395999,5 298 0,5534834 10,1875 -75 0 0 0
386998,6 290 0 7,25 -83 0 0 0
389998,8 287 0 6,875 -84 0 0 0
390998,8 293 0 1 -84 0 0 0
392999,2 292 0 9,4375 -77 0 0 0
393998,8 101 0 1 -77 0 0 0
395999,6 294 0 10,1875 -75 0 0 0
396999 288 0 1 -87 0 0 0
403227 199 0 15,25 -84 0 0 0
385999 55 0 7,4375 -85 0 0 0
386998,7 59 0 6,5 -83 0 0 0
388999,2 103 0 8,875 -87 0 0 0
390998,8 291 0 1 -84 0 0 0
393998,9 101 0 1 -77 0 0 0
396999,1 281 0 1 -87 0 0 0
397999,6 153 0 23,3125 -80 0 0 0
403223,8 198 0 9,75 -82 0 0 0
403225,3 204 0,51381 1 -89 0 0 0
392999,2 292 0 9,5625 -77 0 0 0
394999,4 287 0 24,9375 -73 0 0 0
395999,5 295 0 10,1875 -75 0 0 0
397999,6 291 0 23,125 -80 0 0 0
398999,9 107 0 9 -81 0 0 0
385998,9 294 0 7,625 -85 0 0 0
388999,1 291 0 5,625 -87 0 0 0
392999,3 288 0,5113462 10,125 -77 0 0 0
395999,5 295 0 10,25 -75 0 0 0
396999 333 0 1 -87 0 0 0
398999,6 332 0 8 -81 0 0 0
403224,8 92 0 1 -85 0 0 0
386998,7 289 0 6,5 -83 0 0 0
388999,3 290 0 9,5625 -86 0 0 0
389998,9 288 0 6,4375 -84 0 0 0
391999,3 286 0 16,9375 -80 0 0 0
392999,3 59 0 9,8125 -76 0 0 0
397999,6 158 0 23,625 -80 0 0 0
403224,9 200 0 1 -86 0 0 0
386998,7 294 0 6,875 -84 0 0 0
389999,1 287 0 6,8125 -84 0 0 0
393998,9 57 0 1 -77 0 0 0
395999,7 295 0 10,3125 -76 0 0 0
403224,8 199 0 1 -84 0 0 0
385999,2 294 0 7,5625 -86 0 0 0
388999 294 0,5215321 6,625 -86 0 0 0
391999,4 286 0 17,8125 -79 0 0 0
393998,8 59 0 1 -76 0 0 0
394999,4 287 0 24,75 -73 0 0 0
396999 162 0 1 -87 0 0 0
397999,6 290 0 23,375 -80 0 0 0
403224,9 91 0 1 -86 0 0 0
386998,5 291 0 7,125 -84 0 0 0
388999,2 291 0 7,4375 -86 0 0 0
389998,9 286 0 7,1875 -84 0 0 0
391999,3 287 0 13,875 -79 0 0 0
392999,2 60 0 9,5625 -77 0 0 0
394999,4 162 0 24,75 -73 0 0 0
395999,5 296 0 10,125 -75 0 0 0
386998,6 291 0 9,4375 -85 0 0 0
390998,9 55 0 1 -85 0 0 0
392999,5 291 0 16 -80 0 0 0
393998,9 59 0 1 -77 0 0 0
394999,2 286 0 18,4375 -82 0 0 0
395999,5 295 0 17,0625 -79 0 0 0
396999,1 342 0 1 -87 0 0 0
397999,8 57 0 12,1875 -88 0 0 0
398999,3 107 0 14,5 -85 0 0 0
388999,3 291 0 8,5625 -87 0 0 0
390998,8 55 0 1 -85 0 0 0
391999,4 287 0 16,625 -80 0 0 0
392998,7 290 0,5315886 14,875 -86 0 0 0
393999,1 290 0 17 -76 0 0 0
394999,4 162 0 24,75 -73 0 0 0
395999,7 295 0 22,5625 -84 0 0 0
396999,1 160 0 1 -89 0 0 0
397999,6 290 0 23,25 -80 0 0 0
386998,6 58 0 6,3125 -83 0 0 0
388999,1 292 0 6,3125 -86 0 0 0
