380000 292 0 6,125 -79 0 0 0
380000,2 295 0 51,5 -79 0 0 0
381001 148 0 6,625 -86 0 0 0
381999,9 293 0 13,9375 -79 0 0 0
382000,3 294 0 12,875 -79 0 0 0
382000,3 295 0 14,375 -80 0 0 0
384000,9 292 0 34,875 -84 0 0 0
384000,9 294 0 31,375 -85 0 0 0
382000,3 294 0 14,9375 -81 0 0 0
382000,3 294 0 14,375 -80 0 0 0
383000,4 290 0 11,8125 -86 0 0 0
383000,1 292 0 11,5625 -85 0 0 0
383000,3 292 0 12,0625 -83 0 0 0
384000,8 293 0 25,625 -87 0 0 0
380000,2 296 0 50,875 -79 0 0 0
380000 296 0 9,4375 -81 0 0 0
384001,1 294 0 10,6875 -88 0 0 0
383000,3 293 0 11,125 -85 0 0 0
384000,5 294 0 14,9375 -87 0 0 0
380000 299 0 9,125 -84 0 0 0
381000,8 292 0 47,9375 -80 0 0 0
381000,4 293 0 25,9375 -81 0 0 0
381000,5 293 0 27,125 -80 0 0 0
381000,8 294 0 51,0625 -79 0 0 0
381999 291 0 16,375 -87 0 0 0
383000,3 289 0 1 -84 0 0 0
383000,3 291 0 1 -83 0 0 0
382000,1 294 0 12,6875 -79 0 0 0
382000,3 293 0 14 -79 0 0 0
380000,5 295 0 40,6875 -84 0 0 0
380000 42 0 8,625 -87 0 0 0
384000,6 295 0 20,375 -84 0 0 0
384000,7 291 0 19,0625 -84 0 0 0
380000 295 0 7,625 -88 0 0 0
381000,7 294 0 28,3125 -79 0 0 0
381000,6 292 0 27,8125 -79 0 0 0
381000 293 0 19,375 -85 0 0 0
381000,7 294 0 39,6875 -83 0 0 0
382000,2 293 0 16 -81 0 0 0
382000,1 295 0 18,8125 -83 0 0 0
380000,2 297 0 51,5 -79 0 0 0
380000 296 0 6,125 -79 0 0 0
381002,6 292 0 1 -88 0 0 0
381000,3 294 0 22 -84 0 0 0
381000 292 0 17,8125 -87 0 0 0
381000,7 293 0 13,3125 -82 0 0 0
382000,3 294 0 13,5 -80 0 0 0
382000,3 294 0 15,4375 -80 0 0 0
381999,8 294 0 22,875 -84 0 0 0
382001,3 293 0 34,8125 -85 0 0 0
382000,6 293 0 16,875 -81 0 0 0
382000,3 294 0 15 -80 0 0 0
383000,1 293 0 11,625 -85 0 0 0
383000,4 289 0 11 -86 0 0 0
384000,9 294 0 34,875 -84 0 0 0
384000,7 294 0 19,0625 -84 0 0 0
381000,6 294 0 28,375 -79 0 0 0
384000,7 294 0 19,0625 -84 0 0 0
381000,5 294 0 36,25 -84 0 0 0
381000,7 294 0 29,3125 -86 0 0 0
382000,3 295 0 14,375 -80 0 0 0
381999,8 292 0 15,625 -82 0 0 0
381000,8 293 0 47,8125 -80 0 0 0
381000,6 293 0 28,375 -79 0 0 0
381000,8 292 0 51,1875 -79 0 0 0
381999,8 294 0 18,8125 -86 0 0 0
380000,3 296 0 40,3125 -83 0 0 0
380000,3 297 0 46,3125 -81 0 0 0
381000,4 293 0 25,3125 -81 0 0 0
381000,3 292 0 23,375 -83 0 0 0
383000,1 342 0 5,3125 -89 0 0 0
384000,9 293 0 34,3125 -84 0 0 0
384000,8 293 0 29,3125 -86 0 0 0
380000 297 0 8,375 -85 0 0 0
384000,5 295 0 17,0625 -86 0 0 0
384000,8 291 0 32,9375 -85 0 0 0
382000,3 293 0 12,5625 -79 0 0 0
381999,9 294 0 14,125 -79 0 0 0
380000 295 0 8,625 -87 0 0 0
380000,6 297 0 23,5 -83 0 0 0
381000,6 294 0 26,8125 -80 0 0 0
381000,5 294 0 25,5625 -81 0 0 0
382000,6 294 0 16,875 -81 0 0 0
382000,3 294 0 14,125 -80 0 0 0
382000,3 294 0 14,3125 -79 0 0 0
383000,4 292 0 11,5 -86 0 0 0
382999,3 292 0 16 -89 0 0 0
380000,3 296 0 42,75 -82 0 0 0
380000 51 0 8,625 -87 0 0 0
384001,1 293 0 5,625 -86 0 0 0
384000,8 294 0 35,625 -84 0 0 0
383000,1 162 0 11,4375 -86 0 0 0
383000,3 292 0 1 -85 0 0 0
384000,8 294 0 25,625 -87 0 0 0
383000,1 287 0 11,3125 -88 0 0 0
384000,7 294 0 19,625 -84 0 0 0
384000,6 293 0,5023965 18,3125 -85 0 0 0
383000,5 291 0 1 -85 0 0 0
383000,2 290 0 1 -84 0 0 0
383000,2 291 0 1 -83 0 0 0
381999,9 294 0 13,8125 -79 0 0 0
382000,1 295 0 12,9375 -79 0 0 0
380000 295 0 7,1875 -81 0 0 0
380000,3 297 0 42,75 -82 0 0 0
381000,4 294 0 25,9375 -81 0 0 0
381000,6 293 0 28,375 -79 0 0 0
382001,1 293 0 22,5625 -84 0 0 0
382000,1 292 0 14 -87 0 0 0
381999,9 295 0 14,8125 -81 0 0 0
382000,3 295 0 13,9375 -80 0 0 0
382000,9 294 0 16,3125 -79 0 0 0
383000,4 290 0 1 -88 0 0 0
380000 296 0 6,125 -79 0 0 0
380000,2 296 0 50,875 -79 0 0 0
380000,2 296 0 48,8125 -80 0 0 0
381000,6 292 0 28,1875 -79 0 0 0
380000 296 0 6,125 -79 0 0 0
380000,2 296 0 50,875 -79 0 0 0
380000 296 0 6,875 -80 0 0 0
380000 298 0 16,8125 -89 0 0 0
380000,4 294 0 34,3125 -85 0 0 0
381000,6 293 0 28 -79 0 0 0
381000,7 294 0 45,4375 -81 0 0 0
380000,2 296 0 48,8125 -80 0 0 0
380000 295 0 8,875 -82 0 0 0
384001,1 19 0 6,625 -89 0 0 0
384000,2 294 0 13 -86 0 0 0
382000,3 293 0 14 -79 0 0 0
382000,1 294 0 12,1875 -79 0 0 0
382000,3 294 0 14,3125 -79 0 0 0
381000,3 292 0 22,875 -83 0 0 0
381000,1 292 0 19 -81 0 0 0
382000,2 293 0 15,625 -82 0 0 0
382000,6 294 0 22,375 -84 0 0 0
383000,1 162 0 14,5 -89 0 0 0
382999,8 292 0 15,0625 -86 0 0 0
384000,6 294 0 18,3125 -85 0 0 0
384000,8 294 0 25,625 -87 0 0 0
381000,6 293 0 28,1875 -79 0 0 0
381000,8 293 0 51,0625 -79 0 0 0
382000,9 295 0 16,5 -80 0 0 0
383000,6 290 0 20,375 -89 0 0 0
384000,7 292 0 21 -83 0 0 0
384000,7 294 0 19,625 -84 0 0 0
380000,2 53 0 50,875 -79 0 0 0
380000 296 0 5,6875 -79 0 0 0
380000 296 0 6,125 -79 0 0 0
381000,6 294 0 28,1875 -79 0 0 0
381999,9 295 0 14,375 -80 0 0 0
382000,3 294 0 14,0625 -79 0 0 0
382000,3 294 0 14,3125 -79 0 0 0
382000,3 294 0 13,875 -79 0 0 0
382000,3 293 0 13,8125 -79 0 0 0
384000,5 292 0 15,375 -83 0 0 0
384001,1 295 0 6,125 -85 0 0 0
382000,1 295 0 15,9375 -84 0 0 0
382000,6 294 0 16,375 -81 0 0 0
383000,3 290 0 1 -85 0 0 0
383000,4 296 0 1 -88 0 0 0
380000 294 0 8,625 -87 0 0 0
384000,8 294 0 32,0625 -85 0 0 0
384000,9 293 0 34,875 -84 0 0 0
381000 293 0 12,6875 -89 0 0 0
382000,3 293 0 14,1875 -79 0 0 0
382000,3 294 0 14,625 -79 0 0 0
380000,3 295 0 46,3125 -81 0 0 0
380000 297 0 7,625 -86 0 0 0
384000,2 296 0 11,375 -87 0 0 0
384000,8 292 0 29,3125 -86 0 0 0
384000,8 293 0 32,0625 -85 0 0 0
381001 286 0 6,75 -86 0 0 0
381000 293 0 23,3125 -83 0 0 0
382000,3 294 0 14,0625 -79 0 0 0
381999,9 294 0 14,625 -80 0 0 0
382000,2 294 0 16,125 -82 0 0 0
383000,3 291 0 1 -85 0 0 0
383000,3 289 0 1 -84 0 0 0
381000,8 293 0 47,9375 -80 0 0 0
381000,6 293 0 28,375 -79 0 0 0
382000,6 294 0 27,4375 -87 0 0 0
380000 296 0 8,125 -81 0 0 0
384000,6 287 0 20,375 -89 0 0 0
384000,8 293 0,5003271 28,5 -86 90 0 0
384000,7 290 0 17,1875 -85 0 0 0
384000,7 293 0 21 -83 0 0 0
384000,9 293 0 34,3125 -84 0 0 0
383000,1 291 0 13,25 -86 0 0 0
383000,3 293 0 1 -85 0 0 0
383000,2 342 0 1 -84 0 0 0
384000,5 294 0 14,9375 -87 0 0 0
381999,9 294 0 14,375 -80 0 0 0
381999,9 293 0 13,9375 -79 0 0 0
384000,5 294 0 15,375 -83 0 0 0
384000,7 291 0 19,625 -84 0 0 0
380000 295 0 7,625 -80 0 0 0
380000,2 296 0 50,375 -79 0 0 0
380999,9 294 0 12,4375 -87 0 0 0
383000,1 292 0 11,4375 -86 0 0 0
383000,3 292 0 1 -85 0 0 0
383000,2 291 0 1 -84 0 0 0
384000,7 294 0 22,875 -88 0 0 0
384000,1 294 0 12,6875 -89 0 0 0
380000 51 0 7,625 -88 0 0 0
381000,8 145 0 51,25 -79 0 0 0
381000,6 293 0 28,1875 -79 0 0 0
381000,5 293 0 26,625 -80 0 0 0
382000,6 292 0 14,25 -86 0 0 0
380000 297 0 6,125 -79 0 0 0
380000,2 296 0 50,875 -79 0 0 0
382000,6 293 0 18,9375 -86 0 0 0
383000,3 290 0 10,4375 -82 0 0 0
383000,3 291 0 1 -85 0 0 0
380000 295 0 6,125 -79 0 0 0
380000 296 0 6,875 -80 0 0 0
382000,3 294 0 15 -80 0 0 0
382000,3 306 0 14,0625 -79 0 0 0
383000,1 291 0 11,9375 -89 0 0 0
383000,1 291 0 4,3125 -83 0 0 0
381999,8 294 0 22,875 -89 0 0 0
383000,2 290 0 1 -83 0 0 0
383000,2 293 0 1 -83 0 0 0
383000,2 288 0 1 -84 0 0 0
380000 295 0 6,125 -79 0 0 0
380000 297 0 6,125 -79 0 0 0
382000,6 294 0 21,0625 -85 0 0 0
382000,6 298 0 18,3125 -88 0 0 0
383000,1 289 0 3,75 -83 0 0 0
383000,2 290 0 1 -84 0 0 0
383000,3 289 0 1 -85 0 0 0
380000 295 0 11,6875 -84 0 0 0
381000,4 294 0 25,625 -81 0 0 0
380000,2 296 0 50,875 -79 0 0 0
380000 295 0 6,875 -80 0 0 0
381000,8 292 0 48,4375 -80 0 0 0
381999,5 294 0 15,6875 -85 0 0 0
380000,3 295 0 42,75 -82 0 0 0
381000,7 292 0 39,3125 -83 0 0 0
383000,2 342 0 1 -83 0 0 0
383000,3 291 0 1 -84 0 0 0
381000,6 293 0 28,1875 -79 0 0 0
381000 296 0,5405722 16 -86 0 0 0
382000,1 292 0 12,75 -79 0 0 0
382000,3 295 0 14,625 -80 0 0 0
380000 297 0 8,625 -87 0 0 0
381000,6 293 0 28,375 -79 0 0 0
381000,6 292 0 28,375 -79 0 0 0
383000,1 290 0 13,25 -86 0 0 0
383000,3 288 0 1 -85 0 0 0
384000,3 293 0 16 -87 0 0 0
382000,2 294 0 16,125 -82 0 0 0
382000,3 293 0 14,375 -80 0 0 0
382999,8 162 0 12,4375 -86 0 0 0
382000,3 294 0 14,0625 -79 0 0 0
384000,7 293 0 19,0625 -84 0 0 0
384000,5 295 0 15,375 -83 0 0 0
384001,1 291 0 6,125 -85 0 0 0
380000,2 296 0 50,875 -79 0 0 0
380000 296 0 6,875 -80 0 0 0
383000,1 286 0 11,4375 -87 0 0 0
383000,1 291 0 11,5625 -85 0 0 0
384000,8 294 0 28,5 -86 0 0 0
384000,7 298 0 19,0625 -89 0 0 0
382000,3 293 0 14,0625 -79 0 0 0
381999,9 294 0 14,0625 -79 0 0 0
382000,3 294 0 14,0625 -79 0 0 0
380000,2 295 0 48,0625 -80 0 0 0
380000 296 0 8,875 -82 0 0 0
380000 297 0 15,25 -85 0 0 0
384000,8 294 0 25,625 -87 0 0 0
384001,1 293 0 6,4375 -86 0 0 0
381000,5 293 0 37,125 -84 0 0 0
381000,4 293 0 26,375 -81 0 0 0
381000 291 0 17,8125 -87 0 0 0
382000,1 294 0 13,5 -79 0 0 0
382000,3 295 0 14,4375 -81 0 0 0
382000,6 293 0 18,3125 -83 0 0 0
381999,8 18 0 13,5 -85 0 0 0
382001,1 292 0 15,25 -88 0 0 0
383000,3 342 0 1 -84 0 0 0
383000,2 290 0 1 -84 0 0 0
383000,3 291 0 1 -85 0 0 0
382000,1 296 0 15,25 -88 0 0 0
383000,2 290 0 1 -83 0 0 0
383000,2 291 0 1 -83 0 0 0
383000,4 290 0 1 -85 0 0 0
383001,2 290 0 1 -89 0 0 0
383000,3 294 0 11,6875 -85 0 0 0
384000,6 293 0 16,25 -86 0 0 0
384001,1 290 0 5,3125 -89 0 0 0
380000,2 295 0 50,875 -79 0 0 0
380000 296 0 6,875 -80 0 0 0
380000 296 0 8,125 -81 0 0 0
384000,6 293 0 20,375 -89 0 0 0
380000 296 0 6,125 -79 0 0 0
380000 295 0 6,875 -80 0 0 0
380000 297 0 8,125 -81 0 0 0
380000,2 297 0 51,5 -79 0 0 0
381000,5 292 0 38,9375 -84 0 0 0
381001 292 0 8,625 -87 0 0 0
384000,7 294 0 19,0625 -84 0 0 0
384000,9 292 0 34,3125 -84 0 0 0
380000 295 0 6,875 -80 0 0 0
380000 296 0 6,125 -79 0 0 0
380998 101 0 6,9375 -87 0 0 0
381000,6 294 0 29 -79 0 0 0
381000,7 294 0 30,5 -78 0 0 0
382000,1 100 0 12,6875 -89 0 0 0
382000,6 292 0 18,6875 -82 0 0 0
382000,3 294 0 15 -80 0 0 0
382000,6 294 0 14,375 -79 0 0 0
383000,4 290 0 13,25 -86 0 0 0
383001 292 0 11,375 -87 0 0 0
380000,5 297 0 24,4375 -88 0 0 0
380000 293 0 10,6875 -85 0 0 0
381000,6 294 0 26,1875 -80 0 0 0
381000,5 143 0 25,9375 -81 0 0 0
383000,1 345 0 13,75 -87 0 0 0
383000,3 293 0 11,6875 -85 0 0 0
384000,8 294 0 32,0625 -85 0 0 0
384000,8 292 0 29,3125 -86 0 0 0
384000,7 293 0 19,0625 -89 0 0 0
380000 295 0 5,6875 -79 0 0 0
380000 295 0 6,625 -79 0 0 0
380000,2 297 0 51,5 -79 0 0 0
380000 297 0 6,125 -79 0 0 0
381000,4 292 0 14,9375 -87 0 0 0
380000 295 0 9,125 -84 0 0 0
380000,3 296 0 46,3125 -81 0 0 0
381000,5 293 0 27,125 -80 0 0 0
381000,4 142 0 26,375 -81 0 0 0
381000,5 292 0 37,125 -84 0 0 0
380000,5 296 0 36,625 -85 0 0 0
380000 295 0 8,125 -81 0 0 0
381000,6 144 0 26,8125 -80 0 0 0
381001 19 0 13,75 -85 0 0 0
382000,3 295 0 14,4375 -79 0 0 0
381999,8 293 0 12,25 -79 0 0 0
383000,6 287 0 20,375 -89 0 0 0
384000,9 293 0 34,875 -84 0 0 0
384000,6 293 0 18,3125 -85 0 0 0
381000,6 293 0 28,1875 -79 0 0 0
381000,6 294 0 26,5625 -80 0 0 0
380000,2 296 0 50,875 -79 0 0 0
380000 297 0 6,875 -80 0 0 0
381000,7 145 0 42,75 -82 0 0 0
381000,6 293 0 26,5625 -80 0 0 0
382000,6 18 0 21,8125 -84 0 0 0
381999 293 0 16,8125 -87 0 0 0
383000,4 280 0 12,0625 -87 0 0 0
383000,3 291 0 11,6875 -85 0 0 0
384000,3 293 0 12,1875 -86 0 0 0
384000,6 296 0 24,4375 -88 0 0 0
380000 296 0 7,625 -82 0 0 0
380000,4 298 0 38,125 -84 0 0 0
380000 293 0 8,625 -87 0 0 0
384000,6 294 0 18,3125 -85 0 0 0
384000,8 291 0 32,0625 -85 0 0 0
381999,8 294 0 18,8125 -86 0 0 0
381999,8 295 0 22,875 -84 0 0 0
383000,3 293 0 10,875 -83 0 0 0
383000,3 292 0 11,125 -85 0 0 0
382000,6 293 0 29 -87 0 0 0
383000,4 290 0 1 -84 0 0 0
383000,5 290 0 11,75 -83 0 0 0
380000,4 294 0 38,125 -84 0 0 0
384000,8 291 0 28,5 -86 0 0 0
384000,7 294 0 19,625 -84 0 0 0
384000,9 294 0 34,3125 -84 0 0 0
381000,8 293 0 51,25 -79 0 0 0
381000,8 293 0 51,875 -79 0 0 0
381000,8 291 0 50,875 -79 0 0 0
381000,3 145 0 11,4375 -89 0 0 0
382000,3 294 0 14,625 -79 0 0 0
382000,3 294 0 14,3125 -79 0 0 0
382000,1 293 0 12,25 -79 0 0 0
382000,1 294 0 12,5625 -79 0 0 0
382000,1 294 0 12,6875 -79 0 0 0
382000,3 294 0 13,875 -79 0 0 0
382000,1 295 0 12,75 -79 0 0 0
383000,2 293 0 1 -83 0 0 0
383000,1 291 0 4,3125 -83 0 0 0
383000,4 287 0 1 -88 0 0 0
383000,1 342 0 12,8125 -86 0 0 0
383000,3 292 0 11,1875 -84 0 0 0
384000,8 294 0 28,5 -86 0 0 0
384000,6 292 0 24,4375 -88 0 0 0
381000,7 293 0 27,75 -79 0 0 0
381000,6 294 0 28,625 -79 0 0 0
382000,6 292 0 18,3125 -88 0 0 0
381001,5 12 0 9,8125 -89 1 0 0
382000,3 293 0 14 -79 0 0 0
382000,3 295 0 14,1875 -79 0 0 0
380000,4 296 0 41,9375 -83 0 0 0
380000 296 0 7,1875 -81 0 0 0
380000,2 295 0 51,5 -79 0 0 0
381000,4 292 0 24,0625 -82 0 0 0
381001 294 0 13,75 -85 0 0 0
381000,3 290 0,5050601 16 -87 0 0 0
383000,2 291 0 1 -83 0 0 0
383000,3 291 0 12,0625 -84 0 0 0
383000,3 292 0 10,25 -81 0 0 0
383001 291 0 11,75 -86 0 0 0
383000,1 289 0 10,625 -86 0 0 0
384000,7 294 0 19,0625 -84 0 0 0
384000,6 290 0 18,3125 -85 0 0 0
384000,7 293 0 22,875 -88 0 0 0
381000,4 293 0 24,9375 -82 0 0 0
380999,5 145 0 14,25 -87 0 0 0
382000,1 293 0 13,0625 -79 0 0 0
382000,6 294 0 16,875 -81 0 0 0
380000,2 294 0 45,3125 -81 0 0 0
380000 293 0 8,625 -87 0 0 0
384000,7 291 0 26,6875 -87 0 0 0
384000,8 293 0 32,0625 -85 0 0 0
384000,8 293 0 32,0625 -85 0 0 0
380000 297 0 8,375 -85 0 0 0
380000 296 0 9,9375 -83 0 0 0
381000,6 293 0 27,0625 -80 0 0 0
381000,3 292 0 23,8125 -82 0 0 0
381000,8 293 0 48,25 -80 0 0 0
381001 294 0 14,25 -85 0 0 0
382000,2 295 0 16,375 -81 0 0 0
382000,2 294 0 12,1875 -86 0 0 0
381000,5 19 0 32,8125 -85 0 0 0
381000,7 292 0 39,25 -83 0 0 0
381000,5 292 0 27,125 -80 0 0 0
382000,6 293 0 19,6875 -81 0 0 0
382001,1 294 0 23,3125 -83 0 0 0
381999,8 292 0 18,3125 -86 0 0 0
383000,2 291 0 1 -83 0 0 0
383000,2 290 0 1 -83 0 0 0
383000,1 292 0 4,875 -83 0 0 0
381999,9 295 0 14,1875 -80 0 0 0
380000 296 0 6,625 -79 0 0 0
380000,2 296 0 50,375 -79 0 0 0
380000 297 0 6,875 -80 0 0 0
382000,1 293 0 12,375 -79 0 0 0
382000,3 295 0 12,9375 -78 0 0 0
380000 296 0 8,125 -81 0 0 0
380000 295 0 9,9375 -83 0 0 0
384000,3 294 0 13,75 -88 0 0 0
384000,5 293 0 19,25 -85 0 0 0
380000,3 296 0 46,3125 -81 0 0 0
380000 296 0 7,625 -80 0 0 0
381001 292 0 7,625 -84 0 0 0
381000,4 292 0 19,25 -85 0 0 0
381000,8 293 0 48 -80 0 0 0
381000,7 293 0 28,0625 -79 0 0 0
382000,6 296 0 18,3125 -88 0 0 0
381999,8 294 0 20,25 -85 0 0 0
382000,6 295 0 14,25 -87 0 0 0
383000,2 293 0 1 -83 0 0 0
383000,2 290 0 1 -84 0 0 0
383000,3 288 0 11,6875 -85 0 0 0
382000,1 294 0 12,4375 -79 0 0 0
381999,8 294 0 12,4375 -79 0 0 0
384000,9 294 0 34,875 -84 0 0 0
384000,7 292 0 19,625 -84 0 0 0
382000,1 296 0 15,25 -87 0 0 0
383000,2 289 0 1 -83 0 0 0
383000,2 290 0 1 -84 0 0 0
381999,5 294 0 16,6875 -84 0 0 0
382000,2 295 0 15,625 -82 0 0 0
383000,1 292 0 12 -85 0 0 0
383000,4 244 0 16,25 -86 0 0 0
380000 297 0 9,125 -84 0 0 0
380000 296 0 8,125 -81 0 0 0
381000,4 292 0 26,375 -81 0 0 0
381000,5 292 0 14,625 -84 0 0 0
383000,1 292 0 12 -86 0 0 0
383000,2 291 0 1 -85 0 0 0
383000,2 289 0 1 -84 0 0 0
384000,6 292 0 20,375 -89 0 0 0
383000,1 288 0 13,75 -89 0 0 0
384000,7 294 0 19,625 -84 0 0 0
384000,7 293 0 17,6875 -85 0 0 0
380000 298 0 9,9375 -83 0 0 0
380000,2 294 0 48,8125 -80 0 0 0
380000 296 0 6,875 -80 0 0 0
381000,3 294 0 34,0625 -85 0 0 0
381000,7 294 0 14,25 -83 0 0 0
381000,5 295 0 24,4375 -88 0 0 0
380001 300 0 12,6875 -89 0 0 0
381000,5 293 0 21,75 -78 0 0 0
381000,6 293 0 28,1875 -79 0 0 0
380000,3 296 0 46,3125 -81 0 0 0
380000,2 295 0 48,8125 -80 0 0 0
381000,7 292 0 39,3125 -83 0 0 0
381000,7 145 0 29,3125 -86 0 0 0
382000,6 295 0 19,1875 -82 0 0 0
382000,3 295 0 15 -80 0 0 0
382000,1 295 0 12,6875 -79 0 0 0
383000,1 149 0 14,0625 -86 0 0 0
383000,6 289 0 20,375 -89 0 0 0
383000,1 291 0 4,5625 -84 0 0 0
383000,3 292 0 1 -84 0 0 0
382000,3 295 0 14,0625 -79 0 0 0
382000,3 294 0 14,3125 -79 0 0 0
380000,2 296 0 50,875 -79 0 0 0
380000 296 0 5,6875 -79 0 0 0
381000 291 0 12,6875 -89 0 0 0
381000,5 293 0 25,9375 -81 0 0 0
381000,5 293 0 26,4375 -80 0 0 0
381999,8 294 0 21,6875 -85 0 0 0
382001,3 293 0 22,875 -89 0 0 0
382000,1 293 0 17,6875 -83 0 0 0
381999,9 294 0 14,375 -81 0 0 0
382000,2 295 0 16 -80 0 0 0
383000,1 288 0 11,4375 -86 0 0 0
382999,8 292 0 12,6875 -87 0 0 0
380000,2 297 0 48,8125 -80 0 0 0
380000,3 295 0 43,9375 -82 0 0 0
384000,8 292 0 25,625 -87 0 0 0
384000,7 296 0 21,5625 -83 0 0 0
384000,9 294 0 34,875 -84 0 0 0
382000,6 294 0 16,875 -81 0 0 0
382000,3 294 0 14,625 -80 0 0 0
382000,1 293 0 12,9375 -79 0 0 0
383000,1 289 0 12,6875 -87 0 0 0
383000,3 291 0 1 -84 0 0 0
383000,3 290 0 1 -83 0 0 0
381000,5 294 0 35,9375 -84 0 0 0
381000,5 292 0 25,5625 -81 0 0 0
382000,2 296 0 15,625 -82 0 0 0
382000,1 293 0 17,3125 -84 0 0 0
380000,4 297 0 22,875 -88 0 0 0
381000,8 293 0 51,0625 -79 0 0 0
381000,7 294 0 28,625 -79 0 0 0
381000,6 294 0 28,1875 -79 0 0 0
380000 296 0 8,625 -87 0 0 0
380000,5 293 0 40,6875 -84 0 0 0
381000,5 293 0 26,875 -80 0 0 0
381000,4 294 0 26,375 -81 0 0 0
381000 293 0 20,6875 -84 0 0 0
383000,2 290 0 1 -85 0 0 0
383000,4 291 0 1 -84 0 0 0
380999,9 292 0 16,9375 -83 0 0 0
381000,4 293 0 26,375 -81 0 0 0
381000,7 292 0 48,0625 -80 0 0 0
382000,6 295 0 16,875 -81 0 0 0
382000,1 293 0 16,6875 -84 0 0 0
382000,1 294 0 14 -87 0 0 0
383000,3 291 0 1 -85 0 0 0
383000,2 294 0 1 -84 0 0 0
383000,3 291 0 1 -83 0 0 0
381000,6 293 0 28,375 -79 0 0 0
381000,6 293 0 28,375 -79 0 0 0
381000,5 294 0 26,875 -80 0 0 0
382000,6 295 0 18,9375 -86 0 0 0
382000,3 293 0 15 -80 0 0 0
382000,1 294 0 12,75 -79 0 0 0
383000,6 102 0 20,375 -89 0 0 0
383000,1 292 0 11,9375 -89 0 0 0
383000,4 293 0 12,1875 -86 0 0 0
383000,3 292 0 11,5625 -84 0 0 0
384000,6 296 0 18,3125 -85 0 0 0
384000,5 290 0 14,9375 -87 0 0 0
384001,4 293 0 18,3125 -89 0 0 0
381000,5 293 0 26,875 -80 0 0 0
381000,6 294 0 28,375 -79 0 0 0
382000,6 293 0 17,5625 -87 0 0 0
381000 293 0 22,5625 -83 0 0 0
381000,7 293 0 45,4375 -81 0 0 0
382000,6 294 0 18,6875 -82 0 0 0
381999,8 294 0 21,6875 -85 0 0 0
380000,2 296 0 50,875 -79 0 0 0
380000 296 0 6,625 -79 0 0 0
381000,6 293 0 28,1875 -79 0 0 0
381000,6 292 0 28,625 -79 0 0 0
383000,4 288 0 10,625 -81 0 0 0
383000,3 291 0 1 -83 0 0 0
383000,3 289 0 10,375 -83 0 0 0
381000,5 293 0 39,6875 -83 0 0 0
381000,5 293 0 27,125 -80 0 0 0
381001 293 0 12,875 -85 0 0 0
382000,2 292 0 16 -81 0 0 0
382000,2 294 0 16,125 -82 0 0 0
382000,6 295 0 20,375 -85 0 0 0
382000,3 294 0 14,125 -80 0 0 0
382000,1 295 0 12,1875 -79 0 0 0
384000,9 293 0 34,3125 -84 0 0 0
384000,7 293 0 21 -83 0 0 0
383000,1 294 0 4,5625 -84 0 0 0
383000,3 290 0 1 -83 0 0 0
380000,3 296 0 46,3125 -81 0 0 0
380000 296 0 6,875 -80 0 0 0
380000,2 297 0 49,9375 -79 0 0 0
381000,7 293 0 36,625 -84 0 0 0
381001 292 0 6,75 -87 0 0 0
383000,1 288 0 12,8125 -88 0 0 0
384001,1 295 0 5,4375 -85 0 0 0
384000,8 292 0 32,0625 -85 0 0 0
383000,3 342 0 11,6875 -85 0 0 0
383000,2 290 0 1 -85 0 0 0
383000,2 288 0 1 -83 0 0 0
384000,3 293 0 13,75 -88 0 0 0
380000 297 0 9,125 -84 0 0 0
384000,7 293 0 30,5 -86 0 0 0
384000,9 294 0 34,3125 -84 0 0 0
383000,4 291 0 11,4375 -87 0 0 0
383000,3 292 0 11,125 -85 0 0 0
384000,5 295 0 17,0625 -86 0 0 0
380000 296 0 6,875 -80 0 0 0
380000,3 297 0 46,3125 -81 0 0 0
382999,8 288 0 11,8125 -88 0 0 0
384000,8 292 0 32,0625 -85 0 0 0
384000,7 295 0 17,6875 -85 0 0 0
380000,2 296 0 48,8125 -80 0 0 0
380000,3 297 0 42,75 -82 0 0 0
380000 295 0 10,6875 -85 0 0 0
384000,6 290 0,5808015 20,375 -89 0 0 0
384000,7 293 0 26,6875 -87 0 0 0
384000,9 296 0,5214695 31,375 -85 0 0 0
380000,4 297 0 34,3125 -85 0 0 0
381000,7 293 0 31,5625 -78 0 0 0
381000,6 294 0 26,8125 -80 0 0 0
380000,4 297 0 34,3125 -85 0 0 0
380000 296 0 7,625 -84 0 0 0
381000,8 292 0 48,25 -80 0 0 0
381000,3 292 0 25,9375 -81 0 0 0
382000,2 295 0 16,125 -82 0 0 0
381999,9 293 0 14,9375 -80 0 0 0
382000,3 293 0 14,3125 -79 0 0 0
383000,4 292 0 11,5 -86 0 0 0
383001,6 288 0 15,25 -89 0 0 0
383000,4 289 0 13,4375 -86 0 0 0
383000,4 102 0 1 -86 0 0 0
384000,3 293 0 16 -87 0 0 0
396999,1 338 0 1 -89 0 0 0
396999,1 286 0 19,0625 -89 0 0 0
405015,2 29 0,5437264 5,6875 -86 0 0 0
388999,1 291 0 9,25 -87 0 0 0
393999 58 0 12,375 -75 0 0 0
393999,1 59 0 15,3125 -75 0 0 0
397999,8 153 0 6,625 -89 0 0 0
398999,6 332 0 12,75 -83 0 0 0
398999,6 109 0 12,6875 -83 0 0 0
398999,7 332 0 14,25 -86 0 0 0
386998,7 295 0 11 -86 0 0 0
391999,3 289 0 36,125 -84 0 0 0
391999,6 287 0 13,1875 -86 0 0 0
391999,4 290 0 41,1875 -82 0 0 0
392999,2 289 0 17,75 -83 0 0 0
392999,2 293 0 20,375 -85 0 0 0
393000,2 290 0,5693737 24,4375 -88 0 0 0
396999,1 162 0,5410545 1 -88 0 0 0
396999 338 0 1 -88 0 0 0
397999,4 289 0 32,9375 -85 0 0 0
398000,3 289 0 1 -88 0 0 0
405015,3 18 0,5161649 5,6875 -87 0 0 0
389998,8 285 0 9,625 -87 0 0 0
393998,7 290 0 33,5625 -86 0 0 0
393999 99 0 21,375 -81 0 0 0
394999,5 162 0 66,125 -75 0 0 0
394999,3 286 0 14,5625 -75 0 0 0
394999,4 287 0 16,375 -77 0 0 0
405000,1 265 0 15,375 -93 0 0 0
389999,1 286 0 9,125 -88 0 0 0
389998,8 162 0 9,625 -87 0 0 0
390999,1 57 0 10,6875 -85 0 0 0
390998,8 56 0 1 -88 0 0 0
394999,3 162 0 17 -77 0 0 0
395999,2 296 0 18,3125 -83 0 0 0
385998,9 292 0 10,6875 -89 0 0 0
385999 292 0 8,375 -88 0 0 0
390998,8 292 0 1 -85 0 0 0
390998,8 292 0 1 -85 0 0 0
390998,8 56 0 1 -85 0 0 0
391998,8 332 0 11,4375 -89 0 0 0
395999,6 293 0 20,3125 -79 0 0 0
395999,5 295 0 17,25 -78 0 0 0
386998,7 60 0 9,625 -87 0 0 0
391999,6 286 0 14,0625 -86 0 0 0
391999,4 287 0 35,625 -84 0 0 0
391999,4 286 0 41,1875 -82 0 0 0
392999,2 293 0 16,6875 -83 0 0 0
392999,2 291 0 19,8125 -85 0 0 0
392999,2 286 0 18,3125 -88 0 0 0
396999,6 334 0 11,375 -87 0 0 0
397999,8 56 0 12,8125 -86 0 0 0
386999 291 0 10,6875 -87 0 0 0
391999,4 289 0 38,3125 -83 0 0 0
391999,3 289 0,5558944 12,875 -85 0 0 0
392999,7 290 0 23,9375 -83 0 0 0
392999,9 292 0 31,125 -86 0 0 0
396998,7 341 0 10,3125 -89 0 0 0
397999,5 55 0 34,875 -84 0 0 0
397999,4 290 0 13,25 -86 0 0 0
392999,2 288 0 22,375 -84 0 0 0
393999 100 0 13,1875 -75 0 0 0
393998,7 292 0 22,4375 -79 0 0 0
397999,1 347 0 14,9375 -87 0 0 0
399000 162 0 15,25 -84 0 0 0
399000 329 0 18,3125 -86 0 0 0
389999,6 286 0 12,6875 -89 0 0 0
393998,7 103 0 24,6875 -81 0 0 0
393999 59 0 20,125 -79 0 0 0
394999,4 286 0 17,125 -77 0 0 0
394999,7 286 0 17,75 -79 0 0 0
398999,8 103 0 12,6875 -89 0 0 0
398999,7 108 0 12,4375 -87 0 0 0
385999,2 296 0 11,4375 -88 0 0 0
385998,8 55 0 10,6875 -87 0 0 0
390998,8 55 0 1 -85 0 0 0
390998,8 56 0 1 -85 0 0 0
394999,7 162 0 13,75 -88 0 0 0
395999,5 295 0 17,5 -78 0 0 0
395999,5 295 0 17,25 -78 0 0 0
405015,1 25 0 5,25 -86 0 0 0
389998,5 162 0 9,75 -88 0 0 0
389998,8 284 0 11 -86 0 0 0
390998,8 55 0 1 -89 0 0 0
394999,7 59 0 18,0625 -79 0 0 0
394999,5 285 0 17,4375 -77 0 0 0
394999,5 286 0 14,0625 -75 0 0 0
395999,6 294 0,5268236 18,75 -82 0 0 0
396000 293 0,5404367 15,25 -85 0 0 0
395999,2 293 0,6368915 15,25 -89 0 0 0
386998,5 290 0 12,6875 -89 0 0 0
391999,1 287 0 29,625 -86 0 0 0
391999,4 286 0 35,625 -84 0 0 0
392999,5 292 0,5183567 16 -81 0 0 0
392998,4 291 0,5609403 19,8125 -85 0 0 0
396999,1 108 0 1 -88 0 0 0
396999,6 333 0 11,375 -87 0 0 0
397999,8 342 0 6,125 -85 0 0 0
398000,3 342 0 1 -88 0 0 0
389999,1 285 0 10,6875 -87 0 0 0
389999,1 288 0 10,6875 -87 0 0 0
393999,2 292 0 21,875 -83 0 0 0
393999 59 0 18,9375 -80 0 0 0
394999,3 286 0 14,9375 -76 0 0 0
394999,4 162 0 18,0625 -78 0 0 0
398999,3 287 0 12,1875 -88 0 0 0
389998,8 286 0 10,0625 -85 0 0 0
389999,1 285 0 12,1875 -86 0 0 0
393999,2 291 0 18,3125 -85 0 0 0
394999,5 162 0 65,375 -75 0 0 0
394999,5 287 0 65,625 -75 0 0 0
394999,3 162 0 14,6875 -75 0 0 0
392999,2 58 0 16 -81 0 0 0
392998,8 291 0,5251539 13,75 -80 0 0 0
393999,4 291 0 21,375 -81 0 0 0
393999,4 101 0 22,875 -85 0 0 0
397999,8 101 0 7 -85 0 0 0
397999,8 345 0 5,75 -83 0 0 0
397999,6 290 0 40,6875 -82 0 0 0
398999,9 162 0 11,375 -87 0 0 0
405015,4 29 0,6782022 4,5625 -87 1 0 0
392999,2 289 0 14,375 -79 0 0 0
392999,2 292 0 14 -79 0 0 0
393999,4 294 0 20,875 -86 0 0 0
397999,6 291 0 37,75 -83 0 0 0
397999,6 161 0 40,6875 -82 0 0 0
397999,6 290 0 43,625 -81 0 0 0
390998,9 55 0 11,5 -86 0 0 0
390998,9 56 0 1 -86 0 0 0
391999,3 283 0,553719 29,3125 -86 0 0 0
395999,2 295 0 18,6875 -82 0 0 0
395999,6 295 0 20,6875 -80 0 0 0
395999,2 298 0,5289071 17,0625 -79 0 0 0
396999,3 285 0 12,8125 -88 0 0 0
386998,7 287 0,5594006 10,25 -86 0 0 0
391999,1 285 0 23,1875 -82 0 0 0
391999,3 287 0 26,625 -80 0 0 0
391999,3 287 0 24,25 -81 0 0 0
392999,2 288 0,5529465 30,5 -89 0 0 0
396999 162 0 1 -87 0 0 0
396998,9 162 0 1 -87 0 0 0
396998,9 162 0 1 -87 0 0 0
405015,3 127 0 6,3125 -86 0 0 0
388999,2 291 0 13,0625 -87 0 0 0
388999,2 100 0 9,5625 -89 0 0 0
388999 292 0 7 -89 0 0 0
392998,4 287 0 16 -87 0 0 0
393999 59 0 12,5625 -75 0 0 0
393999 59 0 14 -75 0 0 0
393998,9 59 0 17,1875 -77 0 0 0
398999,7 342 0 14,5625 -84 0 0 0
398999,7 162 0 13,375 -85 0 0 0
386998,5 292 0 15,25 -88 0 0 0
386998,5 290 0 10,1875 -86 0 0 0
391999,3 286 0 38,4375 -83 0 0 0
391999,3 286 0 24,1875 -81 0 0 0
392999,2 289 0 30,125 -86 0 0 0
392999,9 289 0,6073079 22,875 -89 0 0 0
396999 330 0 1 -88 0 0 0
396998,9 282 0 1 -87 0 0 0
398000,1 335 0 19,0625 -89 0 0 0
405015,4 32 0,653247 5,875 -85 0 0 0
385999,1 295 0 11,75 -88 0 0 0
385999,1 296 0 9,25 -87 0 0 0
390998,7 293 0 1 -85 0 0 0
390998,8 292 0 1 -85 0 0 0
390998,8 55 0 1 -85 0 0 0
394999,7 285 0,525629 15,25 -87 0 0 0
395999,5 296 0 17,375 -78 0 0 0
395999,2 296 0 17,4375 -78 0 0 0
405015,2 28 0,7173715 5,9375 -87 0 0 0
385999,2 292 0 9,5625 -89 0 0 0
385998,6 290 0 9,75 -88 0 0 0
385998,8 295 0 9,125 -88 0 0 0
390998,7 56 0 1 -84 0 0 0
390998,7 55 0 1 -85 0 0 0
394999,2 333 0 22,875 -85 0 0 0
395999,5 295 0 17 -78 0 0 0
395999,6 294 0 20,6875 -79 0 0 0
407077,3 193 0 1 -87 0 0 0
388998,8 297 0 8 -87 0 0 0
392998,4 55 0 17,375 -87 0 0 0
393999 58 0 13,1875 -75 0 0 0
393999 59 0 16,5625 -76 0 0 0
398999,6 108 0 12,5625 -83 0 0 0
398999,9 107 0 14,625 -84 0 0 0
407073,2 94 0 3 -85 0 0 0
407076,3 192 0 3,8125 -85 0 0 0
385999 295 0 8,375 -88 0 0 0
390998,8 55 0 1 -86 0 0 0
390998,7 56 0 1 -84 0 0 0
391999,6 287 0 7,625 -88 0 0 0
395999,5 296 0 17,0625 -79 0 0 0
392999,2 292 0 14,125 -79 0 0 0
392999,2 292 0 14,25 -79 0 0 0
392999,2 290 0,5270627 14,125 -79 0 0 0
393999,4 103 0 20,625 -86 0 0 0
397999,6 55 0 40,6875 -82 0 0 0
397999,6 161 0 39,9375 -82 0 0 0
385999 55 0 8,375 -88 0 0 0
390998,8 55 0 1 -85 0 0 0
390998,8 292 0 1 -84 0 0 0
394999,7 284 0 22,375 -85 0 0 0
394998,9 286 0 22,875 -89 0 0 0
395999,5 295 0 17,375 -78 0 0 0
395999,8 296 0 21,4375 -78 0 0 0
395999,5 295 0 16,6875 -79 0 0 0
385999,3 296 0 17,8125 -89 0 0 0
385999,1 55 0 9,8125 -89 0 0 0
390998,8 56 0 1 -85 0 0 0
390998,7 58 0 1 -85 0 0 0
390998,8 55 0 10,0625 -85 0 0 0
394999,7 55 0 19,25 -85 0 0 0
395000,5 293 0 16 -87 0 0 0
395999,8 296 0 21,3125 -78 0 0 0
395999,8 294 0 20,5 -79 0 0 0
385999 296 0 8,375 -88 0 0 0
385999 294 0 9,8125 -87 0 0 0
390998,8 56 0 1 -85 0 0 0
390998,8 55 0 1 -85 0 0 0
394999,7 278 0 15,75 -89 0 0 0
395999,5 296 0 17,5 -78 0 0 0
395999,5 294 0 17,375 -78 0 0 0
395999,5 297 0 17,375 -78 0 0 0
392999,5 291 0 18,75 -82 0 0 0
392999,2 293 0 14,125 -80 0 0 0
393999 59 0 21,6875 -80 0 0 0
393999,2 293 0 20,9375 -83 0 0 0
397999,4 291 0 35,25 -84 0 0 0
397999,8 158 0 6,3125 -83 0 0 0
397999,4 55 0 23,8125 -81 0 0 0
398999,3 342 0 10,1875 -89 0 0 0
405015,3 28 0,6156304 5,5 -86 0 0 0
385999,2 295 0 11,4375 -88 0 0 0
385999 292 0 9,8125 -87 0 0 0
390998,8 55 0 10,6875 -85 0 0 0
391999,3 280 0 26,6875 -87 0 0 0
395999,5 296 0 17,875 -79 0 0 0
395999,5 296 0 17,5 -78 0 0 0
405015,5 29 0,6858271 5,9375 -86 1 0 0
392999,2 292 0 13,875 -80 0 0 0
392999,2 292 0 14,25 -79 0 0 0
393999,2 56 0 19,3125 -84 0 0 0
394000,2 291 0 18,3125 -88 0 0 0
397999,5 55 0 34,875 -84 0 0 0
397999,6 154 0 40,3125 -82 0 0 0
386998,5 57 0 12,6875 -89 0 0 0
386998,7 294 0 11 -86 0 0 0
391999,4 287 0 35,625 -84 0 0 0
392999,9 57 0 34,8125 -85 0 0 0
396999,2 289 0 1 -89 0 0 0
396998,9 337 0 1 -88 0 0 0
397999,4 155 0 32,9375 -85 0 0 0
397999,3 56 0 28,5 -87 0 0 0
385998,3 292 0 8,25 -88 0 0 0
390998,8 56 0 1 -85 0 0 0
390998,6 55 0 5,0625 -87 0 0 0
394999,7 162 0 19,8125 -84 0 0 0
394999,4 288 0 18,625 -80 0 0 0
394999,7 162 0 16,625 -79 0 0 0
395999,6 296 0 20,6875 -79 0 0 0
395999,2 295 0 17,125 -80 0 0 0
395999,7 295 0,5102799 23,9375 -83 0 0 0
392999,2 292 0 15,6875 -81 0 0 0
392999,2 290 0 14,375 -79 0 0 0
393999 290 0 21,6875 -80 0 0 0
397999,8 55 0 5,875 -84 0 0 0
397999,8 156 0 5,625 -82 0 0 0
397999,6 153 0 44,0625 -81 0 0 0
397999,6 290 0 43,3125 -81 0 0 0
397999,6 291 0 40,6875 -82 0 0 0
397999,8 157 0 6,625 -84 0 0 0
405015,2 24 0,5107781 5,6875 -86 0 0 0
389999,1 287 0 8,5625 -87 0 0 0
389999,1 162 0 9,75 -86 0 0 0
390999,1 55 0 20,375 -89 0 0 0
394999,3 286 0 35,875 -75 0 0 0
394999,5 287 0 65,625 -75 0 0 0
394999,3 286 0 17 -76 0 0 0
395999,2 97 0 19,8125 -85 0 0 0
395999,7 100 0 12,6875 -89 0 0 0
392999,5 291 0 20,1875 -81 0 0 0
392999,5 289 0,5136478 15,875 -80 0 0 0
392998,8 57 0 14 -79 0 0 0
393999 291 0 20,875 -80 0 0 0
393999,2 100 0 20,9375 -83 0 0 0
393998,7 99 0 27,4375 -88 0 0 0
397999,5 155 0 34,875 -84 0 0 0
397999,4 290 0 22,875 -82 0 0 0
397999,6 290 0 40,3125 -82 0 0 0
405015,4 22 0,5653203 5,375 -86 0 0 0
393998,9 58 0 18,8125 -77 0 0 0
393999 100 0 14,625 -75 0 0 0
394999,7 162 0 28 -81 0 0 0
394999,7 288 0 17,5625 -85 0 0 0
398999,3 162 0 12,0625 -84 0 0 0
398999,7 162 0 12,4375 -87 0 0 0
399000,2 342 0 19,25 -85 0 0 0
391999,1 285 0 21,75 -83 0 0 0
391999,3 286 0 26,6875 -87 0 0 0
391999,3 286 0 32,9375 -85 0 0 0
392998,8 289 0 14,0625 -81 0 0 0
392999,2 292 0 18,3125 -83 0 0 0
392999,9 162 0,5122335 31,125 -86 0 0 0
396999,1 340 0 1 -89 0 0 0
396999,1 332 0 1 -88 0 0 0
397999,8 58 0 6,125 -85 0 0 0
397999,8 155 0 6,4375 -86 0 0 0
388999 292 0 8,375 -88 0 0 0
392999,2 289 0,5604553 31 -86 0 0 0
392999,2 295 0 15,25 -89 0 0 0
393999,2 291 0 14,375 -75 0 0 0
393999,2 100 0 18,3125 -77 0 0 0
397999,4 55 0 29,3125 -86 0 0 0
398999,6 162 0 11,9375 -84 0 0 0
398999,3 328 0 12,1875 -86 0 0 0
392999,2 292 0 15,4375 -81 0 0 0
392998,8 292 0 13,75 -80 0 0 0
393999,7 291 0 22,5625 -82 0 0 0
393999 290 0 14,5 -86 0 0 0
397999,6 292 0 37,75 -83 0 0 0
397999,6 156 0 40,6875 -82 0 0 0
405015,4 29 0,8002083 6,0625 -85 0 0 0
385998,8 293 0 8 -87 0 0 0
385999 291 0 9,8125 -87 0 0 0
390998,7 55 0 1 -84 0 0 0
390998,8 56 0 1 -85 0 0 0
394999,7 285 0 17,8125 -88 0 0 0
395999,8 297 0 21,4375 -78 0 0 0
395999,5 296 0 17,375 -78 0 0 0
405014,8 23 0,5594269 6,5 -85 0 0 0
385999,3 295 0 20,625 -88 0 0 0
385999 291 0 9,8125 -87 0 0 0
385999 300 0 8,375 -88 0 0 0
390998,8 294 0 1 -85 0 0 0
394999,7 162 0 18,5625 -83 0 0 0
395999,5 295 0 17,875 -77 0 0 0
395999,5 295 0 17,8125 -78 0 0 0
389998,6 287 0 12,6875 -89 0 0 0
389999,1 286 0 10,6875 -87 0 0 0
390999,1 55 0 10,3125 -85 0 0 0
390998,6 55 0 11,9375 -89 0 0 0
394999,4 286 0 19,75 -79 0 0 0
394999,5 60 0 16,5625 -77 0 0 0
395999,6 298 0 20,1875 -81 0 0 0
396000 296 0 37,625 -84 0 0 0
386998,7 289 0 11 -86 0 0 0
386999 293 0 12,1875 -86 0 0 0
391999,3 287 0 24,4375 -81 0 0 0
391999,3 287 0 23,8125 -81 0 0 0
395998,7 101 0 12,6875 -89 0 0 0
396998,8 333 0 1 -87 0 0 0
396998,8 329 0 1 -86 0 0 0
396998,8 162 0 1 -86 0 0 0
388999,1 289 0,5791547 9,8125 -89 0 0 0
393999 294 0 13,1875 -75 0 0 0
393998,8 57 0 12,75 -75 0 0 0
394999,7 284 0 17,0625 -87 0 0 0
399000 342 0 15,25 -84 0 0 0
398999,9 332 0 13,1875 -83 0 0 0
405015 30 0,6683325 6,25 -87 0 0 0
385998,8 295 0 10,6875 -87 0 0 0
385998,8 293 0 9,125 -86 0 0 0
385999 55 0 12,1875 -88 0 0 0
390998,7 56 0 1 -84 0 0 0
390998,8 58 0 1 -85 0 0 0
395999,5 296 0 17,375 -78 0 0 0
392999,2 46 0 15,9375 -87 0 0 0
392998,7 291 0 16,25 -84 0 0 0
393999,1 101 0 17 -76 0 0 0
393999 293 0,516598 19,9375 -78 0 0 0
397999,1 55 0 14,9375 -87 0 0 0
397999,8 290 0 6,4375 -86 0 0 0
398999,3 342 0 13,75 -86 0 0 0
399000,2 331 0 19,25 -85 0 0 0
405015,5 30 0 5,625 -85 0 0 0
392999,5 57 0 16,1875 -79 0 0 0
397999,6 55 0 37,75 -83 0 0 0
397999,4 154 0 23,8125 -81 0 0 0
397999,4 291 0 23,8125 -81 0 0 0
392999,2 58 0 22,375 -84 0 0 0
392999,2 57 0 16,375 -81 0 0 0
393999 295 0 19,3125 -79 0 0 0
393999 101 0 19,5625 -81 0 0 0
397999,8 105 0 8,625 -87 0 0 0
397999,4 103 0 13,4375 -85 0 0 0
397999,8 56 0 5,875 -84 0 0 0
399000 106 0 18,3125 -86 0 0 0
398999,7 162 0 12,4375 -87 0 0 0
385999 291 0,5000169 8,375 -88 90 0 0
385998,9 55 0 10,1875 -87 0 0 0
385999,2 57 0 11,4375 -88 0 0 0
390998,7 55 0 1 -84 0 0 0
390998,7 55 0 1 -84 0 0 0
390998,7 56 0 1 -85 0 0 0
395999,2 295 0 17,1875 -78 0 0 0
389998,5 288 0 9,1875 -86 0 0 0
389998,5 285 0 9,9375 -85 0 0 0
389998,8 288 0 11 -86 0 0 0
394999,5 287 0 64,875 -75 0 0 0
394999,5 286 0 66,125 -75 0 0 0
392999,4 58 0 14,3125 -79 0 0 0
392999,2 60 0 15,625 -80 0 0 0
397999,6 155 0 43,625 -81 0 0 0
397999,8 55 0 4,875 -82 0 0 0
397999,6 55 0 40,6875 -82 0 0 0
385999,1 58 0 13,75 -87 0 0 0
385999 291 0 10,1875 -89 0 0 0
390998,8 56 0 1 -85 0 0 0
395000,1 100 0 17,5625 -87 0 0 0
395999,5 296 0 17,8125 -78 0 0 0
395999,5 295 0 17,25 -78 0 0 0
395999,5 296 0 17,25 -78 0 0 0
386998,8 58 0 10,0625 -85 0 0 0
386998,5 63 0 10,1875 -86 0 0 0
391999,3 287 0 24,4375 -81 0 0 0
391999,3 286 0 24,25 -81 0 0 0
395999,2 55 0 19,8125 -85 0 0 0
396998,8 288 0 1 -86 0 0 0
396999,2 108 0 9,25 -85 0 0 0
396998,9 341 0 1 -87 0 0 0
385998,8 55 0 11,4375 -89 0 0 0
389998,3 287 0 11,4375 -89 0 0 0
390998,8 57 0 1 -86 0 0 0
390998,6 55 0 4,5625 -87 0 0 0
394999,7 284 0 17,0625 -84 0 0 0
394999,7 162 0 18,3125 -80 0 0 0
394999,4 287 0 17,4375 -78 0 0 0
395999,2 295 0 16,875 -79 0 0 0
395999,7 96 0 26,6875 -81 0 0 0
395999,2 296 0 23,25 -83 0 0 0
392999,2 289 0 21,8125 -84 0 0 0
392999,2 289 0 16 -81 0 0 0
392999,5 291 0 16 -80 0 0 0
393998,9 57 0 19,125 -78 0 0 0
393998,7 287 0 19,5625 -80 0 0 0
393999,2 57 0 18,8125 -84 0 0 0
397999,8 290 0 12,1875 -85 0 0 0
397999,5 55 0 34,875 -84 0 0 0
398999,7 287 0 12,4375 -87 0 0 0
392999,2 60 0 17,75 -83 0 0 0
392999,2 292 0 15,6875 -81 0 0 0
393999,3 58 0 20,75 -78 0 0 0
393999 290 0 21,0625 -80 0 0 0
397999,8 57 0 13,125 -85 0 0 0
397999,8 55 0 5,875 -84 0 0 0
399000,2 162 0 14,9375 -87 0 0 0
386998,3 294 0 8,875 -85 0 0 0
386999 295 0 12,1875 -86 0 0 0
391999,3 287 0 24,25 -81 0 0 0
396998,8 336 0 1 -87 0 0 0
396998,9 336 0 1 -87 0 0 0
396998,9 162 0 1 -87 0 0 0
405015,2 30 0,683992 4,4375 -86 0 0 0
405015 27 0,6257604 4,75 -86 1 0 0
407076,2 192 0 29 -85 0 0 0
385999,1 55 0 11,75 -88 0 0 0
385999 57 0 8,375 -88 0 0 0
385999 55 0 8,375 -88 0 0 0
390998,7 55 0 1 -85 0 0 0
390998,7 55 0 1 -84 0 0 0
390998,8 290 0,5187293 1 -85 0 0 0
395999,5 295 0 17,375 -78 0 0 0
395999,8 297 0 21,125 -78 0 0 0
407076,3 306 0 4,0625 -84 0 0 0
392999,2 291 0 14 -79 0 0 0
392999,2 291 0 13,8125 -79 0 0 0
392999,2 290 0,6000028 13,8125 -79 0 0 0
393999,2 293 0 14,75 -87 0 0 0
397999,6 291 0 40,3125 -82 0 0 0
397999,5 290 0 23,4375 -81 0 0 0
407076,2 306 0 32,1875 -84 0 0 0
389998,6 162 0 8,5625 -85 0 0 0
389999,1 286 0 11 -85 0 0 0
389998,7 284 0 12,4375 -87 0 0 0
393998,7 290 0 19,5 -83 0 0 0
394999,5 162 0 65,375 -75 0 0 0
394999,5 287 0 15,625 -76 0 0 0
389999,1 59 0 10,1875 -89 0 0 0
389998,8 284 0 9,625 -87 0 0 0
389999,1 286 0 9,75 -86 0 0 0
390999,1 55 0 1 -89 0 0 0
394999,7 286 0 16,5625 -78 0 0 0
394999,5 287 0 14,6875 -76 0 0 0
395999,2 100 0 18,3125 -83 0 0 0
395998,5 298 0,5215199 16,8125 -87 0 0 0
389999,1 289 0 9,75 -86 0 0 0
389998,8 286 0 11 -86 0 0 0
394999,5 287 0 66,5625 -75 0 0 0
394999,5 285 0 13,75 -75 0 0 0
386998,7 290 0 11 -86 0 0 0
386998,8 288 0,55263 10,0625 -85 0 0 0
391999,3 285 0 24,25 -81 0 0 0
391999,3 287 0 24,25 -81 0 0 0
396998,9 330 0 1 -87 0 0 0
396998,8 162 0 1 -86 0 0 0
393999 295 0 20,125 -78 0 0 0
393999 59 0 14,375 -76 0 0 0
393999 295 0 12,9375 -75 0 0 0
394999,3 59 0 19,125 -80 0 0 0
394999,2 287 0 19,5625 -84 0 0 0
394998,9 61 0 17,8125 -88 0 0 0
398999,9 285 0 13,625 -82 0 0 0
398999,6 342 0 12,375 -85 0 0 0
386998,5 290 0 8,75 -85 0 0 0
386999 290 0 15,25 -89 0 0 0
386998,7 99 0 11 -86 0 0 0
391999,4 281 0,5033169 38,5 -83 0 0 0
391999,1 288 0 22,875 -82 0 0 0
392999,2 289 0 21,0625 -85 0 0 0
392999,2 293 0 18,3125 -88 0 0 0
396999,1 106 0 1 -89 0 0 0
396999 162 0 1 -87 0 0 0
397999,1 162 0 14,9375 -87 0 0 0
386998,7 58 0 9,9375 -85 0 0 0
386998,5 62 0 10,1875 -86 0 0 0
391999,4 288 0 41,375 -82 0 0 0
391999,3 286 0 24,25 -81 0 0 0
395999,2 99 0 17,5625 -86 0 0 0
396999,2 284 0 9,4375 -85 0 0 0
396999 162 0 10,0625 -86 0 0 0
393998,9 58 0 14,875 -76 0 0 0
393999 291 0 12,75 -75 0 0 0
394998,9 161 0 34,0625 -85 0 0 0
398999,8 333 0 18,8125 -85 0 0 0
398999,9 107 0 14,3125 -84 0 0 0
398999,9 331 0 14,3125 -84 0 0 0
392999,2 289 0 13,875 -79 0 0 0
392999,2 289 0 13,875 -79 0 0 0
392999,2 291 0,5609403 13,6875 -80 0 0 0
397999,6 290 0 40,6875 -82 0 0 0
386998,5 289 0 8,8125 -85 0 0 0
386998,5 57 0 8,75 -85 0 0 0
386998,7 289 0 11 -86 0 0 0
391999,3 287 0 24,25 -81 0 0 0
391999,3 287 0 24,25 -81 0 0 0
396998,9 162 0 1 -86 0 0 0
386998,8 62 0 10,0625 -85 0 0 0
386998,7 58 0 11 -86 0 0 0
391999,5 287 0 43,625 -81 0 0 0
396000 300 0 28,25 -87 0 0 0
396999,2 336 0 9,0625 -85 0 0 0
396998,9 107 0 1 -87 0 0 0
396998,8 108 0 1 -87 0 0 0
405015,3 30 0,8272169 8,375 -87 0 0 0
389999,1 286 0 10,6875 -87 0 0 0
389998,8 162 0 11 -86 0 0 0
394999,3 162 0 35,4375 -75 0 0 0
405015,4 30 0,6770558 6,125 -86 0 0 0
389999,1 285 0 15,25 -89 0 0 0
390999,2 55 0 11,625 -86 0 0 0
390998,6 46 0 4,0625 -89 0 0 0
394999,3 162 0 17,4375 -79 0 0 0
394999,4 162 0 16,375 -77 0 0 0
394999,5 287 0 14,5 -75 0 0 0
395999,2 295 0 19,1875 -82 0 0 0
395998,5 97 0 20,25 -85 0 0 0
386998,7 61 0 11 -86 0 0 0
386998,7 291 0 12,4375 -87 0 0 0
391999,3 287 0 24,5625 -81 0 0 0
391999,4 286 0 38,8125 -83 0 0 0
395999,2 291 0 21,8125 -84 0 0 0
396998,8 162 0 1 -86 0 0 0
396999,1 334 0 1 -89 0 0 0
405015,1 29 0,5547422 5,9375 -86 0 0 0
388999,4 102 0 16,9375 -89 0 0 0
388998,9 295 0 10,6875 -89 0 0 0
393999 58 0 12,0625 -75 0 0 0
393999 100 0 14,3125 -75 0 0 0
398999,9 334 0 14,5 -84 0 0 0
398999,7 342 0 14,3125 -84 0 0 0
398999,7 107 0 13,75 -85 0 0 0
405015,4 26 0 6,0625 -85 0 0 0
386998,7 290 0 10,6875 -88 0 0 0
386998,3 96 0 11,4375 -89 0 0 0
390998,3 293 0 21,375 -88 0 0 0
390998,6 292 0 5 -86 0 0 0
391999,3 287 0 22,875 -82 0 0 0
391999,3 286 0 32,9375 -85 0 0 0
391999,3 291 0 30,5 -86 0 0 0
396000 296 0 33,5625 -85 0 0 0
395999,2 296 0 16,5 -80 0 0 0
396999,1 286 0 1 -88 0 0 0
386999 59 0 12,1875 -88 0 0 0
386999 57 0 10,6875 -87 0 0 0
391999,3 291 0 36,125 -84 0 0 0
391999,2 287 0 22,875 -82 0 0 0
391999,4 287 0 32,0625 -85 0 0 0
392999,2 57 0 19,1875 -82 0 0 0
392999,7 292 0 20,4375 -85 0 0 0
392999,7 155 0 15,25 -88 0 0 0
396998,9 332 0 1 -87 0 0 0
396999,1 287 0 19,0625 -89 0 0 0
397999,4 55 0 13,4375 -85 0 0 0
397999,4 36 0 13,4375 -87 0 0 0
392998,7 291 0,5302154 16,6875 -84 0 0 0
392999,5 59 0 15,6875 -81 0 0 0
392999,5 290 0 16 -80 0 0 0
393999 293 0 19,4375 -78 0 0 0
393999 59 0 21,6875 -80 0 0 0
393999,7 289 0 20,375 -83 0 0 0
397999,8 55 0 14,0625 -86 0 0 0
397999,5 101 0 35,625 -84 0 0 0
397999,8 291 0 5,75 -83 0 0 0
398998,9 162 0 12,4375 -87 0 0 0
392999,5 57 0 16,1875 -79 0 0 0
392999,4 290 0 14,5 -79 0 0 0
397999,8 55 0 5,875 -83 0 0 0
397999,6 55 0 40,6875 -82 0 0 0
392999,2 289 0,5513361 19,4375 -85 0 0 0
392999,2 290 0,5927603 14,9375 -82 0 0 0
393998,9 59 0 18,5 -78 0 0 0
393998,7 57 0 22,125 -80 0 0 0
397999,8 292 0 12 -86 0 0 0
397999,8 346 0 6,125 -85 0 0 0
398999,8 105 0 17,8125 -87 0 0 0
399000 334 0 22,875 -89 0 0 0
405014,9 126 0 5,6875 -88 0 0 0
386998,3 288 0 10,3125 -87 0 0 0
391999,1 288 0 24,4375 -88 0 0 0
391999,4 287 0 32,0625 -85 0 0 0
392999,2 289 0 15,6875 -81 0 0 0
392999,7 288 0,5113977 22,875 -83 0 0 0
397999,5 56 0 38,375 -83 0 0 0
397999,4 156 0 32,9375 -85 0 0 0
392999,2 290 0 16 -81 0 0 0
392998,8 291 0 14,375 -80 0 0 0
393999 101 0 21,6875 -80 0 0 0
393999,2 103 0 20,9375 -83 0 0 0
397999,8 291 0 5,875 -84 0 0 0
397999,8 290 0 5,75 -83 0 0 0
399000 334 0,5271484 22,875 -89 0 0 0
405015 34 0,8552221 5,5 -86 0 0 0
389998,8 160 0 9,9375 -85 0 0 0
389999,1 286 0 10,6875 -87 0 0 0
389999,1 288 0,5054329 11 -85 0 0 0
393998,2 288 0 20,375 -89 0 0 0
394999,5 286 0 66,125 -75 0 0 0
394999,5 286 0 65,375 -75 0 0 0
393999 57 0 22,4375 -79 0 0 0
393999,2 100 0 19,3125 -77 0 0 0
394999,3 286 0 20,75 -79 0 0 0
394999,7 58 0 30,5 -82 0 0 0
398999,3 332 0 12,1875 -86 0 0 0
398999,6 107 0 12,375 -85 0 0 0
388999 290 0,6026362 8,375 -88 0 0 0
388999,1 292 0 10,1875 -89 0 0 0
393999 290 0 14 -75 0 0 0
393999,2 58 0 13,0625 -74 0 0 0
393999 58 0 13,1875 -75 0 0 0
394999,3 288 0 17,5625 -87 0 0 0
398999,8 106 0,5430553 13,875 -82 0 0 0
386999 57 0 9,75 -86 0 0 0
390998,6 292 0 4,1875 -87 0 0 0
391999,4 287 0 41,1875 -82 0 0 0
391999,3 289 0 32,9375 -85 0 0 0
395999,6 296 0 19 -81 0 0 0
395999,2 297 0,5340464 14,25 -87 0 0 0
396999,1 160 0 1 -88 0 0 0
396999,2 328 0 20,375 -89 0 0 0
389998,6 285 0 8,5 -85 0 0 0
389999,1 288 0 11 -85 0 0 0
394999,5 162 0 64,875 -75 0 0 0
394999,4 286 0 40,4375 -74 0 0 0
386998,7 292 0 11 -86 0 0 0
386998,7 287 0 9,625 -87 0 0 0
390998,8 57 0 1 -88 0 0 0
391999,3 288 0 22,875 -82 0 0 0
391999,4 286 0 35,625 -84 0 0 0
395999,2 296 0 21,0625 -85 0 0 0
395999,2 294 0 18,6875 -82 0 0 0
396998,9 284 0 1 -87 0 0 0
396999 328 0 1 -88 0 0 0
396999,1 288 0 9,8125 -88 0 0 0
388999 103 0 8,375 -88 0 0 0
388999,2 98 0 9,3125 -89 0 0 0
393999 59 0 14 -75 0 0 0
398999,7 105 0 15,5625 -83 0 0 0
399000,2 332 0 19,5625 -84 0 0 0
392999,2 153 0 31 -86 0 0 0
392999,2 288 0 15,25 -89 0 0 0
393999 58 0 14,625 -75 0 0 0
393999,2 100 0 20,0625 -77 0 0 0
397999,4 346 0 29,3125 -86 0 0 0
398999,9 334 0 15,4375 -83 0 0 0
398999,6 342 0 11,875 -84 0 0 0
398999,7 342 0 14,25 -86 0 0 0
405015,3 30 0,7443594 5,375 -85 0 0 0
389998,7 286 0 10,6875 -88 0 0 0
389999,1 288 0 12,1875 -88 0 0 0
389999,5 284 0 14,25 -86 0 0 0
390999,1 290 0,5517803 14,25 -88 0 0 0
394999,5 287 0 14,0625 -76 0 0 0
395998,5 295 0 16,8125 -87 0 0 0
392999,2 290 0,5552961 16,9375 -83 0 0 0
392999,2 162 0 16,375 -81 0 0 0
393998,9 292 0 19,5625 -78 0 0 0
393999 58 0 21,6875 -80 0 0 0
397999,8 342 0 6,125 -88 0 0 0
397999,4 103 0 13,4375 -85 0 0 0
397999,5 290 0 34,875 -84 0 0 0
398999,7 333 0 14,25 -86 0 0 0
399000 325 0 16 -87 0 0 0
398999,8 162 0 12,6875 -89 0 0 0
405015,1 32 0,6962414 5,25 -89 0 0 0
389999,6 286 0,505835 12,6875 -89 0 0 0
393998,7 101 0 21,6875 -80 0 0 0
393999 290 0 19,375 -78 0 0 0
394999,7 59 0 23,1875 -81 0 0 0
394999,4 286 0 16,8125 -78 0 0 0
398999,8 336 0 17,8125 -87 0 0 0
399000 106 0 18,3125 -86 0 0 0
389998,5 284 0 9,3125 -86 0 0 0
389999,6 290 0 12,6875 -89 0 0 0
389998,6 284 0 12,6875 -89 0 0 0
393999,2 285 0 19,3125 -84 0 0 0
393999 57 0 21,0625 -80 0 0 0
393999 59 0 22,5625 -78 0 0 0
394999,5 285 0 13,875 -76 0 0 0
394999,4 162 0 17,4375 -78 0 0 0
394999,4 285 0 19 -79 0 0 0
399000,3 107 0 20,375 -89 0 0 0
407074 306 0 7,875 -84 0 0 0
385999 55 0 9,8125 -87 0 0 0
385998,3 62 0 8,25 -88 0 0 0
390998,7 55 0 1 -84 0 0 0
394999,3 60 0 22,875 -86 0 0 0
394999,2 58 0 19,0625 -82 0 0 0
395999,5 295 0 17,375 -78 0 0 0
395999,7 295 0 17,0625 -78 0 0 0
395999,5 98 0 18,3125 -79 0 0 0
405015,3 28 0,7147069 5,5625 -85 0 0 0
407076,6 192 0 1 -85 0 0 0
388998,9 299 0 7,25 -89 0 0 0
393999 291 0 20,625 -79 0 0 0
393999,2 59 0 18,3125 -77 0 0 0
393999 58 0 14,3125 -75 0 0 0
394999,2 162 0 21,875 -85 0 0 0
394999,7 288 0 18,0625 -79 0 0 0
394999,7 287 0 19,8125 -81 0 0 0
398999,7 106 0 13,75 -85 0 0 0
398999,7 332 0 12,4375 -87 0 0 0
405015,4 33 0,603944 4,5625 -86 0 0 0
407076,2 191 0 29 -85 0 0 0
392999,2 291 0 21,8125 -84 0 0 0
392999,2 291 0 16 -81 0 0 0
393999,4 100 0 19,25 -78 0 0 0
393999 295 0 18,9375 -80 0 0 0
397999,8 289 0 7 -85 0 0 0
397999,5 100 0 35,625 -84 0 0 0
397999,6 158 0 40,6875 -82 0 0 0
399000 332 0 16 -87 0 0 0
405015,3 30 0,7473024 5,5 -87 0 0 0
389999,1 287 0 10,1875 -89 0 0 0
389998,8 287 0 11 -86 0 0 0
389999,1 162 0 10,6875 -87 0 0 0
390999 55 0 1 -88 0 0 0
394999,5 286 0 64,4375 -75 0 0 0
394999,4 162 0 16,8125 -78 0 0 0
394999,3 162 0 15,9375 -76 0 0 0
395999,2 295 0 21,8125 -84 0 0 0
395998,2 294 0 13,5625 -86 0 0 0
385998,9 292 0 8,75 -88 0 0 0
386999 57 0 12,1875 -88 0 0 0
390998,6 55 0 5,0625 -87 0 0 0
390998,8 291 0 1 -86 0 0 0
391999,6 291 0 13,125 -85 0 0 0
391999,3 288 0 29,3125 -86 0 0 0
395999,7 295 0 25,9375 -82 0 0 0
395999,6 294 0 20,6875 -80 0 0 0
396998,7 285 0,5380885 10,3125 -89 0 0 0
386998,7 288 0 9,625 -87 0 0 0
386998,7 58 0 11 -86 0 0 0
391999,1 286 0 18,1875 -81 0 0 0
391999,4 286 0 38,375 -83 0 0 0
392999,2 291 0 18,9375 -86 0 0 0
396999 331 0 1 -88 0 0 0
396998,9 162 0 1 -87 0 0 0
396999,5 341 0 13,75 -88 0 0 0
397999,4 291 0 29,3125 -86 0 0 0
398000,1 289 0 19,0625 -89 0 0 0
392999,2 57 0 16,375 -81 0 0 0
392999,2 292 0 16,25 -80 0 0 0
393999 59 0 21,0625 -80 0 0 0
393999,4 100 0 24,4375 -84 0 0 0
397999,5 345 0 34,875 -84 0 0 0
397999,4 154 0 22,375 -82 0 0 0
397999,8 289 0 5,9375 -81 0 0 0
407028,1 105 0,6672726 16,5 -61 0 0 0
389998,7 288 0 12,4375 -87 0 0 0
389999,5 285 0 12,4375 -87 0 0 0
393998,7 293 0 20,4375 -80 0 0 0
394999,2 60 0 21,125 -75 0 0 0
399000,3 106 0 28,5 -87 0 0 0
389998,6 287 0 15,25 -88 0 0 0
390998,8 55 0 11,5625 -84 0 0 0
390998,6 294 0 12,6875 -87 0 0 0
390999,2 294 0 12,8125 -88 0 0 0
394999,7 286 0 24,4375 -79 0 0 0
395999,2 297 0 20,625 -81 0 0 0
405015,3 34 0,7444828 6,5 -86 0 0 0
385999,2 294 0 22 -88 0 0 0
390998,8 57 0 10,6875 -82 0 0 0
390998,9 55 0 12,1875 -84 0 0 0
390998,8 55 0 11,125 -85 0 0 0
394998,7 289 0 25,4375 -87 0 0 0
394999,7 60 0 18,3125 -80 0 0 0
395999,6 295 0 21,625 -78 0 0 0
395999,6 294 0 18,75 -81 0 0 0
407025 106 0,5999528 14,9375 -61 0 0 0
386999 292 0 14,25 -87 0 0 0
386998,7 288 0,5439711 8,875 -89 0 0 0
390998,3 57 0 18,3125 -89 0 0 0
390999 292 0 1 -88 0 0 0
391999,3 287 0 32,4375 -85 0 0 0
391999,4 286 0 35,625 -84 0 0 0
395999,2 293 0 13,375 -86 0 0 0
395999,2 296 0 22,375 -84 0 0 0
395999,6 295 0 19,6875 -81 0 0 0
396998,9 162 0 1 -87 0 0 0
396998,9 282 0 1 -88 0 0 0
405015,3 19 0,5612265 6,3125 -86 0 0 0
388999,4 97 0 17,1875 -89 0 0 0
388999 292 0 7 -89 0 0 0
393998,8 58 0 13,5625 -75 0 0 0
393999 290 0 14,3125 -75 0 0 0
398999,9 335 0 14,75 -84 0 0 0
398999,9 342 0 14,9375 -84 0 0 0
399000,2 333 0 16 -83 0 0 0
386998,4 292 0 9,75 -88 0 0 0
391999,1 287 0 21,75 -83 0 0 0
391999,1 288 0,5254048 14,25 -89 0 0 0
391999,6 286 0 7,625 -86 0 0 0
392998,8 292 0 14,625 -80 0 0 0
392999,5 291 0 19,3125 -82 0 0 0
392998,7 287 0 15,25 -85 0 0 0
396999,2 282 0 20,375 -89 0 0 0
397999,4 290 0 13,4375 -85 0 0 0
392999,2 289 0 14,375 -80 0 0 0
392999,2 288 0,5098745 14,375 -79 0 0 0
392999,2 290 0 14,25 -79 0 0 0
393998,7 103 0 25,9375 -83 0 0 0
393998,7 58 0 29,75 -87 0 0 0
397999,5 292 0 38,125 -83 0 0 0
405015,6 29 0,7823834 6,75 -86 1 0 0
388999,1 292 0,5020698 11,75 -88 0 0 0
393999 59 0 19,5625 -81 0 0 0
393998,9 290 0 17,4375 -77 0 0 0
394999,2 286 0 29,75 -82 0 0 0
394999,4 162 0 17,875 -77 0 0 0
398999,8 332 0,5948077 17,4375 -86 0 0 0
399000 107 0,6670762 18,5 -85 0 0 0
399000,2 342 0 19,5 -84 0 0 0
389998,6 284 0 12,6875 -89 0 0 0
390998,8 57 0 10,3125 -85 0 0 0
390998,8 295 0 11,125 -85 0 0 0
390999,3 295 0 1 -89 0 0 0
394999,7 289 0 17,875 -78 0 0 0
395999,2 297 0 21,8125 -84 0 0 0
389998,6 285 0 8,5625 -85 0 0 0
389998,3 286 0 11 -86 0 0 0
393998,7 288 0 18,3125 -88 0 0 0
393998,7 291 0 26,6875 -84 0 0 0
394999,4 286 0 37,9375 -74 0 0 0
394999,5 287 0 64,75 -75 0 0 0
394999,3 286 0 15,5 -75 0 0 0
385998,9 55 0 10,6875 -89 0 0 0
385998,9 295 0 10,1875 -87 0 0 0
390998,7 294 0 1 -85 0 0 0
390998,7 57 0 1 -84 0 0 0
395999,8 297 0 20,6875 -79 0 0 0
395999,8 295 0 21,4375 -78 0 0 0
395999,6 295 0 21,5 -78 0 0 0
392999,2 290 0,5418017 15,75 -80 0 0 0
392998,8 292 0 13,75 -79 0 0 0
393999,2 292 0 17,8125 -85 0 0 0
397999,5 156 0 38,5 -83 0 0 0
397999,6 55 0 41,1875 -82 0 0 0
389998,7 270 0 10,3125 -86 0 0 0
389998,8 286 0 11 -86 0 0 0
389998,8 285 0 10,0625 -85 0 0 0
394999,4 263,2145 0,9029797 36 -75 0,2144775 0 0
394999,4 162 0 37,9375 -74 0 0 0
394999,5 162 0 15,25 -76 0 0 0
396000 299 0 33,5625 -86 0 0 0
399998,4 271 0,8591033 3,25 -89 0 0 0
385998,8 295 0 11,4375 -89 0 0 0
386999 60 0 10,6875 -87 0 0 0
386999 100 0 10,1875 -89 0 0 0
390998,2 55 0 19,0625 -89 0 0 0
390998,9 294 0 11,5 -86 0 0 0
391999,1 288 0 22 -83 0 0 0
391999,6 291 0 12,8125 -86 0 0 0
396000 295 0 36,625 -84 0 0 0
395998,9 98 0 15,4375 -80 0 0 0
396999,5 288 0 10,9375 -87 0 0 0
396999,8 162 0 12,6875 -89 0 0 0
392999,2 291 0 14,25 -79 0 0 0
392999,2 60 0 14,375 -79 0 0 0
397999,5 55 0 35,625 -84 0 0 0
389999,5 288 0 10,6875 -88 0 0 0
390998,6 47 0 11 -86 0 0 0
390998,6 296 0 10,6875 -88 0 0 0
394999,4 286 0 19 -79 0 0 0
394999,4 162 0 16,375 -77 0 0 0
395999,6 294 0 19,6875 -81 0 0 0
395999,2 295 0 22,375 -84 0 0 0
385999,2 294 0 11,4375 -88 0 0 0
385998,9 292 0 10,6875 -89 0 0 0
390998,7 294 0 1 -85 0 0 0
390998,6 57 0 10,6875 -85 0 0 0
394999,3 289 0 23,625 -82 0 0 0
394999,2 56 0 18,8125 -85 0 0 0
395999,2 296 0 16,375 -79 0 0 0
395999,6 296 0 20,6875 -80 0 0 0
386999 290 0 10,6875 -87 0 0 0
391999,3 290 0 33,0625 -85 0 0 0
391999,3 278 0,5204269 38,75 -83 0 0 0
392999,2 289 0 17,75 -83 0 0 0
392999,2 291 0 18,9375 -86 0 0 0
396999,1 106 0 9,8125 -88 0 0 0
397999,5 36 0 35,625 -84 0 0 0
397999,4 55 0 14,5 -86 0 0 0
389999,1 288 0 9,125 -88 0 0 0
390998,8 55 0 1 -85 0 0 0
390998,8 290 0,5033447 1 -88 0 0 0
394999,2 159 0 21,1875 -83 0 0 0
394999,4 287 0 17,4375 -78 0 0 0
395999,5 296 0 16,875 -79 0 0 0
395999,7 295 0 23,9375 -83 0 0 0
389998,7 287 0 10,6875 -86 0 0 0
389998,8 278 0 10,0625 -85 0 0 0
393998,7 99 0 32,6875 -86 0 0 0
393999 101 0 21,375 -81 0 0 0
394999,4 162 0 37,9375 -74 0 0 0
394999,3 286 0 14,375 -75 0 0 0
394999,4 162 0 17,6875 -77 0 0 0
389999,1 286 0 15,25 -89 0 0 0
393999 288 0 20,875 -81 0 0 0
393999 290 0 20,125 -79 0 0 0
393998,9 58 0 17,8125 -77 0 0 0
394999,7 287 0 30,5 -82 0 0 0
394999,4 286 0 16,375 -77 0 0 0
394999,4 286 0 19 -79 0 0 0
399000 334 0 18,5 -85 0 0 0
389998,8 288 0 11 -86 0 0 0
389998,8 285 0 10,0625 -85 0 0 0
394999,3 286 0 35,4375 -75 0 0 0
394999,5 287 0 67,125 -75 0 0 0
394999,4 289 0 15,75 -77 0 0 0
396000 297 0 33,5625 -85 0 0 0
392999,2 289 0 14,125 -79 0 0 0
392999,2 59 0 14 -79 0 0 0
392999,2 292 0 13,875 -79 0 0 0
393998,7 99 0 21,375 -86 0 0 0
397999,6 291 0 40,6875 -82 0 0 0
397999,6 55 0 43,3125 -81 0 0 0
397999,6 158 0 41,1875 -82 0 0 0
392999,2 292 0 14,25 -79 0 0 0
392999,4 291 0,5567903 13,9375 -79 0 0 0
397999,6 290 0 43,625 -81 0 0 0
397999,6 56 0 43,625 -81 0 0 0
397999,6 290 0 41,1875 -82 0 0 0
388998,9 292 0 8,75 -88 0 0 0
388998,9 291 0 8,75 -88 0 0 0
393999 59 0 12,375 -74 0 0 0
398999,9 332 0,5552061 14,5 -84 0 0 0
398999,8 342 0 12,625 -83 0 0 0
398999,7 330 0 14,4375 -84 0 0 0
386998,7 286 0 10,6875 -88 0 0 0
386998,7 57 0 11 -86 0 0 0
386998,7 292 0 11 -86 0 0 0
391999,3 284 0,5023768 24,8125 -81 0 0 0
391999,4 287 0 38,375 -83 0 0 0
391999,3 286 0 22,875 -82 0 0 0
392999,2 288 0 15,875 -85 0 0 0
396999,1 163 0 1 -88 0 0 0
396999 162 0 1 -87 0 0 0
397999,8 342 0 9,125 -89 0 0 0
389998,5 285 0 11,375 -87 0 0 0
390998,6 55 0 11,3125 -88 0 0 0
394999,4 287 0 17,5625 -79 0 0 0
394999,4 286 0 17,25 -77 0 0 0
394999,5 286 0 15,125 -76 0 0 0
395999,5 297 0 17,6875 -80 0 0 0
395999,2 298 0 22,375 -84 0 0 0
396000 296 0 28,25 -87 0 0 0
389999,1 162 0 15,25 -89 0 0 0
390998,6 294 0 10,375 -85 0 0 0
390998,9 55 0 11 -86 0 0 0
394999,2 286 0 20,375 -83 0 0 0
394999,3 286 0 19,125 -80 0 0 0
394999,4 286 0 17,9375 -78 0 0 0
395999,2 295 0 17,0625 -79 0 0 0
395999,6 296 0 20,1875 -81 0 0 0
395999,2 296 0 23,75 -83 0 0 0
405014,7 25 0,7557827 6,125 -88 0 0 0
385998,9 293 0 8,75 -88 0 0 0
389998,1 284 0 20,375 -89 0 0 0
390998,7 55 0 1 -85 0 0 0
390998,8 57 0 1 -86 0 0 0
390998,8 294 0 1 -87 0 0 0
394999,2 286 0 18,625 -83 0 0 0
394999,4 287 0 18,625 -80 0 0 0
394999,7 287 0 17,25 -78 0 0 0
395999,2 296 0 17,3125 -79 0 0 0
395999,2 295 0 19,6875 -81 0 0 0
395999,6 98 0 19,3125 -82 0 0 0
386998,7 288 0 8,875 -89 0 0 0
386998,7 60 0 9,625 -87 0 0 0
391999,3 287 0 26,6875 -87 0 0 0
391999,6 286 0 13,125 -85 0 0 0
391999,4 286 0 38,375 -83 0 0 0
392999,2 291 0 15,4375 -81 0 0 0
392999,2 292 0 21 -84 0 0 0
392998,7 289 0,5543937 14,25 -86 0 0 0
396998,9 282 0 1 -88 0 0 0
396999,3 280 0 12,8125 -88 0 0 0
397999,5 154 0 35,625 -84 0 0 0
397999,8 290 0 6,875 -87 0 0 0
398000,5 348 0 1 -89 0 0 0
389998,7 286 0 12,4375 -87 0 0 0
390998,6 294 0 14,4375 -87 0 0 0
390999,4 55 0 22,875 -89 0 0 0
394999,7 162 0 22,125 -79 0 0 0
394999,7 285 0 21,5 -81 0 0 0
395999,7 294 0,5135099 28,625 -80 0 0 0
395999,2 292 0 16,25 -82 0 0 0
386998,7 56 0 10,6875 -88 0 0 0
391999,6 280 0,5663618 14,625 -86 0 0 0
392998,8 287 0,5318416 16,8125 -81 0 0 0
397999,6 291 0 44,9375 -81 0 0 0
397999,8 156 0 13,75 -85 0 0 0
388998,9 294 0 12,8125 -88 0 0 0
392999,2 291 0,5002015 31 -86 90 0 0
393001,1 61 0,5207175 9,8125 -89 0 0 0
393999,2 58 0 20,625 -75 0 0 0
393999 101 0 23,625 -77 0 0 0
397999,8 154 0 14 -87 0 0 0
398999,9 330 0 15,625 -83 0 0 0
398999,7 284 0 15,25 -84 0 0 0
398999,8 333 0 19,0625 -85 0 0 0
388999,2 293 0 9,5625 -89 0 0 0
393999 59 0 13,75 -75 0 0 0
398999,9 331 0 14,75 -84 0 0 0
398999,6 332 0,6162918 12,5625 -83 0 0 0
398999,9 335 0 14,625 -84 0 0 0
405015 37 0,6682926 4,75 -86 0 0 0
393999 291 0 18,9375 -81 0 0 0
393999 101 0 20,125 -79 0 0 0
393998,9 101 0 20,0625 -77 0 0 0
394999,4 285 0 16,375 -77 0 0 0
394999,4 59 0 17,5625 -79 0 0 0
394999,7 162 0 19,8125 -82 0 0 0
398999,3 330 0 12,1875 -86 0 0 0
385998,8 292 0 8 -87 0 0 0
385999,1 56 0 9,8125 -89 0 0 0
390998,8 55 0 1 -84 0 0 0
390998,7 55 0 1 -84 0 0 0
394998,9 57 0 22,5625 -85 0 0 0
395999,5 297 0 17,5 -78 0 0 0
395999,6 295 0 20,3125 -79 0 0 0
403225,5 199 0 1 -87 0 0 0
403226,5 91 0 8 -81 0 0 0
386998,8 292 0 10,0625 -85 0 0 0
386998,5 60 0 10,1875 -86 0 0 0
391999,3 288 0 24,5625 -81 0 0 0
391999,3 286 0 24,25 -81 0 0 0
395999,2 293 0 16,25 -87 0 0 0
396998,8 284 0 1 -86 0 0 0
396998,8 162 0 1 -87 0 0 0
403227,4 197 0 11,4375 -82 0 0 0
391999,6 284 0 6,125 -88 0 0 0
392999,2 289 0 13,875 -79 0 0 0
392999,2 290 0,5594123 14,25 -79 0 0 0
392999,2 288 0 14,375 -80 0 0 0
397999,6 346 0 43,625 -81 0 0 0
397999,8 156 0 5,75 -83 0 0 0
405015,3 26 0 5,6875 -88 0 0 0
385998,9 294 0 12,8125 -88 0 0 0
385999 294 0 14,25 -87 0 0 0
390998,7 55 0 1 -83 0 0 0
390998,9 57 0 13,4375 -85 0 0 0
390998,8 55 0 12,0625 -84 0 0 0
394999,3 162 0 25,3125 -79 0 0 0
395000,2 285 0 24,4375 -88 0 0 0
394998,9 277 0 20,125 -83 0 0 0
395999,2 295 0 21,5 -80 0 0 0
395999,6 296 0 22,6875 -78 0 0 0
395999,5 295 0 18,3125 -77 0 0 0
403226 198 0 9,9375 -81 0 0 0
386998,1 59 0 10 -86 0 0 0
386999,5 291 0 15,25 -88 0 0 0
391999,3 286 0 39,6875 -83 0 0 0
391999 286 0 24,75 -81 0 0 0
391999,1 284 0 14 -86 0 0 0
392998,7 288 0 19,0625 -82 0 0 0
392999,2 287 0 15,875 -85 0 0 0
396999,1 287 0 12,0625 -87 0 0 0
397999,8 160 0 18,3125 -88 0 0 0
403226,5 198 0 12,25 -81 0 0 0
392999,2 289 0,5481844 21,375 -79 0 0 0
392999,2 291 0 14,125 -79 0 0 0
392999,2 289 0 13,8125 -79 0 0 0
393999,4 292 0 18,3125 -89 0 0 0
397999,5 154 0 47,75 -80 0 0 0
403224,7 198 0 5,25 -83 0 0 0
403226,1 91 0 8,375 -81 0 0 0
407025,5 74,501 0,6285802 21,1875 -50 0,5009995 0 0
388999,2 294 0 9,5625 -89 0 0 0
388998,8 295 0 9,125 -88 0 0 0
388998,9 292 0 10,6875 -89 0 0 0
393999 58 0 14 -75 0 0 0
398999,9 342 0 14,3125 -84 0 0 0
398999,7 335 0,5428639 14,625 -84 0 0 0
386998,4 291 0 9,125 -86 0 0 0
386998,7 291 0 11 -86 0 0 0
386998,7 290 0 11 -86 0 0 0
391999,1 288 0 17,8125 -81 0 0 0
391999,4 287 0 44,0625 -81 0 0 0
391999,3 287 0 24,25 -81 0 0 0
396999 162 0 1 -88 0 0 0
396999 284 0 1 -87 0 0 0
403225,3 197 0 1 -87 0 0 0
385999,1 293 0 11,75 -88 0 0 0
385999,1 296 0 13,75 -87 0 0 0
385999,2 55 0 11,4375 -88 0 0 0
390998,7 55 0 1 -85 0 0 0
390998,8 55 0 1 -85 0 0 0
390998,8 55 0 1 -85 0 0 0
395999,5 296 0 17,125 -78 0 0 0
403227,6 198 0 18,75 -83 0 0 0
392000,4 289 0,536163 1 -89 0 0 0
392999,2 290 0,5365978 13,8125 -79 0 0 0
392999,2 290 0 14,125 -80 0 0 0
397999,4 291 0 23,8125 -81 0 0 0
397999,8 55 0 5,25 -83 0 0 0
385998,8 293 0 11,4375 -89 0 0 0
385998,7 294 0 8,375 -87 0 0 0
386999 292 0 15,25 -89 0 0 0
390998,6 55 0 10,375 -85 0 0 0
390998,8 56 0 1 -85 0 0 0
391999,3 284 0 22,875 -88 0 0 0
405015,4 33 0,6740878 4,6875 -86 0 0 0
386998,7 60 0 12,4375 -87 0 0 0
390998,9 56 0 11,5 -86 0 0 0
390999 55 0 19,0625 -89 0 0 0
391999,3 289 0 34,3125 -85 0 0 0
391999,3 286 0 22,875 -82 0 0 0
391999,2 287 0 21,5625 -83 0 0 0
395999,2 292 0 15,9375 -87 0 0 0
395998,7 297 0 17,3125 -83 0 0 0
395999,6 296 0 20,1875 -81 0 0 0
396999,1 162 0 1 -88 0 0 0
396999,1 285 0 1 -89 0 0 0
392999,2 290 0 16 -81 0 0 0
393999 101 0 21,375 -81 0 0 0
397999,4 55 0 13,4375 -85 0 0 0
397999,8 56 0 6,625 -84 0 0 0
398999,3 162 0 14,25 -87 0 0 0
389998,7 285 0 10,125 -86 0 0 0
389998,8 287 0 11 -86 0 0 0
394999,3 286 0 37,75 -74 0 0 0
394999,5 287 0 68,4375 -74 0 0 0
394999,3 287 0 14,6875 -75 0 0 0
395999,2 298 0 15,9375 -87 0 0 0
405015,2 23 0,6948341 19,375 -86 0 0 0
386998,5 293 0 12,6875 -89 0 0 0
386999 289 0 12,1875 -86 0 0 0
391999,3 286 0,552074 24,1875 -81 0 0 0
391999,6 288 0 6,625 -84 0 0 0
392999,2 291 0 20,375 -85 0 0 0
396999 341 0 1 -88 0 0 0
396998,8 283 0 1 -86 0 0 0
397999,8 102 0 6,625 -89 0 0 0
392999,2 291 0 16 -79 0 0 0
392998,8 58 0 13,75 -80 0 0 0
397999,6 290 0 43,3125 -81 0 0 0
397999,4 155 0 23,8125 -81 0 0 0
407024,7 106,7435 0,6341823 19,5625 -62 0,7435379 5,960464E-08 0
389999,1 287 0 10,6875 -87 0 0 0
393998,7 100 0 24,6875 -81 0 0 0
393998,9 100 0 19,125 -78 0 0 0
394999,4 162 0 16,375 -77 0 0 0
394999,7 289 0 19,75 -80 0 0 0
398999,8 285 0 16,9375 -86 0 0 0
398999,3 280 0 12,1875 -88 0 0 0
389999,5 287 0 13,875 -85 0 0 0
389998,2 285 0 10 -85 0 0 0
394999,5 286 0 15,1875 -74 0 0 0
394999,5 162 0 14,25 -74 0 0 0
385998,9 292 0 12,8125 -88 0 0 0
389999,1 282 0,5270728 15,25 -89 0 0 0
390998,6 60 0,5092341 12,5 -85 0 0 0
390999 44 0 12,6875 -86 0 0 0
394999,3 288 0 22,375 -81 0 0 0
395999,6 295 0 22,5 -79 0 0 0
389999,4 286 0 9,625 -87 0 0 0
389999,1 287 0 12,1875 -86 0 0 0
390999,6 60 0,5083857 14 -87 0 0 0
394999,3 286 0 21,875 -79 0 0 0
394999,7 287 0 18,5 -77 0 0 0
394999,7 286 0 15,875 -75 0 0 0
395999,2 296 0 22,0625 -80 0 0 0
396000,8 294 0 16,25 -84 0 0 0
396000,8 295 0 9,6875 -88 0 0 0
405015,1 24 0,664251 6,25 -88 0 0 0
405014,7 127 0 10,6875 -87 0 0 0
388999,2 296 0 11,4375 -88 0 0 0
388998,7 295 0 11,375 -87 0 0 0
388999,1 301 0,5657771 9,8125 -89 0 0 0
393998,8 101 0 14,5625 -74 0 0 0
393999,1 58 0 20,1875 -74 0 0 0
398999,6 333 0,5108598 13,375 -82 0 0 0
398999,3 106 0 13,375 -83 0 0 0
409062,8 219 0 18,3125 -89 0 0 0
388998,8 99 0 11,4375 -89 0 0 0
388998,8 295 0 10,6875 -87 0 0 0
393999 58 0 18,9375 -78 0 0 0
393999 58 0 21 -76 0 0 0
393999,1 58 0 20,9375 -74 0 0 0
394999,3 162 0 23,8125 -79 0 0 0
394999,7 162 0 24,4375 -83 0 0 0
395000,2 162 0 19,3125 -87 0 0 0
399000,4 342 0 33,5625 -85 0 0 0
398999,7 334 0 16,625 -83 0 0 0
386999 60 0 10,6875 -87 0 0 0
387000,2 56 0 19,0625 -89 0 0 0
390998,6 55 0 18,3125 -88 0 0 0
390998,9 292 0 12,625 -85 0 0 0
391999,1 288 0 14,625 -84 0 0 0
391999,3 286 0,5064116 14,5 -86 0 0 0
395999,6 297 0 21,6875 -79 0 0 0
395999,2 294 0 17,0625 -85 0 0 0
395999,2 297 0,5102426 17,3125 -81 0 0 0
396999,3 159 0 10,25 -86 0 0 0
396999,2 286 0 20,375 -89 0 0 0
386998,7 59 0 11,3125 -86 0 0 0
386999 57 0 12,125 -86 0 0 0
391999 288 0 23,75 -82 0 0 0
391999,3 286 0 14,1875 -84 0 0 0
392999,7 289 0 24,75 -83 0 0 0
392999,2 287 0,5236835 18,3125 -87 0 0 0
396999 162 0 1 -88 0 0 0
396999 330 0 10,3125 -86 0 0 0
397999,8 291 0 15,25 -86 0 0 0
388999,2 293 0 11,4375 -88 0 0 0
388999,1 293 0 15,6875 -86 0 0 0
388998,8 294 0 12,1875 -86 0 0 0
393999,1 99 0 16,375 -74 0 0 0
394998,7 287 0 25,4375 -87 0 0 0
398999,3 333 0 13,8125 -82 0 0 0
398999,6 334 0 13,625 -82 0 0 0
389998,3 285 0 9,6875 -84 0 0 0
389998,7 285 0 11,4375 -85 0 0 0
389999,1 284 0 13,375 -86 0 0 0
393998,2 294 0 20 -86 0 0 0
393999 292 0,559147 20 -81 0 0 0
394999,5 286 0 14,5625 -74 0 0 0
394999,5 286 0 15,875 -74 0 0 0
394999,4 286 0 16,9375 -75 0 0 0
391998,1 284 0 16,25 -87 0 0 0
391999,1 287 0,53149 14,0625 -85 0 0 0
392999,2 292 0 18,0625 -80 0 0 0
392999,2 289 0 26,9375 -83 0 0 0
396999,5 341 0 10,9375 -87 0 0 0
397999,5 289 0 45,75 -81 0 0 0
397999,4 290 0 38,9375 -83 0 0 0
397999,3 290 0 13,625 -86 0 0 0
385999 293 0 14,25 -87 0 0 0
389999,1 287 0 10,1875 -89 0 0 0
390998,8 55 0 11,5625 -84 0 0 0
390998,8 294 0 11,6875 -85 0 0 0
394999,2 59 0 24,4375 -81 0 0 0
396000 296 0 30,125 -79 0 0 0
386998,7 289 0 10,875 -86 0 0 0
386999 286 0 11,1875 -85 0 0 0
391999,6 282,5387 0,5541152 13,8125 -84 0,5386963 0 0
392998,7 287 0 16,8125 -83 0 0 0
396999,1 284 0 10,6875 -88 0 0 0
396999,1 105 0 1 -88 0 0 0
397999,8 103 0 14,0625 -86 0 0 0
392999,2 291 0 20,75 -82 0 0 0
393999,2 290 0 20,4375 -80 0 0 0
397999,8 289 0 13,5 -86 0 0 0
397999,8 291 0 14,25 -84 0 0 0
399000 104 0 18,3125 -86 0 0 0
398999,8 162 0 15,25 -88 0 0 0
385999 295 0 12,1875 -88 0 0 0
385999,3 295 0 24,9375 -87 0 0 0
390998,8 292 0 12,5 -85 0 0 0
390998,8 55 0 10,875 -83 0 0 0
391999,6 288 0 6,875 -87 0 0 0
395999,2 294 0 22,375 -79 0 0 0
395999,2 296 0 21,8125 -78 0 0 0
389998,5 288 0 8,875 -86 0 0 0
389998,8 162 0 11 -86 0 0 0
389998,8 287 0 11 -86 0 0 0
390998,2 297 0 13 -89 0 0 0
394999,2 286 0 17,9375 -75 0 0 0
394999,3 286 0 14,1875 -75 0 0 0
395999,2 295 0,5023909 15,6875 -86 0 0 0
395998,5 292 0 22,875 -89 0 0 0
405015,2 30 0,5829986 8,875 -87 0 0 0
407025,4 76 0,6215394 20,875 -50 0 0 0
386997,8 289 0 1 -89 0 0 0
390999,1 57 0 1 -89 0 0 0
390998,9 292 0 11 -86 0 0 0
391999,3 286 0 35,75 -84 0 0 0
391999,1 285 0 30 -86 0 0 0
391999,4 287 0 41,1875 -82 0 0 0
395999,2 297 0,5340464 19,4375 -85 0 0 0
395999,2 295 0 19,1875 -82 0 0 0
396999 337 0 1 -88 0 0 0
396999,2 334 0 1 -89 0 0 0
392998,7 59 0 14,875 -85 0 0 0
393999 59 0 14,3125 -75 0 0 0
393999,1 295 0 18,25 -76 0 0 0
397999,4 344 0 26,6875 -87 0 0 0
398999,6 334 0 12,75 -83 0 0 0
398999,9 162 0 14,625 -85 0 0 0
405014,7 29 0 4,75 -87 0 0 0
405015,1 33 0,7511638 5,25 -89 0 0 0
388999,3 291 0 17,4375 -89 0 0 0
388999,4 294 0 16,8125 -89 0 0 0
393999 290 0 13,5 -75 0 0 0
393999 58 0 12,5625 -75 0 0 0
393999 58 0 12,75 -75 0 0 0
394999,7 286 0 16,5625 -85 0 0 0
398999,9 335 0 14,375 -84 0 0 0
398999,9 331 0 14,3125 -84 0 0 0
385999 55 0 9,8125 -87 0 0 0
385998,9 293 0 12,8125 -88 0 0 0
390998,8 55 0 1 -85 0 0 0
390998,7 55 0 1 -85 0 0 0
394999,2 289 0 18,3125 -88 0 0 0
395999,5 295 0 17,375 -78 0 0 0
395999,5 298 0,5038082 17,25 -78 0 0 0
403224,1 91 0 10,125 -82 0 0 0
403225,2 203 0,5208315 1 -89 0 0 0
405015,3 30 0,750027 6,3125 -86 0 0 0
386998,7 57 0 10,6875 -88 0 0 0
386999 294 0 10,6875 -87 0 0 0
391999,3 290 0 32,4375 -85 0 0 0
391999,2 286 0 21,5625 -83 0 0 0
391999,3 287 0 22,875 -82 0 0 0
392998,8 291 0 15,25 -82 0 0 0
392997,6 59 0 30,9375 -86 0 0 0
392999,2 62 0 14,25 -87 0 0 0
396999,1 162 0 1 -89 0 0 0
396998,9 162 0 1 -87 0 0 0
396999,6 162 0 9,75 -88 0 0 0
397999,8 342 0 6,4375 -86 0 0 0
398000,3 103 0 1 -89 0 0 0
405015,1 23 0 5,9375 -86 0 0 0
386998,5 290 0 8,75 -85 0 0 0
386998,7 292 0,5519948 9,625 -85 0 0 0
391999,3 287 0 24,25 -81 0 0 0
391999,3 287 0 24,25 -81 0 0 0
391999,3 286 0 24,25 -81 0 0 0
396000 299 0,5202082 26,625 -87 0 0 0
396998,8 285 0 1 -86 0 0 0
396998,9 162 0 1 -87 0 0 0
396998,8 282 0 1 -87 0 0 0
403224,9 93 0 1 -86 0 0 0
388999,2 296 0,5126638 9,5625 -89 0 0 0
389999,1 286 0 9,125 -88 0 0 0
393999 58 0 19,5625 -79 0 0 0
393999,1 100 0 17,0625 -77 0 0 0
393999 58 0 14,625 -75 0 0 0
394999,4 286 0 18,3125 -79 0 0 0
394999,3 287 0 19,8125 -81 0 0 0
394998,9 162 0 21,875 -85 0 0 0
398998,7 333 0 11,375 -87 0 0 0
403224,8 198 0 1 -85 0 0 0
405015,1 32 0,7570807 5,9375 -85 0 0 0
407076,9 188 0 1 -89 0 0 0
389998,7 288 0 10,4375 -86 0 0 0
389999,1 284 0 11 -85 0 0 0
389999,1 288 0 9,75 -86 0 0 0
393997,6 56 0 1 -89 0 0 0
394999,5 60 0 68,3125 -74 0 0 0
403225,8 198 0 7,9375 -82 0 0 0
407075,4 194 0 7,375 -83 0 0 0
407075,2 189 0 7,4375 -84 0 0 0
389998,8 285 0 11 -86 0 0 0
389998,8 162 0 9,625 -87 0 0 0
393998,7 290 0 33,5625 -86 0 0 0
393999,2 289 0 23,625 -82 0 0 0
394999,5 287 0 14,9375 -75 0 0 0
394999,5 287 0 16 -77 0 0 0
398999,3 281 0 15,25 -89 0 0 0
403225 198 0,5193976 1 -83 0 0 0
403224,7 91 0 3,25 -84 0 0 0
407076,2 306 0 29,1875 -85 0 0 0
385999,2 291 0,5020652 19,0625 -89 0 0 0
385998,8 293 0 10,6875 -87 0 0 0
390998,8 294 0 12,0625 -83 0 0 0
390999 56 0 10,1875 -82 0 0 0
395999,6 296 0 22,0625 -79 0 0 0
395999,6 294 0 22,125 -78 0 0 0
395999,2 296 0 17,8125 -77 0 0 0
403225,2 199 0 18,625 -82 0 0 0
388998,9 292 0 12,8125 -88 0 0 0
388999,1 291 0 13,75 -87 0 0 0
393999,1 101 0 17,9375 -75 0 0 0
393999,1 58 0 15,6875 -74 0 0 0
393998,8 58 0 14,5625 -74 0 0 0
395000,1 155 0 19,0625 -85 0 0 0
398999,9 335 0 16,6875 -82 0 0 0
398999,6 334 0 13,4375 -82 0 0 0
403227,4 198 0 14,8125 -82 0 0 0
405015,4 18 0 7,3125 -86 0 0 0
389998,8 162 0 9,5 -85 0 0 0
389999,5 160 0 14,25 -86 0 0 0
394999,2 286 0 17 -75 0 0 0
394999,5 286 0 15 -74 0 0 0
395998,2 297 0 15,4375 -86 0 0 0
385999 291 0 8,375 -88 0 0 0
390998,6 292 0 12,5 -85 0 0 0
390998,8 294 0 1 -85 0 0 0
390998,8 293 0 1 -85 0 0 0
391999,6 287 0 15,5 -87 0 0 0
396000,3 295 0 49,5 -80 0 0 0
395999,8 295 0 20,5 -79 0 0 0
407025 105,5052 0,6459048 14,75 -61 0,5051575 0 0
386998,4 100 0 9,875 -85 0 0 0
386998,7 289 0 11 -86 0 0 0
386998,7 287 0 11 -86 0 0 0
391999,4 287 0 44,0625 -81 0 0 0
391999,3 285 0 24,25 -81 0 0 0
396998,9 162 0 1 -87 0 0 0
396998,8 282 0 1 -86 0 0 0
405014,7 18 0,5340889 5,4375 -86 0 0 0
385999,2 294 0 13,375 -87 0 0 0
385999,2 291 0 11,4375 -88 0 0 0
385999 295 0 10,1875 -89 0 0 0
390998,7 55 0 1 -84 0 0 0
390998,7 293 0 1 -85 0 0 0
390998,8 60 0 1 -86 0 0 0
394999,7 60 0 18,625 -81 0 0 0
395999,5 297 0 17,25 -78 0 0 0
395998,8 296 0 17,0625 -80 0 0 0
392999,2 291 0 21,8125 -84 0 0 0
392999,2 280 0,5627851 15 -80 0 0 0
393999 101 0 22,3125 -79 0 0 0
393999 290 0 22,125 -81 0 0 0
397999,8 55 0 7 -85 0 0 0
397999,6 55 0 37,75 -83 0 0 0
398999,3 110 0 14,25 -87 0 0 0
405015,3 33 0,7381986 6,3125 -86 0 0 0
385998,9 297 0 12,8125 -88 0 0 0
390998,7 55 0 1 -84 0 0 0
395999,8 296 0 20,375 -80 0 0 0
395999,6 296 0 20,4375 -79 0 0 0
395999,2 295 0 17,1875 -78 0 0 0
386998,8 291 0 10,0625 -85 0 0 0
386999 288 0 9,75 -86 0 0 0
390999,6 290 0,5616369 12,6875 -89 0 0 0
391999,4 286 0 38,3125 -83 0 0 0
391999,4 287 0 41,1875 -82 0 0 0
395998,5 296 0 21,75 -84 0 0 0
395999,7 306 0 15,25 -88 0 0 0
396998,8 282 0 1 -87 0 0 0
396998,9 283 0 1 -88 0 0 0
386999 61 0 12,1875 -86 0 0 0
386998,4 56 0 11,375 -87 0 0 0
386998,4 288 0 9,75 -88 0 0 0
390998,8 292 0 1 -87 0 0 0
391999,3 285 0 32,6875 -85 0 0 0
391999,3 285 0 22,375 -82 0 0 0
395999,2 96 0 14,25 -86 0 0 0
396000 296 0 37,0625 -84 0 0 0
396998,9 162 0 1 -87 0 0 0
396999,1 162 0 1 -89 0 0 0
388999,1 101 0 11,75 -88 0 0 0
388999,1 291 0 9,8125 -89 0 0 0
392999,9 293 0 30,5 -86 0 0 0
393999 100 0 13,5 -75 0 0 0
393998,9 59 0 17,8125 -77 0 0 0
399000 107 0 15,25 -84 0 0 0
389998,6 287 0 8,5625 -85 0 0 0
389999,4 162 0 11 -86 0 0 0
393998,7 289 0 20,875 -86 0 0 0
394999,5 287 0 66,5625 -75 0 0 0
394999,5 287 0 14,0625 -75 0 0 0
386998,7 296 0 10,6875 -88 0 0 0
391999,1 291 0,5059704 20,375 -89 0 0 0
391999,6 284 0 7,625 -86 0 0 0
392999,2 150 0 14,125 -80 0 0 0
392999,5 150 0 18,3125 -82 0 0 0
396999,1 342 0 19,0625 -89 0 0 0
397999,6 290 0 40,6875 -82 0 0 0
397999,5 290 0 32,0625 -85 0 0 0
392999,2 57 0 14,625 -80 0 0 0
392999,5 57 0 15,5625 -80 0 0 0
392999,2 57 0 14,25 -79 0 0 0
393998,7 289 0 26,4375 -83 0 0 0
393999 290 0 16,25 -86 0 0 0
397999,6 290 0 37,75 -83 0 0 0
397999,6 291 0 40,6875 -82 0 0 0
388999,3 292 0 20,9375 -88 0 0 0
392999,2 293 0 15,25 -89 0 0 0
393999 59 0 14 -75 0 0 0
398999,3 342 0 12,0625 -84 0 0 0
398999,6 331 0 12,375 -85 0 0 0
385999 296 0 9,5 -87 0 0 0
385998,9 55 0 10,1875 -87 0 0 0
385999 55 0 10,1875 -89 0 0 0
390998,7 55 0 1 -84 0 0 0
390998,7 56 0 1 -84 0 0 0
394999,7 162 0 16,8125 -86 0 0 0
395999,2 294 0 15,375 -77 0 0 0
395999,5 295 0 17,125 -78 0 0 0
386998,8 56 0 8,9375 -86 0 0 0
386998,5 57 0 12,6875 -89 0 0 0
390998,6 293 0 4,1875 -87 0 0 0
391999,2 286 0 22,875 -82 0 0 0
391999,3 58 0 32,9375 -85 0 0 0
395999,2 297 0,5271915 23,1875 -84 0 0 0
395999,6 296 0 19,6875 -81 0 0 0
396000 97 0 18,3125 -86 0 0 0
396999 282 0 1 -87 0 0 0
