381000,8 293 0 48 -80 0 0 0
381000,7 293 0 28,0625 -79 0 0 0
382000,6 296 0 18,3125 -88 0 0 0
381999,8 294 0 20,25 -85 0 0 0
382000,6 295 0 14,25 -87 0 0 0
383000,2 293 0 1 -83 0 0 0
383000,2 290 0 1 -84 0 0 0
383000,3 288 0 11,6875 -85 0 0 0
382000,1 294 0 12,4375 -79 0 0 0
381999,8 294 0 12,4375 -79 0 0 0
384000,9 294 0 34,875 -84 0 0 0
384000,7 292 0 19,625 -84 0 0 0
382000,1 296 0 15,25 -87 0 0 0
383000,2 289 0 1 -83 0 0 0
383000,2 290 0 1 -84 0 0 0
381999,5 294 0 16,6875 -84 0 0 0
382000,2 295 0 15,625 -82 0 0 0
383000,1 292 0 12 -85 0 0 0
383000,4 244 0 16,25 -86 0 0 0
380000 297 0 9,125 -84 0 0 0
380000 296 0 8,125 -81 0 0 0
381000,4 292 0 26,375 -81 0 0 0
381000,5 292 0 14,625 -84 0 0 0
383000,1 292 0 12 -86 0 0 0
383000,2 291 0 1 -85 0 0 0
383000,2 289 0 1 -84 0 0 0
384000,6 292 0 20,375 -89 0 0 0
383000,1 288 0 13,75 -89 0 0 0
384000,7 294 0 19,625 -84 0 0 0
384000,7 293 0 17,6875 -85 0 0 0
380000 298 0 9,9375 -83 0 0 0
380000,2 294 0 48,8125 -80 0 0 0
380000 296 0 6,875 -80 0 0 0
381000,3 294 0 34,0625 -85 0 0 0
381000,7 294 0 14,25 -83 0 0 0
381000,5 295 0 24,4375 -88 0 0 0
380001 300 0 12,6875 -89 0 0 0
381000,5 293 0 21,75 -78 0 0 0
381000,6 293 0 28,1875 -79 0 0 0
380000,2 297 0 51,5 -79 0 0 0
380000 297 0 6,125 -79 0 0 0
381000,4 292 0 14,9375 -87 0 0 0
380000 295 0 9,125 -84 0 0 0
380000,3 296 0 46,3125 -81 0 0 0
381000,5 293 0 27,125 -80 0 0 0
381000,4 142 0 26,375 -81 0 0 0
381000,5 292 0 37,125 -84 0 0 0
380000,5 296 0 36,625 -85 0 0 0
380000 295 0 8,125 -81 0 0 0
381000,6 144 0 26,8125 -80 0 0 0
381001 19 0 13,75 -85 0 0 0
382000,3 295 0 14,4375 -79 0 0 0
381999,8 293 0 12,25 -79 0 0 0
383000,6 287 0 20,375 -89 0 0 0
384000,9 293 0 34,875 -84 0 0 0
384000,6 293 0 18,3125 -85 0 0 0
381000,6 293 0 28,1875 -79 0 0 0
381000,6 294 0 26,5625 -80 0 0 0
380000,2 296 0 50,875 -79 0 0 0
380000 297 0 6,875 -80 0 0 0
381000,7 145 0 42,75 -82 0 0 0
381000,6 293 0 26,5625 -80 0 0 0
382000,6 18 0 21,8125 -84 0 0 0
381999 293 0 16,8125 -87 0 0 0
383000,4 280 0 12,0625 -87 0 0 0
383000,3 291 0 11,6875 -85 0 0 0
384000,3 293 0 12,1875 -86 0 0 0
384000,6 296 0 24,4375 -88 0 0 0
380000 296 0 7,625 -82 0 0 0
380000,4 298 0 38,125 -84 0 0 0
380000 293 0 8,625 -87 0 0 0
384000,6 294 0 18,3125 -85 0 0 0
384000,8 291 0 32,0625 -85 0 0 0
381999,8 294 0 18,8125 -86 0 0 0
381999,8 295 0 22,875 -84 0 0 0
383000,3 293 0 10,875 -83 0 0 0
383000,3 292 0 11,125 -85 0 0 0
382000,6 293 0 29 -87 0 0 0
383000,4 290 0 1 -84 0 0 0
383000,5 290 0 11,75 -83 0 0 0
380000,4 294 0 38,125 -84 0 0 0
384000,8 291 0 28,5 -86 0 0 0
384000,7 294 0 19,625 -84 0 0 0
384000,9 294 0 34,3125 -84 0 0 0
381000,8 293 0 51,25 -79 0 0 0
381000,8 293 0 51,875 -79 0 0 0
381000,8 291 0 50,875 -79 0 0 0
381000,3 145 0 11,4375 -89 0 0 0
382000,3 294 0 14,625 -79 0 0 0
382000,3 294 0 14,3125 -79 0 0 0
382000,1 293 0 12,25 -79 0 0 0
382000,1 294 0 12,5625 -79 0 0 0
382000,1 294 0 12,6875 -79 0 0 0
382000,3 294 0 13,875 -79 0 0 0
382000,1 295 0 12,75 -79 0 0 0
383000,2 293 0 1 -83 0 0 0
383000,1 291 0 4,3125 -83 0 0 0
383000,4 287 0 1 -88 0 0 0
383000,1 342 0 12,8125 -86 0 0 0
383000,3 292 0 11,1875 -84 0 0 0
384000,8 294 0 28,5 -86 0 0 0
384000,6 292 0 24,4375 -88 0 0 0
381000,7 293 0 27,75 -79 0 0 0
381000,6 294 0 28,625 -79 0 0 0
382000,6 292 0 18,3125 -88 0 0 0
381001,5 12 0 9,8125 -89 1 0 0
382000,3 293 0 14 -79 0 0 0
382000,3 295 0 14,1875 -79 0 0 0
380000,4 296 0 41,9375 -83 0 0 0
380000 296 0 7,1875 -81 0 0 0
380000,2 295 0 51,5 -79 0 0 0
381000,4 292 0 24,0625 -82 0 0 0
381001 294 0 13,75 -85 0 0 0
381000,3 290 0,5050601 16 -87 0 0 0
383000,2 291 0 1 -83 0 0 0
383000,3 291 0 12,0625 -84 0 0 0
383000,3 292 0 10,25 -81 0 0 0
383001 291 0 11,75 -86 0 0 0
383000,1 289 0 10,625 -86 0 0 0
384000,7 294 0 19,0625 -84 0 0 0
384000,6 290 0 18,3125 -85 0 0 0
384000,7 293 0 22,875 -88 0 0 0
381000,4 293 0 24,9375 -82 0 0 0
380999,5 145 0 14,25 -87 0 0 0
382000,1 293 0 13,0625 -79 0 0 0
382000,6 294 0 16,875 -81 0 0 0
380000,2 294 0 45,3125 -81 0 0 0
380000 293 0 8,625 -87 0 0 0
384000,7 291 0 26,6875 -87 0 0 0
384000,8 293 0 32,0625 -85 0 0 0
384000,8 293 0 32,0625 -85 0 0 0
380000 297 0 8,375 -85 0 0 0
380000 296 0 9,9375 -83 0 0 0
381000,6 293 0 27,0625 -80 0 0 0
381000,3 292 0 23,8125 -82 0 0 0
381000,8 293 0 48,25 -80 0 0 0
381001 294 0 14,25 -85 0 0 0
382000,2 295 0 16,375 -81 0 0 0
382000,2 294 0 12,1875 -86 0 0 0
381000,5 19 0 32,8125 -85 0 0 0
381000,7 292 0 39,25 -83 0 0 0
381000,5 292 0 27,125 -80 0 0 0
382000,6 293 0 19,6875 -81 0 0 0
382001,1 294 0 23,3125 -83 0 0 0
381999,8 292 0 18,3125 -86 0 0 0
383000,2 291 0 1 -83 0 0 0
383000,2 290 0 1 -83 0 0 0
383000,1 292 0 4,875 -83 0 0 0
381999,9 295 0 14,1875 -80 0 0 0
380000 296 0 6,625 -79 0 0 0
380000,2 296 0 50,375 -79 0 0 0
380000 297 0 6,875 -80 0 0 0
382000,1 293 0 12,375 -79 0 0 0
382000,3 295 0 12,9375 -78 0 0 0
380000 296 0 8,125 -81 0 0 0
380000 295 0 9,9375 -83 0 0 0
384000,3 294 0 13,75 -88 0 0 0
384000,5 293 0 19,25 -85 0 0 0
380000,3 296 0 46,3125 -81 0 0 0
380000 296 0 7,625 -80 0 0 0
381001 292 0 7,625 -84 0 0 0
381000,4 292 0 19,25 -85 0 0 0
403226,1 91 0 8,375 -81 0 0 0
407025,5 74,501 0,6285802 21,1875 -50 0,5009995 0 0
388999,2 294 0 9,5625 -89 0 0 0
388998,8 295 0 9,125 -88 0 0 0
388998,9 292 0 10,6875 -89 0 0 0
393999 58 0 14 -75 0 0 0
398999,9 342 0 14,3125 -84 0 0 0
398999,7 335 0,5428639 14,625 -84 0 0 0
386998,4 291 0 9,125 -86 0 0 0
386998,7 291 0 11 -86 0 0 0
386998,7 290 0 11 -86 0 0 0
391999,1 288 0 17,8125 -81 0 0 0
391999,4 287 0 44,0625 -81 0 0 0
391999,3 287 0 24,25 -81 0 0 0
396999 162 0 1 -88 0 0 0
396999 284 0 1 -87 0 0 0
403225,3 197 0 1 -87 0 0 0
385999,1 293 0 11,75 -88 0 0 0
385999,1 296 0 13,75 -87 0 0 0
385999,2 55 0 11,4375 -88 0 0 0
390998,7 55 0 1 -85 0 0 0
390998,8 55 0 1 -85 0 0 0
390998,8 55 0 1 -85 0 0 0
395999,5 296 0 17,125 -78 0 0 0
403227,6 198 0 18,75 -83 0 0 0
392000,4 289 0,536163 1 -89 0 0 0
392999,2 290 0,5365978 13,8125 -79 0 0 0
392999,2 290 0 14,125 -80 0 0 0
397999,4 291 0 23,8125 -81 0 0 0
397999,8 55 0 5,25 -83 0 0 0
385998,8 293 0 11,4375 -89 0 0 0
385998,7 294 0 8,375 -87 0 0 0
386999 292 0 15,25 -89 0 0 0
390998,6 55 0 10,375 -85 0 0 0
390998,8 56 0 1 -85 0 0 0
391999,3 284 0 22,875 -88 0 0 0
405015,4 33 0,6740878 4,6875 -86 0 0 0
386998,7 60 0 12,4375 -87 0 0 0
390998,9 56 0 11,5 -86 0 0 0
390999 55 0 19,0625 -89 0 0 0
391999,3 289 0 34,3125 -85 0 0 0
391999,3 286 0 22,875 -82 0 0 0
391999,2 287 0 21,5625 -83 0 0 0
395999,2 292 0 15,9375 -87 0 0 0
395998,7 297 0 17,3125 -83 0 0 0
395999,6 296 0 20,1875 -81 0 0 0
396999,1 162 0 1 -88 0 0 0
396999,1 285 0 1 -89 0 0 0
392999,2 290 0 16 -81 0 0 0
393999 101 0 21,375 -81 0 0 0
397999,4 55 0 13,4375 -85 0 0 0
397999,8 56 0 6,625 -84 0 0 0
398999,3 162 0 14,25 -87 0 0 0
389998,7 285 0 10,125 -86 0 0 0
389998,8 287 0 11 -86 0 0 0
394999,3 286 0 37,75 -74 0 0 0
394999,5 287 0 68,4375 -74 0 0 0
394999,3 287 0 14,6875 -75 0 0 0
395999,2 298 0 15,9375 -87 0 0 0
405015,2 23 0,6948341 19,375 -86 0 0 0
386998,5 293 0 12,6875 -89 0 0 0
386999 289 0 12,1875 -86 0 0 0
391999,3 286 0,552074 24,1875 -81 0 0 0
391999,6 288 0 6,625 -84 0 0 0
392999,2 291 0 20,375 -85 0 0 0
396999 341 0 1 -88 0 0 0
396998,8 283 0 1 -86 0 0 0
397999,8 102 0 6,625 -89 0 0 0
392999,2 291 0 16 -79 0 0 0
392998,8 58 0 13,75 -80 0 0 0
397999,6 290 0 43,3125 -81 0 0 0
397999,4 155 0 23,8125 -81 0 0 0
407024,7 106,7435 0,6341823 19,5625 -62 0,7435379 5,960464E-08 0
386998,4 292 0 9,75 -88 0 0 0
391999,1 287 0 21,75 -83 0 0 0
391999,1 288 0,5254048 14,25 -89 0 0 0
391999,6 286 0 7,625 -86 0 0 0
392998,8 292 0 14,625 -80 0 0 0
392999,5 291 0 19,3125 -82 0 0 0
392998,7 287 0 15,25 -85 0 0 0
396999,2 282 0 20,375 -89 0 0 0
397999,4 290 0 13,4375 -85 0 0 0
392999,2 289 0 14,375 -80 0 0 0
392999,2 288 0,5098745 14,375 -79 0 0 0
392999,2 290 0 14,25 -79 0 0 0
393998,7 103 0 25,9375 -83 0 0 0
393998,7 58 0 29,75 -87 0 0 0
397999,5 292 0 38,125 -83 0 0 0
405015,6 29 0,7823834 6,75 -86 1 0 0
388999,1 292 0,5020698 11,75 -88 0 0 0
393999 59 0 19,5625 -81 0 0 0
393998,9 290 0 17,4375 -77 0 0 0
394999,2 286 0 29,75 -82 0 0 0
394999,4 162 0 17,875 -77 0 0 0
398999,8 332 0,5948077 17,4375 -86 0 0 0
399000 107 0,6670762 18,5 -85 0 0 0
399000,2 342 0 19,5 -84 0 0 0
389998,6 284 0 12,6875 -89 0 0 0
390998,8 57 0 10,3125 -85 0 0 0
390998,8 295 0 11,125 -85 0 0 0
390999,3 295 0 1 -89 0 0 0
394999,7 289 0 17,875 -78 0 0 0
395999,2 297 0 21,8125 -84 0 0 0
389998,6 285 0 8,5625 -85 0 0 0
389998,3 286 0 11 -86 0 0 0
393998,7 288 0 18,3125 -88 0 0 0
393998,7 291 0 26,6875 -84 0 0 0
394999,4 286 0 37,9375 -74 0 0 0
394999,5 287 0 64,75 -75 0 0 0
394999,3 286 0 15,5 -75 0 0 0
385998,9 55 0 10,6875 -89 0 0 0
385998,9 295 0 10,1875 -87 0 0 0
390998,7 294 0 1 -85 0 0 0
390998,7 57 0 1 -84 0 0 0
395999,8 297 0 20,6875 -79 0 0 0
395999,8 295 0 21,4375 -78 0 0 0
395999,6 295 0 21,5 -78 0 0 0
392999,2 290 0,5418017 15,75 -80 0 0 0
392998,8 292 0 13,75 -79 0 0 0
393999,2 292 0 17,8125 -85 0 0 0
397999,5 156 0 38,5 -83 0 0 0
397999,6 55 0 41,1875 -82 0 0 0
389998,7 270 0 10,3125 -86 0 0 0
389998,8 286 0 11 -86 0 0 0
389998,8 285 0 10,0625 -85 0 0 0
394999,4 263,2145 0,9029797 36 -75 0,2144775 0 0
394999,4 162 0 37,9375 -74 0 0 0
394999,5 162 0 15,25 -76 0 0 0
396000 299 0 33,5625 -86 0 0 0
399998,4 271 0,8591033 3,25 -89 0 0 0
385998,8 295 0 11,4375 -89 0 0 0
386999 60 0 10,6875 -87 0 0 0
386999 100 0 10,1875 -89 0 0 0
390998,2 55 0 19,0625 -89 0 0 0
390998,9 294 0 11,5 -86 0 0 0
391999,1 288 0 22 -83 0 0 0
391999,6 291 0 12,8125 -86 0 0 0
396000 295 0 36,625 -84 0 0 0
395998,9 98 0 15,4375 -80 0 0 0
396999,5 288 0 10,9375 -87 0 0 0
396999,8 162 0 12,6875 -89 0 0 0
392999,2 291 0 14,25 -79 0 0 0
392999,2 60 0 14,375 -79 0 0 0
397999,5 55 0 35,625 -84 0 0 0
389999,5 288 0 10,6875 -88 0 0 0
390998,6 47 0 11 -86 0 0 0
390998,6 296 0 10,6875 -88 0 0 0
394999,4 286 0 19 -79 0 0 0
394999,4 162 0 16,375 -77 0 0 0
395999,6 294 0 19,6875 -81 0 0 0
395999,2 295 0 22,375 -84 0 0 0
385999,2 294 0 11,4375 -88 0 0 0
385998,9 292 0 10,6875 -89 0 0 0
390998,7 294 0 1 -85 0 0 0
390998,6 57 0 10,6875 -85 0 0 0
394999,3 289 0 23,625 -82 0 0 0
394999,2 56 0 18,8125 -85 0 0 0
395999,2 296 0 16,375 -79 0 0 0
395999,6 296 0 20,6875 -80 0 0 0
386999 290 0 10,6875 -87 0 0 0
391999,3 290 0 33,0625 -85 0 0 0
391999,3 278 0,5204269 38,75 -83 0 0 0
392999,2 289 0 17,75 -83 0 0 0
392999,2 291 0 18,9375 -86 0 0 0
396999,1 106 0 9,8125 -88 0 0 0
397999,5 36 0 35,625 -84 0 0 0
397999,4 55 0 14,5 -86 0 0 0
389999,1 288 0 9,125 -88 0 0 0
390998,8 55 0 1 -85 0 0 0
390998,8 290 0,5033447 1 -88 0 0 0
394999,2 159 0 21,1875 -83 0 0 0
394999,4 287 0 17,4375 -78 0 0 0
395999,5 296 0 16,875 -79 0 0 0
395999,7 295 0 23,9375 -83 0 0 0
389998,7 287 0 10,6875 -86 0 0 0
389998,8 278 0 10,0625 -85 0 0 0
393998,7 99 0 32,6875 -86 0 0 0
393999 101 0 21,375 -81 0 0 0
394999,4 162 0 37,9375 -74 0 0 0
394999,3 286 0 14,375 -75 0 0 0
394999,4 162 0 17,6875 -77 0 0 0
389999,1 286 0 15,25 -89 0 0 0
393999 288 0 20,875 -81 0 0 0
393999 290 0 20,125 -79 0 0 0
393998,9 58 0 17,8125 -77 0 0 0
394999,7 287 0 30,5 -82 0 0 0
394999,4 286 0 16,375 -77 0 0 0
394999,4 286 0 19 -79 0 0 0
399000 334 0 18,5 -85 0 0 0
389998,8 288 0 11 -86 0 0 0
389998,8 285 0 10,0625 -85 0 0 0
394999,3 286 0 35,4375 -75 0 0 0
394999,5 287 0 67,125 -75 0 0 0
394999,4 289 0 15,75 -77 0 0 0
396000 297 0 33,5625 -85 0 0 0
392999,2 289 0 14,125 -79 0 0 0
392999,2 59 0 14 -79 0 0 0
392999,2 292 0 13,875 -79 0 0 0
393998,7 99 0 21,375 -86 0 0 0
397999,6 291 0 40,6875 -82 0 0 0
397999,6 55 0 43,3125 -81 0 0 0
397999,6 158 0 41,1875 -82 0 0 0
392999,2 292 0 14,25 -79 0 0 0
392999,4 291 0,5567903 13,9375 -79 0 0 0
397999,6 290 0 43,625 -81 0 0 0
397999,6 56 0 43,625 -81 0 0 0
397999,6 290 0 41,1875 -82 0 0 0
388998,9 292 0 8,75 -88 0 0 0
388998,9 291 0 8,75 -88 0 0 0
393999 59 0 12,375 -74 0 0 0
398999,9 332 0,5552061 14,5 -84 0 0 0
398999,8 342 0 12,625 -83 0 0 0
398999,7 330 0 14,4375 -84 0 0 0
386998,7 286 0 10,6875 -88 0 0 0
386998,7 57 0 11 -86 0 0 0
386998,7 292 0 11 -86 0 0 0
391999,3 284 0,5023768 24,8125 -81 0 0 0
391999,4 287 0 38,375 -83 0 0 0
391999,3 286 0 22,875 -82 0 0 0
392999,2 288 0 15,875 -85 0 0 0
396999,1 163 0 1 -88 0 0 0
396999 162 0 1 -87 0 0 0
397999,8 342 0 9,125 -89 0 0 0
389998,5 285 0 11,375 -87 0 0 0
390998,6 55 0 11,3125 -88 0 0 0
394999,4 287 0 17,5625 -79 0 0 0
394999,4 286 0 17,25 -77 0 0 0
394999,5 286 0 15,125 -76 0 0 0
395999,5 297 0 17,6875 -80 0 0 0
395999,2 298 0 22,375 -84 0 0 0
396000 296 0 28,25 -87 0 0 0
389999,1 162 0 15,25 -89 0 0 0
390998,6 294 0 10,375 -85 0 0 0
390998,9 55 0 11 -86 0 0 0
394999,2 286 0 20,375 -83 0 0 0
394999,3 286 0 19,125 -80 0 0 0
394999,4 286 0 17,9375 -78 0 0 0
395999,2 295 0 17,0625 -79 0 0 0
395999,6 296 0 20,1875 -81 0 0 0
395999,2 296 0 23,75 -83 0 0 0
405014,7 25 0,7557827 6,125 -88 0 0 0
385998,9 293 0 8,75 -88 0 0 0
389998,1 284 0 20,375 -89 0 0 0
390998,7 55 0 1 -85 0 0 0
390998,8 57 0 1 -86 0 0 0
390998,8 294 0 1 -87 0 0 0
394999,2 286 0 18,625 -83 0 0 0
394999,4 287 0 18,625 -80 0 0 0
394999,7 287 0 17,25 -78 0 0 0
395999,2 296 0 17,3125 -79 0 0 0
395999,2 295 0 19,6875 -81 0 0 0
395999,6 98 0 19,3125 -82 0 0 0
386998,7 288 0 8,875 -89 0 0 0
386998,7 60 0 9,625 -87 0 0 0
391999,3 287 0 26,6875 -87 0 0 0
391999,6 286 0 13,125 -85 0 0 0
391999,4 286 0 38,375 -83 0 0 0
392999,2 291 0 15,4375 -81 0 0 0
392999,2 292 0 21 -84 0 0 0
392998,7 289 0,5543937 14,25 -86 0 0 0
396998,9 282 0 1 -88 0 0 0
396999,3 280 0 12,8125 -88 0 0 0
397999,5 154 0 35,625 -84 0 0 0
397999,8 290 0 6,875 -87 0 0 0
398000,5 348 0 1 -89 0 0 0
389998,7 286 0 12,4375 -87 0 0 0
390998,6 294 0 14,4375 -87 0 0 0
390999,4 55 0 22,875 -89 0 0 0
394999,7 162 0 22,125 -79 0 0 0
394999,7 285 0 21,5 -81 0 0 0
395999,7 294 0,5135099 28,625 -80 0 0 0
395999,2 292 0 16,25 -82 0 0 0
386998,7 56 0 10,6875 -88 0 0 0
391999,6 280 0,5663618 14,625 -86 0 0 0
392998,8 287 0,5318416 16,8125 -81 0 0 0
397999,6 291 0 44,9375 -81 0 0 0
397999,8 156 0 13,75 -85 0 0 0
388998,9 294 0 12,8125 -88 0 0 0
392999,2 291 0,5002015 31 -86 90 0 0
393001,1 61 0,5207175 9,8125 -89 0 0 0
393999,2 58 0 20,625 -75 0 0 0
393999 101 0 23,625 -77 0 0 0
397999,8 154 0 14 -87 0 0 0
398999,9 330 0 15,625 -83 0 0 0
398999,7 284 0 15,25 -84 0 0 0
398999,8 333 0 19,0625 -85 0 0 0
388999,2 293 0 9,5625 -89 0 0 0
393999 59 0 13,75 -75 0 0 0
398999,9 331 0 14,75 -84 0 0 0
398999,6 332 0,6162918 12,5625 -83 0 0 0
398999,9 335 0 14,625 -84 0 0 0
405015 37 0,6682926 4,75 -86 0 0 0
393999 291 0 18,9375 -81 0 0 0
393999 101 0 20,125 -79 0 0 0
393998,9 101 0 20,0625 -77 0 0 0
394999,4 285 0 16,375 -77 0 0 0
394999,4 59 0 17,5625 -79 0 0 0
394999,7 162 0 19,8125 -82 0 0 0
398999,3 330 0 12,1875 -86 0 0 0
385998,8 292 0 8 -87 0 0 0
385999,1 56 0 9,8125 -89 0 0 0
390998,8 55 0 1 -84 0 0 0
390998,7 55 0 1 -84 0 0 0
394998,9 57 0 22,5625 -85 0 0 0
395999,5 297 0 17,5 -78 0 0 0
395999,6 295 0 20,3125 -79 0 0 0
403225,5 199 0 1 -87 0 0 0
403226,5 91 0 8 -81 0 0 0
386998,8 292 0 10,0625 -85 0 0 0
386998,5 60 0 10,1875 -86 0 0 0
391999,3 288 0 24,5625 -81 0 0 0
391999,3 286 0 24,25 -81 0 0 0
395999,2 293 0 16,25 -87 0 0 0
396998,8 284 0 1 -86 0 0 0
396998,8 162 0 1 -87 0 0 0
403227,4 197 0 11,4375 -82 0 0 0
391999,6 284 0 6,125 -88 0 0 0
392999,2 289 0 13,875 -79 0 0 0
392999,2 290 0,5594123 14,25 -79 0 0 0
392999,2 288 0 14,375 -80 0 0 0
397999,6 346 0 43,625 -81 0 0 0
397999,8 156 0 5,75 -83 0 0 0
405015,3 26 0 5,6875 -88 0 0 0
385998,9 294 0 12,8125 -88 0 0 0
385999 294 0 14,25 -87 0 0 0
390998,7 55 0 1 -83 0 0 0
390998,9 57 0 13,4375 -85 0 0 0
390998,8 55 0 12,0625 -84 0 0 0
394999,3 162 0 25,3125 -79 0 0 0
395000,2 285 0 24,4375 -88 0 0 0
394998,9 277 0 20,125 -83 0 0 0
395999,2 295 0 21,5 -80 0 0 0
395999,6 296 0 22,6875 -78 0 0 0
395999,5 295 0 18,3125 -77 0 0 0
403226 198 0 9,9375 -81 0 0 0
386998,1 59 0 10 -86 0 0 0
386999,5 291 0 15,25 -88 0 0 0
391999,3 286 0 39,6875 -83 0 0 0
391999 286 0 24,75 -81 0 0 0
391999,1 284 0 14 -86 0 0 0
392998,7 288 0 19,0625 -82 0 0 0
392999,2 287 0 15,875 -85 0 0 0
396999,1 287 0 12,0625 -87 0 0 0
397999,8 160 0 18,3125 -88 0 0 0
403226,5 198 0 12,25 -81 0 0 0
392999,2 289 0,5481844 21,375 -79 0 0 0
392999,2 291 0 14,125 -79 0 0 0
392999,2 289 0 13,8125 -79 0 0 0
393999,4 292 0 18,3125 -89 0 0 0
397999,5 154 0 47,75 -80 0 0 0
403224,7 198 0 5,25 -83 0 0 0
