32251,37 235 0,9553999 2,816406 -65 0 0 0
35349,14 256 0,9530421 2,617188 -65 0 0 0
35574,9 237 0,9557359 2,546875 -65 0 0 0
44926,14 233 0,9002569 2,546875 -65 0 0 0
47175,43 240 0,859763 2,695313 -65 0 0 0
49726,85 232 0,9193208 2,695313 -65 0 0 0
30600,36 225 0,9191632 2,65625 -65 0 0 0
32376,55 236 0,9130918 2,691406 -65 0 0 0
32700,05 239 0,9619735 2,691406 -65 0 0 0
39350,24 241 0,9106097 2,546875 -65 0 0 0
41300,43 227 0,9287335 2,476563 -65 0 0 0
41825,37 246 0,8979264 2,476563 -65 0 0 0
44175,29 255 0,9362326 2,476563 -65 0 0 0
44175,41 242 0,889132 2,507813 -65 0 0 0
46876,34 234 0,8888937 2,546875 -65 0 0 0
30826,16 233 0,8886047 2,691406 -65 0 0 0
30875,04 226 0,9469734 2,65625 -65 0 0 0
31351,1 223 0,9754748 2,859375 -65 0 0 0
34500,75 249 0,8804554 2,65625 -65 0 0 0
38102,04 243 0,8882046 2,445313 -65 0 0 0
42649,43 239 0,8427357 2,320313 -65 0 0 0
44526,34 234 0,9155791 2,546875 -65 0 0 0
45399,2 243 0,8378588 2,695313 -65 0 0 0
45551,79 235 0,879097 2,695313 -65 0 0 0
49574,25 242 0,9378178 2,617188 -65 0 0 0
31851,61 234 0,8759176 2,859375 -65 0 0 0
32025,57 234 0,8861904 2,859375 -65 0 0 0
33701,09 249 0,937997 2,773438 -65 0 0 0
34174,19 245 0,8603849 2,734375 -65 0 0 0
35849,7 240 0,8835863 2,507813 -65 0 0 0
37149,83 253 0,9429668 2,578125 -65 0 0 0
38776,48 236 0,8464974 2,476563 -65 0 0 0
48600,68 236 0,9209485 2,546875 -65 0 0 0
49775,68 247 0,9329875 2,617188 -65 0 0 0
30450,77 265 0,9460398 2,773438 -65 0 0 0
32474,21 234 0,9423499 2,691406 -65 0 0 0
32651,22 251 0,8611106 2,691406 -65 0 0 0
32925,9 245 0,9061521 2,695313 -65 0 0 0
33176,2 241 0,877391 2,734375 -65 0 0 0
33975,77 247 0,8618073 2,773438 -65 0 0 0
36524,14 253 0,9499756 2,546875 -65 0 0 0
39350,24 238 0,8753445 2,546875 -65 0 0 0
43726,73 243 0,9151683 2,34375 -65 0 0 0
31775,27 265 0,9399143 2,816406 -65 0 0 0
32776,31 242 0,921084 2,65625 -65 0 0 0
36676,74 235 0,879421 2,617188 -65 0 0 0
37400,05 236 0,9414654 2,546875 -65 0 0 0
38001,28 234 0,9020954 2,546875 -65 0 0 0
42350,3 239 0,8872853 2,34375 -65 0 0 0
45774,58 231 0,8829284 2,617188 -65 0 0 0
47199,84 239 0,9556568 2,546875 -65 0 0 0
48551,85 236 0,8777076 2,546875 -65 0 0 0
32599,34 234 0,9435046 2,691406 -65 0 0 0
34351,16 233 0,9191054 2,695313 -65 0 0 0
36524,18 232 0,9064293 2,578125 -65 0 0 0
38926,02 241 0,8699534 2,476563 -65 0 0 0
40174,31 251 0,9606025 2,507813 -65 0 0 0
41599,57 251 0,9623525 2,507813 -65 0 0 0
44001,41 238 0,8932927 2,289063 -65 0 0 0
45274,06 234 0,9302949 2,546875 -65 0 0 0
49974,06 241 0,9262112 26,94531 -65 0 0 0
30850,58 234 0,8823318 2,773438 -65 0 0 0
33350,16 234 0,8743427 2,734375 -65 0 0 0
38376,67 238 0,8856326 2,40625 -65 0 0 0
39624,91 250 0,8997548 2,476563 -65 0 0 0
42026,8 244 0,9662074 2,546875 -65 0 0 0
42826,41 234 0,9264745 2,40625 -65 0 0 0
43400,17 248 0,9347177 2,34375 -65 0 0 0
44950,56 236 0,8754638 2,476563 -65 0 0 0
48475,55 232 0,916561 2,546875 -65 0 0 0
31326,68 248 0,8723083 2,953125 -65 0 0 0
33551,55 236 0,9639928 2,859375 -65 0 0 0
34799,84 233 0,9367372 2,578125 -65 0 0 0
36524,14 243 0,8801632 2,546875 -65 0 0 0
42676,86 240 0,8573347 2,40625 -65 0 0 0
44749,13 239 0,8711225 2,476563 -65 0 0 0
48225,3 244 0,8761117 2,546875 -65 0 0 0
48399,25 241 0,8750565 2,546875 -65 0 0 0
49250,75 230 0,9406024 2,546875 -65 0 0 0
33575,91 234 0,9086755 2,820313 -65 0 0 0
33624,79 236 0,8789873 2,773438 -65 0 0 0
35126,35 239 0,9263723 2,617188 -65 0 0 0
35275,85 246 0,8696422 2,578125 -65 0 0 0
35474,27 229 0,9531684 2,476563 -65 0 0 0
35800,83 240 0,8881865 2,476563 -65 0 0 0
42801,99 229 0,9468175 2,34375 -65 0 0 0
43650,43 234 0,9083751 2,34375 -65 0 0 0
48524,38 248 0,9538948 2,546875 -65 0 0 0
36600,39 234 0,904959 2,507813 -65 0 0 0
38401,09 243 0,9167081 2,476563 -65 0 0 0
39075,57 233 0,8809381 2,40625 -65 0 0 0
42826,37 244 0,9053061 2,375 -65 0 0 0
44599,59 242 0,9482965 2,476563 -65 0 0 0
44675,88 233 0,9171289 2,476563 -65 0 0 0
47724,77 253 0,9250121 2,546875 -65 0 0 0
47874,32 240 0,9620867 2,546875 -65 0 0 0
49549,84 235 0,9090522 2,546875 -65 0 0 0
33951,31 233 0,9449347 2,734375 -65 0 0 0
37400,05 246 0,8692626 2,476563 -65 0 0 0
39026,73 230 0,9438449 2,40625 -65 0 0 0
41749,03 239 0,8886688 2,445313 -65 0 0 0
42524,26 234 0,9654233 2,34375 -65 0 0 0
46275,02 234 0,9556499 2,476563 -65 0 0 0
46900,75 237 0,900063 2,40625 -65 0 0 0
48725,81 237 0,9017469 2,546875 -65 0 0 0
48951,66 243 0,9352415 2,546875 -65 0 0 0
30725,45 243 0,9423735 2,691406 -65 0 0 0
32376,55 234 0,8845469 2,691406 -65 0 0 0
34149,73 249 0,9064681 2,773438 -65 0 0 0
34750,96 238 0,9541668 2,617188 -65 0 0 0
35651,29 228 0,9227257 2,476563 -65 0 0 0
36899,53 242 0,8615181 2,546875 -65 0 0 0
37601,48 236 0,9677661 2,476563 -65 0 0 0
40351,28 242 0,9250636 2,34375 -65 0 0 0
46250,64 244 0,8671228 2,507813 -65 0 0 0
31750,9 232 0,8487825 2,859375 -65 0 0 0
32626,77 251 0,9168487 2,65625 -65 0 0 0
36975,83 241 0,9635542 2,546875 -65 0 0 0
40625,95 245 0,9168826 2,34375 -65 0 0 0
41150,89 239 0,8902931 2,476563 -65 0 0 0
42200,76 234 0,9290782 2,40625 -65 0 0 0
42701,27 228 0,9285438 2,34375 -65 0 0 0
44401,21 247 0,878843 2,40625 -65 0 0 0
46500,98 242 0,8849282 2,375 -65 0 0 0
30850,58 250 0,9124575 2,773438 -65 0 0 0
34351,16 241 0,8883201 2,617188 -65 0 0 0
35101,93 233 0,939493 2,617188 -65 0 0 0
36176,22 252 0,9206524 2,546875 -65 0 0 0
36624,86 251 0,8728099 2,546875 -65 0 0 0
39701,21 244 0,9109982 2,476563 -65 0 0 0
44175,37 239 0,8961463 2,40625 -65 0 0 0
45124,52 245 0,8691757 2,546875 -65 0 0 0
45951,59 236 0,9392614 2,546875 -65 0 0 0
30151,68 234 0,9165292 2,617188 -65 0 0 0
31424,34 245 0,9428574 2,859375 -65 0 0 0
34476,29 241 0,9234161 2,617188 -65 0 0 0
35401,02 240 0,9523263 2,476563 -65 0 0 0
35800,83 250 0,9427507 2,476563 -65 0 0 0
36276,93 234 0,9158835 2,546875 -65 0 0 0
36774,4 246 0,9032876 2,546875 -65 0 0 0
37076,54 252 0,9823163 2,617188 -65 0 0 0
47624,06 243 0,8396387 2,546875 -65 0 0 0
30475,19 247 0,8375989 2,773438 -65 0 0 0
31750,9 217 0,9841498 2,953125 -65 0 0 0
33325,7 234 0,9097474 2,773438 -65 0 0 0
40451,99 238 0,9100022 2,34375 -65 0 0 0
40549,66 228 0,9251374 2,34375 -65 0 0 0
43699,26 231 0,9717804 2,289063 -65 0 0 0
44376,79 244 0,9599938 2,40625 -65 0 0 0
46476,49 238 0,8729663 2,375 -65 0 0 0
49101,2 231 0,9319116 2,617188 -65 0 0 0
33450,83 259 0,9163324 2,859375 -65 0 0 0
33649,21 241 0,9466577 2,859375 -65 0 0 0
33725,51 234 0,8718719 2,859375 -65 0 0 0
33926,94 237 0,9391577 2,859375 -65 0 0 0
37525,18 243 0,9803231 2,476563 -65 0 0 0
37726,61 228 0,9140581 2,546875 -65 0 0 0
44700,3 237 0,8482208 2,476563 -65 0 0 0
46549,78 242 0,8671247 2,40625 -65 0 0 0
47099,13 235 0,893452 2,546875 -65 0 0 0
32001,21 224 0,9358746 2,90625 -65 0 0 0
34024,6 234 0,9120179 2,859375 -65 0 0 0
40049,14 245 0,8811968 2,476563 -65 0 0 0
40751,08 246 0,9700092 2,34375 -65 0 0 0
42100,04 239 0,9323794 2,476563 -65 0 0 0
42576,15 242 0,8987119 2,34375 -65 0 0 0
44526,34 252 0,9315456 2,476563 -65 0 0 0
46049,26 243 0,9496129 2,546875 -65 0 0 0
49299,58 246 0,9484619 2,546875 -65 0 0 0
32199,54 244 0,946446 2,953125 -65 0 0 0
33551,55 241 0,9157745 2,859375 -65 0 0 0
34351,16 237 0,9135943 2,695313 -65 0 0 0
34650,25 253 0,9148715 2,695313 -65 0 0 0
35700,12 237 0,9217231 2,546875 -65 0 0 0
37049,07 240 0,9120803 2,546875 -65 0 0 0
40925,04 246 0,9140705 2,40625 -65 0 0 0
44950,56 231 0,9088261 2,40625 -65 0 0 0
46125,55 246 0,9438124 2,546875 -65 0 0 0
30524,02 233 0,9130151 2,691406 -65 0 0 0
32324,67 247 0,865076 2,773438 -65 0 0 0
33176,2 242 0,8587207 2,820313 -65 0 0 0
35925,96 239 0,892574 2,546875 -65 0 0 0
37201,67 231 0,9476871 2,617188 -65 0 0 0
39899,59 248 0,9822414 2,546875 -65 0 0 0
44324,91 251 0,92779 2,40625 -65 0 0 0
45701,38 237 0,9743622 2,507813 -65 0 0 0
48176,42 234 0,9275308 2,507813 -65 0 0 0
30099,76 234 0,9036442 2,65625 -65 0 0 0
31125,25 241 0,9673858 2,859375 -65 0 0 0
32025,57 234 0,9314288 2,953125 -65 0 0 0
33450,83 234 0,9063576 2,859375 -65 0 0 0
34775,38 244 0,914682 2,695313 -65 0 0 0
36200,59 231 0,8726419 2,507813 -65 0 0 0
40351,28 241 0,9079918 2,40625 -65 0 0 0
42725,69 244 0,8987887 2,40625 -65 0 0 0
49601,72 229 0,8932691 2,546875 -65 0 0 0
30951,29 234 0,9766728 2,691406 -65 0 0 0
35526,16 233 0,8971653 2,476563 -65 0 0 0
37076,54 239 0,9068704 2,546875 -65 0 0 0
40351,28 245 0,9037327 2,40625 -65 0 0 0
40824,33 240 0,9097984 2,40625 -65 0 0 0
43650,43 234 0,9595514 2,34375 -65 0 0 0
44224,12 241 0,917985 2,414063 -65 0 0 0
45850,93 234 0,887985 2,578125 -65 0 0 0
47776,66 245 0,9532399 2,617188 -65 0 0 0
30151,68 250 0,9650766 2,691406 -65 0 0 0
31125,16 232 0,8954918 2,863281 -65 0 0 0
32025,53 242 0,9550499 2,90625 -65 0 0 0
32449,79 242 0,8736081 2,773438 -65 0 0 0
32550,51 239 0,8667329 2,773438 -65 0 0 0
33374,49 266 0,9389295 2,820313 -65 0 0 0
40824,33 242 0,9403312 2,40625 -65 0 0 0
41251,6 240 0,8223767 2,546875 -65 0 0 0
46650,49 236 0,9282292 2,476563 -65 0 0 0
30551,49 255 0,9114992 2,691406 -65 0 0 0
31726,44 238 0,8941533 2,90625 -65 0 0 0
32574,93 253 0,929548 2,773438 -65 0 0 0
34775,38 249 0,8821272 2,617188 -65 0 0 0
37601,48 256 0,9746031 2,476563 -65 0 0 0
38776,48 229 0,964031 2,40625 -65 0 0 0
42676,86 232 0,9690789 2,40625 -65 0 0 0
43326,92 239 0,963525 2,289063 -65 0 0 0
44349,32 238 0,9272966 2,40625 -65 0 0 0
30475,19 234 0,9159869 2,691406 -65 0 0 0
34750,96 239 0,9424399 2,617188 -65 0 0 0
39899,59 239 0,9060103 2,476563 -65 0 0 0
40326,86 237 0,9272009 2,40625 -65 0 0 0
42875,23 254 0,9199307 2,40625 -65 0 0 0
45426,66 233 0,9154397 2,546875 -65 0 0 0
47224,34 243 0,9433927 2,476563 -65 0 0 0
48152,05 239 0,8826877 2,546875 -65 0 0 0
49424,71 231 0,8834781 2,546875 -65 0 0 0
32999,1 254 0,8784554 2,734375 -65 0 0 0
33951,35 249 0,9345294 2,859375 -65 0 0 0
36899,53 229 0,89101 2,617188 -65 0 0 0
37174,2 248 0,9421518 2,546875 -65 0 0 0
38999,23 234 0,9430673 2,375 -65 0 0 0
41150,89 234 0,850463 2,546875 -65 0 0 0
47126,59 252 0,956952 2,546875 -65 0 0 0
48152,09 242 0,9134055 2,507813 -65 0 0 0
48924,19 242 0,8662418 2,546875 -65 0 0 0
35251,48 237 0,9107956 2,695313 -65 0 0 0
35800,83 250 0,9503154 2,546875 -65 0 0 0
37000,24 236 0,8925185 2,617188 -65 0 0 0
43976,99 244 0,8472809 2,289063 -65 0 0 0
45475,49 229 0,9209543 2,546875 -65 0 0 0
45774,58 234 0,8920767 2,546875 -65 0 0 0
46824,45 231 0,8730801 2,40625 -65 0 0 0
47450,14 246 0,9287049 2,507813 -65 0 0 0
48725,81 234 0,8712705 2,546875 -65 0 0 0
30325,64 239 0,9205098 2,691406 -65 0 0 0
33325,7 247 0,9657137 2,859375 -65 0 0 0
36176,22 233 0,9423791 2,546875 -65 0 0 0
36701,15 238 0,974824 2,546875 -65 0 0 0
37024,66 229 0,8624057 2,546875 -65 0 0 0
39725,63 253 0,8847924 2,476563 -65 0 0 0
43125,5 244 0,9445792 2,34375 -65 0 0 0
46851,92 234 0,8843291 2,40625 -65 0 0 0
47501,98 238 0,926358 2,546875 -65 0 0 0
34076,48 242 0,8978262 2,773438 -65 0 0 0
36551,61 238 0,8595735 2,546875 -65 0 0 0
40149,85 238 0,9459124 2,546875 -65 0 0 0
41050,17 253 0,9399319 2,40625 -65 0 0 0
41675,78 237 0,8901796 2,445313 -65 0 0 0
44074,65 237 0,8779781 2,289063 -65 0 0 0
45426,66 229 0,9339893 2,546875 -65 0 0 0
46876,34 243 0,860549 2,40625 -65 0 0 0
47950,66 250 0,9620454 2,507813 -65 0 0 0
31149,67 241 0,8789204 2,953125 -65 0 0 0
34174,19 231 0,889069 2,734375 -65 0 0 0
34226,03 241 0,9073014 2,773438 -65 0 0 0
35050,05 243 0,8968909 2,617188 -65 0 0 0
35150,77 244 0,9696329 2,617188 -65 0 0 0
37699,14 238 0,8966818 2,546875 -65 0 0 0
38749,01 243 0,8769114 2,476563 -65 0 0 0
49000,49 248 0,884694 2,546875 -65 0 0 0
49775,68 247 0,9226793 2,546875 -65 0 0 0
30450,77 239 0,8624803 2,773438 -65 0 0 0
30701,03 233 0,8887846 2,691406 -65 0 0 0
30899,41 245 0,9119137 2,773438 -65 0 0 0
32324,67 245 0,9179145 2,773438 -65 0 0 0
33350,12 244 0,9042767 2,859375 -65 0 0 0
33676,68 234 0,8553267 2,859375 -65 0 0 0
38102 253 0,9167348 2,546875 -65 0 0 0
43851,9 240 0,8652149 2,320313 -65 0 0 0
46674,91 235 0,9579999 2,40625 -65 0 0 0
31076,33 234 0,8627085 2,695313 -65 0 0 0
39325,87 234 0,8753498 2,507813 -65 0 0 0
40274,98 234 0,9343934 2,476563 -65 0 0 0
43076,66 242 0,862246 2,40625 -65 0 0 0
43601,6 234 0,9606135 2,34375 -65 0 0 0
45625 244 0,881488 2,578125 -65 0 0 0
47874,32 248 0,9685256 2,617188 -65 0 0 0
48274,17 239 0,9213522 2,578125 -65 0 0 0
49650,55 240 0,937535 2,546875 -65 0 0 0
30099,67 228 0,9110863 2,660156 -65 0 0 0
35501,74 246 0,9079196 2,546875 -65 0 0 0
36899,53 234 0,8306111 2,617188 -65 0 0 0
38501,8 249 0,8971132 2,40625 -65 0 0 0
41025,76 242 0,818711 2,34375 -65 0 0 0
44776,6 233 0,9133081 2,476563 -65 0 0 0
45350,36 239 0,8505816 2,617188 -65 0 0 0
46250,77 254 0,8782526 2,546875 -65 0 0 0
49824,47 238 0,8804147 2,578125 -65 0 0 0
32901,53 242 0,9129882 2,734375 -65 0 0 0
39826,34 230 0,9069542 2,476563 -65 0 0 0
42151,93 235 0,898633 2,476563 -65 0 0 0
43049,23 242 0,9720574 2,375 -65 0 0 0
48152,05 255 0,9485118 2,617188 -65 0 0 0
48426,72 243 0,8916123 2,617188 -65 0 0 0
49299,54 242 0,8516464 2,578125 -65 0 0 0
49400,29 236 0,9160051 2,546875 -65 0 0 0
49824,51 242 0,8807642 2,546875 -65 0 0 0
30600,36 247 0,9115444 2,65625 -65 0 0 0
32574,93 232 0,9179196 2,773438 -65 0 0 0
35175,14 237 0,9204035 2,65625 -65 0 0 0
38724,59 259 0,9355462 2,40625 -65 0 0 0
38901,61 235 0,8979148 2,34375 -65 0 0 0
39301,41 241 0,9343864 2,476563 -65 0 0 0
39350,24 231 0,940147 2,476563 -65 0 0 0
45151,94 240 0,9007566 2,507813 -65 0 0 0
48799,06 248 0,9162402 2,617188 -65 0 0 0
31876,03 237 0,8581232 2,953125 -65 0 0 0
32651,22 226 0,9691409 2,773438 -65 0 0 0
38749,01 244 0,8918792 2,40625 -65 0 0 0
40925 244 0,8330078 2,320313 -65 0 0 0
41074,59 227 0,9405216 2,34375 -65 0 0 0
44401,21 233 0,9689011 2,476563 -65 0 0 0
46149,97 237 0,9499106 2,617188 -65 0 0 0
48826,53 243 0,877999 2,617188 -65 0 0 0
49125,66 234 0,9306317 2,578125 -65 0 0 0
31149,76 230 0,9790088 2,863281 -65 0 0 0
31225,96 234 0,8877397 2,953125 -65 0 0 0
34650,25 235 0,9392254 2,617188 -65 0 0 0
37750,98 234 0,9103847 2,445313 -65 0 0 0
41025,76 235 0,9420866 2,34375 -65 0 0 0
43601,6 239 0,9788882 2,289063 -65 0 0 0
44276,08 241 0,9115512 2,476563 -65 0 0 0
45802,05 233 0,9296915 2,546875 -65 0 0 0
46049,3 243 0,9322246 2,578125 -65 0 0 0
30575,9 231 0,9312768 2,773438 -65 0 0 0
33524,08 249 0,9472359 2,859375 -65 0 0 0
33951,35 242 0,8658084 2,773438 -65 0 0 0
34949,34 255 0,9696524 2,546875 -65 0 0 0
36850,7 232 0,9538988 2,546875 -65 0 0 0
40400,11 247 0,9299933 2,34375 -65 0 0 0
43149,91 242 0,8876323 2,34375 -65 0 0 0
43250,66 239 0,9587237 2,320313 -65 0 0 0
46851,92 236 0,936039 2,40625 -65 0 0 0
30475,19 238 0,877131 2,773438 -65 0 0 0
30524,06 246 0,8920223 2,734375 -65 0 0 0
31500,64 232 0,9199208 2,859375 -65 0 0 0
32101,87 225 0,9394107 2,953125 -65 0 0 0
35626,87 243 0,8743777 2,476563 -65 0 0 0
36350,18 250 0,9732146 2,546875 -65 0 0 0
38074,57 233 0,9144176 2,445313 -65 0 0 0
48301,64 239 0,860036 2,507813 -65 0 0 0
49601,72 250 0,8908435 2,617188 -65 0 0 0
