5,1203, 2,4033, 1,0176, 16,3049
5,0052, 2,3682, 1,0283, 10,0465
5,6717, 2,4463, 1,0493, 13,5046
4,5103, 17,3347, 1,0854, 25,9838
3,7711, 2,5808, 1,0498, 8,7651
5,3953, 2,4960, 1,0829, 18,5269
3,1606, 2,5940, 1,0634, 8,3643
4,7882, 2,5740, 1,0351, 9,8793
4,9301, 2,4697, 1,0420, 97,4952
5,1169, 2,4775, 1,0424, 10,0212
5,0632, 2,4940, 1,0785, 10,6458
5,4699, 2,9309, 1,0532, 12,7449
4,0846, 2,5335, 1,0483, 9,4911
4,5985, 2,4731, 1,0434, 9,8061
5,5411, 2,5072, 1,0395, 11,9657
4,9291, 3,7886, 1,0498, 11,1553
3,7501, 2,4775, 1,0322, 8,6900
5,3543, 2,4833, 1,0449, 11,9121
4,9755, 2,5131, 1,0424, 10,1777
4,7131, 2,6979, 1,0707, 10,6902
5,2383, 2,4818, 1,0415, 12,0784
4,9745, 2,5794, 1,0493, 10,6126
4,1655, 2,4838, 1,0498, 9,5550
5,3255, 2,5179, 1,0561, 12,5377
4,3474, 2,5028, 1,0980, 9,6530
4,6770, 2,4906, 1,0488, 9,8266
5,4806, 2,4828, 1,0434, 11,7522
5,1295, 2,4726, 1,0298, 9,7891
5,3797, 5,6401, 1,0317, 13,2925
5,3197, 2,4175, 1,0225, 11,5849
5,2875, 2,3951, 1,0215, 9,8827
5,4089, 2,3990, 1,0117, 10,4532
5,2178, 2,3980, 1,0142, 12,2159
4,6917, 2,4185, 1,0312, 9,3897
5,2509, 2,4019, 1,0337, 10,4859
5,3641, 2,6905, 1,0405, 12,2022
4,7141, 2,4424, 1,0273, 9,7657
4,9257, 2,4643, 1,0351, 10,6019
4,9530, 2,3990, 1,0307, 11,9672
4,8809, 2,4263, 1,0161, 9,6740
5,2778, 2,5584, 1,0815, 10,6770
5,2763, 3,4780, 1,0405, 12,8580
3,9993, 2,3980, 1,0190, 8,6593
5,3441, 2,4311, 1,0332, 10,1250
4,9559, 2,4097, 1,0215, 11,7180
5,1734, 2,4063, 1,0229, 9,8578
5,2909, 2,3970, 1,0273, 10,1830
4,7502, 2,4053, 1,0132, 11,1885
5,6947, 2,5745, 1,1507, 10,4044
5,3017, 2,4614, 1,0385, 10,2811
5,6430, 2,5155, 1,0376, 11,3206
5,5962, 2,4638, 1,0332, 9,8920
5,6864, 2,5023, 1,0317, 10,1167
4,9730, 2,4643, 1,0293, 11,2802
5,6054, 2,8120, 1,0639, 10,4356
5,0842, 2,4550, 1,0229, 9,4482
5,1485, 2,4667, 1,0264, 11,2416
5,6191, 2,4697, 1,0424, 10,1904
5,4192, 2,4614, 1,0439, 10,4639
5,0423, 2,4853, 1,0610, 11,6317
5,2163, 2,4892, 1,0498, 10,0880
5,1354, 2,4814, 1,0371, 9,8159
5,6152, 2,4901, 1,0342, 11,5737
5,3251, 2,4809, 1,0220, 9,8729
5,4723, 2,5262, 1,0546, 10,1709
5,2622, 2,4887, 1,0322, 11,3538
5,5757, 2,4799, 1,0268, 10,2089
5,3826, 4,6580, 1,0200, 12,2529
4,9584, 2,4072, 1,0186, 11,5532
5,3060, 2,3946, 1,0322, 9,8920
5,4499, 2,4180, 1,0151, 10,0280
5,5450, 2,4092, 1,0156, 11,2368
5,6459, 2,4004, 1,0132, 9,8827
5,7858, 2,3838, 1,0137, 10,0846
4,6434, 2,3980, 1,0083, 11,2504
5,6571, 2,4194, 1,0171, 10,4039
5,1944, 2,4380, 1,0259, 9,9836
5,3738, 2,4521, 1,0181, 12,5684
4,3182, 2,5940, 1,0200, 8,9450
5,3451, 2,3970, 1,0356, 11,0012
4,9608, 2,9695, 1,0688, 12,1622
4,6546, 2,4828, 1,1205, 9,5545
5,1417, 2,4828, 1,0702, 9,9193
5,6210, 2,4950, 1,0317, 11,4357
5,4372, 2,5209, 1,0420, 10,0397
5,3933, 2,4779, 1,0342, 9,7540
4,8857, 2,4575, 1,0259, 11,2845
5,6254, 2,4760, 1,0356, 10,1031
5,4323, 2,4838, 1,0488, 10,2567
5,5069, 2,4740, 1,0317, 11,5873
5,3353, 2,4779, 1,0498, 9,9236
5,3777, 2,4599, 1,0312, 9,8993
4,9584, 2,4623, 1,0273, 11,5327
5,3694, 4,4128, 1,0693, 12,0038
3,3595, 2,4048, 1,0220, 7,8348
5,3933, 2,3951, 1,0127, 11,4367
5,4713, 2,5262, 1,0342, 10,2864
5,1061, 2,3897, 1,0332, 10,2381
5,3329, 2,4224, 1,0283, 11,6264
5,2427, 2,3921, 1,0054, 9,8447
5,4874, 2,4092, 1,0098, 10,2177
5,0164, 2,3843, 1,1288, 11,6498
5,2217, 2,4136, 1,0410, 9,9675
5,1978, 2,4004, 1,0156, 9,9144
5,6098, 2,3990, 1,0083, 11,4240
5,5133, 2,3912, 1,0098, 10,0543
5,3728, 2,9348, 1,0673, 10,7399
4,7336, 2,4838, 1,0580, 11,7634
5,1549, 2,5209, 1,0639, 10,1094
5,0335, 2,4765, 1,0332, 10,0982
4,7921, 2,5277, 1,0507, 11,8146
5,0320, 2,4901, 1,0634, 10,0134
5,0188, 2,4599, 1,0332, 9,7510
5,3299, 2,4745, 1,0298, 11,7380
5,2290, 2,5077, 1,0351, 9,9617
5,1378, 2,4857, 1,0351, 9,7603
4,7955, 2,4936, 1,0449, 11,9316
4,9467, 2,4984, 1,0878, 10,0217
4,8535, 2,4697, 1,0395, 9,4609
4,2304, 2,5501, 1,0190, 11,6122
5,2773, 2,4038, 1,0166, 9,6199
5,6220, 2,5213, 1,0303, 10,3459
4,8774, 2,4072, 1,0551, 11,4815
5,4084, 2,4048, 1,0220, 9,9193
5,4957, 2,4092, 1,0210, 10,0212
5,3109, 2,4033, 1,0220, 11,5274
5,3182, 2,3897, 1,0122, 10,0153
5,3290, 2,3887, 1,0156, 9,7930
5,7000, 2,4931, 1,0210, 11,3791
5,4904, 2,3887, 1,0127, 10,0231
5,4962, 2,3931, 1,0307, 10,0275
5,1471, 2,4599, 1,3628, 11,9223
4,9735, 2,4887, 1,0351, 9,6082
5,3772, 2,5374, 1,0332, 9,9802
5,6820, 2,4687, 1,0351, 11,4864
5,4387, 2,5735, 1,0610, 10,9837
4,3464, 2,4921, 1,0502, 10,5829
4,7390, 2,5384, 1,1053, 12,5148
4,3791, 2,4960, 1,0590, 9,2698
5,0447, 2,4711, 1,0415, 9,5833
5,1066, 2,4775, 1,0298, 11,3216
5,6327, 2,4818, 1,0293, 9,9597
5,6030, 2,4775, 1,0259, 10,0202
5,3821, 2,4799, 1,0254, 11,2797
5,6264, 2,4867, 1,0415, 10,1489
3,5014, 2,4082, 1,0112, 9,8924
4,7692, 2,3965, 1,0132, 11,4820
5,4143, 2,3965, 1,0137, 9,8549
5,5708, 2,3858, 1,0059, 10,2450
5,3948, 2,4009, 1,0117, 11,5561
5,3475, 2,3916, 1,0108, 9,8408
5,4440, 2,4131, 1,0156, 10,1465
4,9174, 2,4107, 1,0078, 11,5571
5,3387, 2,4189, 1,0083, 9,8305
5,5123, 2,4272, 1,0610, 10,2396
5,5708, 2,4677, 1,0293, 11,6966
5,1851, 2,4058, 1,0917, 9,6447
5,5381, 2,4082, 1,0132, 10,0529
4,9672, 2,4658, 1,0415, 11,2641
5,6254, 2,4687, 1,0312, 10,0831
5,5835, 2,4677, 1,0307, 9,9861
5,3056, 2,4653, 1,0249, 11,2002
5,7122, 2,4575, 1,0249, 9,9739
5,7069, 2,4862, 1,0303, 10,5551
5,0076, 2,4760, 1,0288, 11,6468
5,2997, 2,4506, 1,0268, 9,8622
5,4401, 2,4623, 1,0288, 10,0221
5,6464, 2,4628, 1,0268, 11,5576
5,4070, 2,4750, 1,0312, 10,2089
5,1056, 2,4809, 1,0673, 9,9592
5,3670, 4,1714, 1,0220, 13,2013
3,7072, 2,4350, 1,0268, 8,4384
5,1997, 2,3897, 1,0225, 10,0075
4,9135, 2,4141, 1,0132, 11,4713
5,3821, 2,3926, 1,0385, 10,2981
5,0817, 2,4082, 1,0605, 9,8676
5,7054, 2,3994, 1,0108, 11,6688
5,2709, 2,3790, 1,0273, 9,7671
5,4899, 2,3994, 1,0522, 10,2089
5,3060, 2,4121, 1,0215, 11,5542
5,3358, 2,3999, 1,0268, 9,9451
5,4333, 2,3965, 1,0229, 10,0938
4,9789, 2,4087, 1,0312, 11,6254
5,2690, 2,4209, 1,3648, 10,2815
4,9438, 2,4823, 1,0346, 9,6018
5,4260, 2,5165, 1,0468, 11,7780
5,0564, 2,4940, 1,0668, 9,9690
5,0842, 2,4770, 1,0249, 9,5926
4,7131, 2,4648, 1,0332, 11,2192
5,7444, 2,4584, 1,0264, 9,9558
5,7054, 2,4560, 1,0288, 9,9812
4,9715, 2,4584, 1,0254, 11,1792
5,7888, 2,4701, 1,0546, 10,5960
5,0827, 2,4623, 1,0400, 9,8934
4,9730, 2,4926, 1,0644, 11,8024
5,0856, 2,4818, 1,0546, 10,0148
5,0193, 2,4755, 3,1689, 12,1866
5,6561, 2,4321, 1,0278, 11,7600
5,1973, 2,4233, 1,0327, 9,8729
5,1963, 2,4048, 1,0229, 9,8466
5,1559, 2,3912, 1,0283, 11,6288
5,2661, 2,4511, 1,0273, 10,0894
5,1032, 2,3970, 1,0093, 9,8271
5,8083, 2,3936, 1,0073, 11,5849
5,3085, 2,3834, 1,0108, 9,9241
5,3641, 2,3921, 1,0093, 10,0017
5,2548, 2,3907, 1,0073, 11,5166
5,4016, 2,3751, 1,0112, 9,8881
5,4904, 2,4092, 1,0254, 10,1406
4,8214, 2,9709, 1,0415, 12,2997
4,6190, 2,4745, 1,0429, 9,4551
5,1754, 2,4706, 1,0429, 9,9037
5,5289, 2,5092, 1,1073, 12,1842
4,6878, 2,5194, 1,0561, 9,5506
5,1134, 2,5018, 1,0327, 9,7384
4,9789, 2,7286, 1,0566, 11,7785
5,0598, 2,4550, 1,0307, 9,7271
5,3836, 2,4648, 1,0332, 9,7847
5,2817, 2,4614, 1,0415, 11,2738
5,6244, 2,4916, 1,0390, 10,0782
5,5269, 2,4784, 1,0566, 10,1723
4,8370, 2,4897, 1,0327, 11,5878
5,3358, 4,3104, 1,0273, 11,7034
3,5989, 2,4219, 1,0234, 8,1614
5,3138, 2,4477, 1,0142, 11,3826
5,5357, 2,4146, 1,0239, 10,0221
5,4884, 2,4750, 1,0190, 10,0080
5,7307, 2,4033, 1,0215, 11,7214
5,2036, 2,3951, 1,0137, 9,6091
5,5552, 2,3868, 1,0186, 10,1596
5,2514, 2,4648, 1,0512, 12,0437
4,7970, 2,4019, 1,0161, 9,5438
5,2558, 2,4131, 1,0278, 10,5239
5,3743, 2,4194, 1,0259, 11,4323
5,4231, 2,4272, 1,0468, 10,1221
5,3358, 2,7583, 1,0439, 10,2742
5,2280, 2,5326, 1,0629, 11,7702
5,1237, 2,5457, 1,0629, 9,8583
5,2193, 2,5477, 1,0385, 9,9490
4,8223, 2,4818, 1,0483, 11,5454
5,2685, 2,4760, 1,0259, 9,6837
5,6630, 2,4726, 1,0283, 10,0319
5,1017, 2,4638, 1,0381, 11,2221
5,7005, 2,4584, 1,0381, 10,0334
5,6547, 2,4672, 1,0293, 9,9607
5,3173, 2,4541, 1,0264, 11,6980
5,1593, 2,5384, 1,0322, 10,2445
4,9423, 2,4682, 1,0298, 9,5862
4,7682, 4,3547, 1,0234, 13,4485
3,4322, 2,3887, 1,0424, 7,9606
5,4879, 2,4697, 1,0405, 10,3766
5,6688, 2,4214, 1,0488, 11,7775
5,0471, 2,4087, 1,0190, 9,6823
5,4299, 2,3916, 1,0259, 9,9202
5,0262, 2,3941, 1,0108, 11,3031
5,6420, 2,4180, 1,0078, 10,0441
5,5245, 2,3999, 1,0083, 10,1041
5,4684, 2,3887, 1,0083, 11,1695
5,6820, 2,4077, 1,0161, 10,0280
5,6459, 2,3990, 1,0093, 10,1514
