390748,7 55 0 1 -86 0 0 0
390748,7 292 0 1 -86 0 0 0
390748,7 288 0 1 -86 0 0 0
393248,7 294 0 1 -86 0 0 0
393248,8 55 0 1 -87 0 0 0
395749,7 296 0 11,75 -76 0 0 0
395749,6 295 0 10,8125 -76 0 0 0
386498,8 57 0 7,75 -84 0 0 0
386498,9 295 0 8,875 -84 0 0 0
388998,9 99 0 5,3125 -89 0 0 0
391499,1 293 0 4,1875 -81 0 0 0
391499 292 0 45,125 -80 0 0 0
393999 60 0 10,4375 -75 0 0 0
393998,8 291 0 1 -77 0 0 0
393998,8 288 0 1 -77 0 0 0
409063,4 89 0 11,4375 -88 0 0 0
387498,7 102 0 7,25 -89 0 0 0
389998,7 287 0 8,375 -86 0 0 0
392249,1 287 0 18,3125 -86 0 0 0
392250,1 287 0 17,4375 -89 0 0 0
392499,4 287 0 18,4375 -81 0 0 0
392499,4 287 0,5070566 17,3125 -82 0 0 0
392499,7 284 0 32,8125 -85 0 0 0
394749,4 162 0 19,3125 -82 0 0 0
394749,4 287 0 17,125 -80 0 0 0
394999,4 289 0 15,5625 -78 0 0 0
394999,4 286 0 17,5625 -79 0 0 0
409063,3 88 0 17,8125 -89 0 0 0
390498,6 55 0 1 -89 0 0 0
390498,3 162 0 1 -87 0 0 0
390498,4 158 0 1 -87 0 0 0
392999,2 292 0 14,9375 -82 0 0 0
392998,9 292 0 12,3125 -80 0 0 0
392999,2 152 0 12,1875 -80 0 0 0
393249,4 291 0 17,5625 -87 0 0 0
395499,7 293 0 28,4375 -79 0 0 0
395499,7 293 0 22,8125 -78 0 0 0
395749,7 294 0 30,5 -86 0 0 0
386498,8 60 0 7,75 -84 0 0 0
386498,8 58 0 7,75 -84 0 0 0
386499,1 293 0 7,125 -84 0 0 0
388999,3 297 0 8,625 -89 0 0 0
391499 292 0 44,875 -80 0 0 0
391499,1 292 0 3,375 -80 0 0 0
393998,9 59 0 1 -77 0 0 0
393998,8 58 0 1 -77 0 0 0
390248,8 169 0 6,375 -84 0 0 0
390248,7 341 0 7,0625 -85 0 0 0
392749,4 286 0 10,6875 -79 0 0 0
392749,4 290 0 10,1875 -78 0 0 0
392749,3 60 0 9,875 -79 0 0 0
395249,5 292 0 15,625 -74 0 0 0
395249,5 292 0 15,8125 -74 0 0 0
405014,7 29 0,5279431 7,125 -87 0 0 0
405015,1 33 0,699451 8,375 -86 0 0 0
387248,3 290 0 8,3125 -86 0 0 0
387248,5 292 0 10,6875 -87 0 0 0
389749,3 288 0 9,4375 -85 0 0 0
389749,1 288 0 8,9375 -86 0 0 0
389749,3 287 0,5104944 8,875 -87 0 0 0
392249,4 286 0 14,25 -80 0 0 0
392249,3 287 0 13,5 -81 0 0 0
392249,3 288 0 16,8125 -82 0 0 0
394499,5 284 0 18,0625 -85 0 0 0
394749,3 162 0 14,6875 -76 0 0 0
390748,7 55 0 1 -86 0 0 0
390748,7 56 0 1 -86 0 0 0
393248,6 293 0 1 -86 0 0 0
393248,5 292 0 1 -85 0 0 0
395749,6 295 0 10,8125 -76 0 0 0
395749,5 296 0 11,0625 -76 0 0 0
395749,5 158 0 10,5625 -75 0 0 0
386498,9 58 0 8 -85 0 0 0
386498,5 57 0 11 -85 0 0 0
391499 293 0 45,25 -80 0 0 0
391499 293 0 43,3125 -81 0 0 0
393999 58 0 10,8125 -74 0 0 0
393999 57 0 12,0625 -75 0 0 0
387248,4 291 0 8,75 -88 0 0 0
389749,4 285 0 9,75 -88 0 0 0
389748,3 289 0 12,6875 -89 0 0 0
391998,7 334 0 19,5625 -87 0 0 0
391999,6 288 0 7,625 -86 0 0 0
392249,5 288 0 21,5625 -83 0 0 0
392249,7 284 0 32,0625 -85 0 0 0
392249,6 288 0,505231 32,9375 -85 0 0 0
394499,2 289 0 18,125 -81 0 0 0
394499,2 286 0 19,3125 -80 0 0 0
394749,4 287 0 17,8125 -80 0 0 0
394749,4 287 0 17,25 -79 0 0 0
409062,6 222 0 9,8125 -89 0 0 0
387748,7 285 0 6,6875 -87 0 0 0
390249 162 0 8 -85 0 0 0
390248,6 162 0 6,875 -85 0 0 0
392749,3 60 0 10,875 -79 0 0 0
392749,3 162 0 9,875 -79 0 0 0
392749,5 61 0 9,875 -78 0 0 0
395249,5 292 0 18,625 -75 0 0 0
395249,6 292 0 18,125 -75 0 0 0
390998,6 294 0 4,1875 -87 0 0 0
390999,4 60 0 11,4375 -89 0 0 0
391248,9 293 0 4,3125 -83 0 0 0
391249 293 0 1 -84 0 0 0
391248,9 293 0 11,5625 -85 0 0 0
393499,7 291 0,5072381 19,8125 -86 0 0 0
393498,6 290 0 17,8125 -84 0 0 0
393748,8 292 0 13,9375 -78 0 0 0
393748,9 56 0 15,0625 -79 0 0 0
395999,2 294 0,5144409 15 -86 0 0 0
395999,6 297 0 17,6875 -82 0 0 0
396249,2 101 0,5239897 12,4375 -82 0 0 0
396249 97 0 15,6875 -84 0 0 0
387248,8 292 0 6,8125 -86 0 0 0
387248,4 293 0 7,125 -86 0 0 0
389748,8 288 0 7,875 -85 0 0 0
389749,3 289 0 6,6875 -85 0 0 0
389749,2 287 0 6,5625 -84 0 0 0
392249,3 286 0 11,8125 -80 0 0 0
392249,3 286 0 11,625 -80 0 0 0
392249,3 287 0 10,5 -79 0 0 0
394749,3 287 0 64,0625 -74 0 0 0
403224,9 199 0 1 -85 0 0 0
409063,2 72 0,6776966 16,4375 -89 0 0 0
386998,6 292 0 6,5625 -84 0 0 0
386998,5 292 0 7,125 -84 0 0 0
386998,5 295 0 6,375 -84 0 0 0
389499,5 287 0 7,625 -85 0 0 0
389499,3 286 0 6,0625 -85 0 0 0
391999,3 286 0 13,375 -80 0 0 0
391999,3 286 0 12,9375 -80 0 0 0
394499,2 287 0 3,6875 -75 0 0 0
394499,2 290 0 3,9375 -75 0 0 0
409063,2 224 0 16,4375 -89 0 0 0
388249 154 0 8,75 -89 0 0 0
390748,7 293 0 1 -86 0 0 0
390748,7 55 0 1 -86 0 0 0
390748,7 292 0 1 -86 0 0 0
393248,7 291 0 1 -86 0 0 0
393248,6 56 0 1 -86 0 0 0
395749,5 296 0 11,0625 -76 0 0 0
395749,6 295 0 10,8125 -76 0 0 0
403223,2 197 0 8,125 -82 0 0 0
386997,9 56 0 1 -89 0 0 0
386998,5 291 0 10,1875 -86 0 0 0
389498,9 288 0 7,125 -86 0 0 0
389499,3 287 0 9,125 -88 0 0 0
391999,2 288 0 16,8125 -81 0 0 0
391999,3 286 0 22,375 -82 0 0 0
394249,7 289 0 19,8125 -87 0 0 0
394249,4 286 0 19,3125 -84 0 0 0
394499,2 287 0 5,1875 -76 0 0 0
394499,3 287 0 11,9375 -76 0 0 0
394499,2 286 0 15,4375 -77 0 0 0
403226,2 198 0 7,9375 -81 0 0 0
387748,6 277 0 7,4375 -88 0 0 0
387748,6 290 0 6,0625 -89 0 0 0
387748,7 162 0 4,8125 -89 0 0 0
390248,7 158 0 7,0625 -85 0 0 0
390248,7 162 0 6,875 -84 0 0 0
392749,3 287 0,5076002 9,5 -78 0 0 0
392749,3 154 0 9,875 -79 0 0 0
395249,5 293 0 15,8125 -74 0 0 0
395249,5 292 0 15,8125 -74 0 0 0
386499,1 57 0 7,875 -83 0 0 0
386499 56 0 8,5 -84 0 0 0
386498,7 292 0 8,5 -85 0 0 0
391499 294 0 45 -80 0 0 0
391499 292 0 45,125 -80 0 0 0
391499 293 0 45,375 -80 0 0 0
393999 58 0 11 -74 0 0 0
390249,8 288 0 12,6875 -89 0 0 0
390249 162 0 9,625 -87 0 0 0
390498,3 42 0 1 -89 0 0 0
392749,6 291 0 18,6875 -85 0 0 0
392748,9 286 0,5143178 21,375 -84 0 0 0
392999,2 290 0 15,875 -84 0 0 0
392999,2 288 0,5002851 13,75 -86 90 0 0
395249,7 290 0 16,375 -80 0 0 0
395249,7 293 0 14,8125 -79 0 0 0
395499,1 294 0 19,6875 -81 0 0 0
395499,7 55 0 37,875 -84 0 0 0
386498,8 55 0 11 -86 0 0 0
386498,9 60 0 8,875 -84 0 0 0
391499,1 293 0 6,3125 -83 0 0 0
391499 294 0 43,625 -81 0 0 0
391749,4 96 0 6,875 -87 0 0 0
393998,9 292 0 16,125 -77 0 0 0
393999 291 0 12,9375 -76 0 0 0
394248,9 57 0 20,875 -83 0 0 0
394248,1 102 0 19,375 -86 0 0 0
387248,2 296 0 9,8125 -89 0 0 0
387248,5 292 0 6,4375 -87 0 0 0
389748,8 288 0 10,6875 -87 0 0 0
389748,8 285 0 8,125 -86 0 0 0
392249,5 287 0 19,625 -84 0 0 0
392249,2 287 0 14,3125 -81 0 0 0
392498,6 288 0 14,25 -87 0 0 0
394749,3 286 0 63,625 -75 0 0 0
394749,3 287 0 16,125 -77 0 0 0
394749,3 162 0 14,75 -76 0 0 0
394999,2 288 0 26,25 -83 0 0 0
394998,9 288 0 15,125 -86 0 0 0
387998,8 162 0 8,8125 -89 0 0 0
390498,8 162 0 1 -89 0 0 0
392999,3 289 0 9,25 -79 0 0 0
392999 291 0 8,625 -78 0 0 0
392999,2 289 0 8,6875 -78 0 0 0
395499,6 292 0 13,5 -75 0 0 0
395499,6 294 0 12,8125 -76 0 0 0
405015,3 33 0 6,5 -86 0 0 0
391249 293 0 1 -85 0 0 0
391249 294 0 1 -84 0 0 0
391499,1 290 0 14,0625 -86 0 0 0
393748,9 293 0 14,625 -79 0 0 0
393748,8 292 0 13,5625 -78 0 0 0
393999 291 0 19,5625 -81 0 0 0
393998,7 288 0 17,875 -85 0 0 0
396249,1 297 0 13,375 -84 0 0 0
396249,1 102 0 13,875 -83 0 0 0
396249,2 294 0 11,875 -81 0 0 0
387248,4 294 0 8,8125 -86 0 0 0
387248,6 289 0 8,375 -87 0 0 0
387248,8 293 0 8,875 -87 0 0 0
389749,1 285 0 8,9375 -86 0 0 0
389749,1 286 0 8,9375 -86 0 0 0
389748,8 289 0 9,75 -86 0 0 0
391999,6 287 0 6,625 -89 0 0 0
392249,5 287 0 19,625 -84 0 0 0
394498,2 162 0 17,8125 -87 0 0 0
394499,2 162 0 22,375 -85 0 0 0
394749,3 285 0 63,75 -75 0 0 0
394749,3 286 0 14,375 -76 0 0 0
390998,8 291 0,5025814 1 -86 0 0 0
393248,9 292 0 13,8125 -86 0 0 0
393249,4 153 0 22,375 -84 0 0 0
393498,8 293 0 15,25 -80 0 0 0
393499,3 292 0 18,0625 -81 0 0 0
395750,5 296 0 6,75 -87 0 0 0
395749,7 295 0,5044442 34,0625 -85 0 0 0
395749,4 294 0 15,125 -82 0 0 0
395999 295 0 13 -79 0 0 0
395999,6 296 0 18,75 -81 0 0 0
395999,2 296 0,5052891 19,8125 -82 0 0 0
386499 58 0 9,3125 -83 0 0 0
386499,1 292 0 10,9375 -83 0 0 0
386499,2 294 0 11,375 -82 0 0 0
388999,3 100 0 9 -89 0 0 0
388999,1 294 0 6,125 -88 0 0 0
388999,2 296 0,596489 7,5 -88 0 0 0
391499,1 294 0 4,0625 -80 0 0 0
393998,9 58 0 10,625 -74 0 0 0
393998,9 58 0 10,3125 -74 0 0 0
387748,7 106 0 7,75 -88 0 0 0
387748,7 284 0 6,5 -89 0 0 0
392749,3 287 0 12,9375 -78 0 0 0
392749,3 151 0 12,625 -78 0 0 0
392749,4 287 0 12,6875 -78 0 0 0
395249,6 293 0 25,25 -74 0 0 0
395249,5 293 0 19,9375 -74 0 0 0
395249,5 293 0 19,75 -74 0 0 0
388499 291 0,5047917 16,1875 -89 0 0 0
390998,8 55 0 1 -85 0 0 0
390998,8 292 0 1 -85 0 0 0
390998,8 55 0 1 -84 0 0 0
393498,7 291 0 1 -83 0 0 0
393498,9 292 0 9,8125 -76 0 0 0
393498,6 292 0 1 -81 0 0 0
395999,5 295 0 10,9375 -77 0 0 0
386748,8 293 0 8,75 -84 0 0 0
386748,8 99 0 9,125 -85 0 0 0
389249,3 290 0 6,25 -88 0 0 0
389249 289 0,5450599 7,1875 -88 0 0 0
391749,3 292 0 45,75 -80 0 0 0
391749,3 101 0 46 -80 0 0 0
391749,2 289 0 43,3125 -81 0 0 0
393998,7 295 0 17,3125 -86 0 0 0
394249 59 0 1 -76 0 0 0
394249,1 290 0 13,5 -76 0 0 0
405015,3 28 0,7938786 4,75 -89 0 0 0
387248,4 292 0,5176063 7,25 -89 0 0 0
389748,8 288 0 10,1875 -89 0 0 0
389749,4 286 0 9,75 -88 0 0 0
392249,1 286 0,6141709 20,375 -84 0 0 0
392249,6 58 0 32,9375 -85 0 0 0
392249,3 287 0 16,8125 -82 0 0 0
392499,7 286 0 33,125 -85 0 0 0
392499,4 288,6191 0,6036246 26,9375 -87 0,6191406 0 0
392498,6 162 0 15,25 -89 0 0 0
394749,4 287 0 16,5 -78 0 0 0
394749,4 287 0 14,375 -77 0 0 0
394999,3 286 0 18 -81 0 0 0
394999,3 105 0 21,375 -84 0 0 0
387248,5 292 0 7,3125 -86 0 0 0
387248,7 294 0 6,4375 -85 0 0 0
387248,4 292 0,5009019 6,5625 -85 0 0 0
389748,8 285 0 6,875 -85 0 0 0
389749,1 286 0 6,1875 -84 0 0 0
392249,4 288 0 11,375 -80 0 0 0
392249,4 287 0 11,1875 -80 0 0 0
394749,4 162 0 63,8125 -74 0 0 0
394749,4 286 0 63,6875 -74 0 0 0
390498,8 55 0 10,5625 -87 0 0 0
390498,5 45 0 1 -88 0 0 0
392999,2 292 0 21,8125 -84 0 0 0
392999,5 288 0 14,5625 -82 0 0 0
392999,2 289 0 13 -81 0 0 0
393248,7 291 0 20,25 -85 0 0 0
393248,9 152 0 14,875 -86 0 0 0
393249,9 55 0 12,6875 -89 0 0 0
395499,4 145 0 26,3125 -81 0 0 0
395499,8 294 0 29,4375 -79 0 0 0
395499,7 294 0 22,0625 -78 0 0 0
395750,1 295 0,5001115 39,3125 -83 90 0 0
395750 293 0 33,5625 -85 0 0 0
395749,4 57 0 15,25 -88 0 0 0
386498,5 61 0 12,1875 -88 0 0 0
391248,4 99 0 24,4375 -88 0 0 0
391248,9 295 0 5 -86 0 0 0
391248,9 295 0 12 -85 0 0 0
391499,3 292 0 1 -84 0 0 0
391499,1 55 0 12,1875 -85 0 0 0
391498,8 55 0 13,25 -86 0 0 0
393748,4 295 0 24,4375 -84 0 0 0
393749,2 292 0 19,0625 -81 0 0 0
393748,9 294 0 15,0625 -79 0 0 0
393998,9 59 0 16,625 -78 0 0 0
393999 291 0 19,5625 -79 0 0 0
393999 59 0 20,3125 -81 0 0 0
396249,5 297 0 12,1875 -86 0 0 0
386998,4 292 0 7,3125 -85 0 0 0
386998,8 289 0 8,5 -85 0 0 0
389498,9 285 0 9,625 -87 0 0 0
391999,3 286 0 16,0625 -81 0 0 0
391999,4 287 0 23,125 -81 0 0 0
391999,3 288 0 22,375 -82 0 0 0
394248,9 286 0 22,375 -86 0 0 0
394499,3 286 0 1 -76 0 0 0
394499,2 286 0 5,1875 -76 0 0 0
394499,2 287 0 14,375 -77 0 0 0
