390748,7 55 0 1 -86 0 0 0
390748,7 292 0 1 -86 0 0 0
390748,7 288 0 1 -86 0 0 0
393248,7 294 0 1 -86 0 0 0
393248,8 55 0 1 -87 0 0 0
395749,7 296 0 11,75 -76 0 0 0
395749,6 295 0 10,8125 -76 0 0 0
386498,8 57 0 7,75 -84 0 0 0
386498,9 295 0 8,875 -84 0 0 0
388998,9 99 0 5,3125 -89 0 0 0
391499,1 293 0 4,1875 -81 0 0 0
391499 292 0 45,125 -80 0 0 0
393999 60 0 10,4375 -75 0 0 0
393998,8 291 0 1 -77 0 0 0
393998,8 288 0 1 -77 0 0 0
409063,4 89 0 11,4375 -88 0 0 0
387498,7 102 0 7,25 -89 0 0 0
389998,7 287 0 8,375 -86 0 0 0
392249,1 287 0 18,3125 -86 0 0 0
392250,1 287 0 17,4375 -89 0 0 0
392499,4 287 0 18,4375 -81 0 0 0
392499,4 287 0,5070566 17,3125 -82 0 0 0
392499,7 284 0 32,8125 -85 0 0 0
394749,4 162 0 19,3125 -82 0 0 0
394749,4 287 0 17,125 -80 0 0 0
394999,4 289 0 15,5625 -78 0 0 0
394999,4 286 0 17,5625 -79 0 0 0
409063,3 88 0 17,8125 -89 0 0 0
390498,6 55 0 1 -89 0 0 0
390498,3 162 0 1 -87 0 0 0
390498,4 158 0 1 -87 0 0 0
392999,2 292 0 14,9375 -82 0 0 0
392998,9 292 0 12,3125 -80 0 0 0
392999,2 152 0 12,1875 -80 0 0 0
393249,4 291 0 17,5625 -87 0 0 0
395499,7 293 0 28,4375 -79 0 0 0
395499,7 293 0 22,8125 -78 0 0 0
395749,7 294 0 30,5 -86 0 0 0
386498,8 60 0 7,75 -84 0 0 0
386498,8 58 0 7,75 -84 0 0 0
386499,1 293 0 7,125 -84 0 0 0
388999,3 297 0 8,625 -89 0 0 0
391499 292 0 44,875 -80 0 0 0
391499,1 292 0 3,375 -80 0 0 0
393998,9 59 0 1 -77 0 0 0
393998,8 58 0 1 -77 0 0 0
390248,8 169 0 6,375 -84 0 0 0
390248,7 341 0 7,0625 -85 0 0 0
392749,4 286 0 10,6875 -79 0 0 0
392749,4 290 0 10,1875 -78 0 0 0
392749,3 60 0 9,875 -79 0 0 0
395249,5 292 0 15,625 -74 0 0 0
395249,5 292 0 15,8125 -74 0 0 0
405014,7 29 0,5279431 7,125 -87 0 0 0
405015,1 33 0,699451 8,375 -86 0 0 0
387248,3 290 0 8,3125 -86 0 0 0
387248,5 292 0 10,6875 -87 0 0 0
389749,3 288 0 9,4375 -85 0 0 0
389749,1 288 0 8,9375 -86 0 0 0
389749,3 287 0,5104944 8,875 -87 0 0 0
392249,4 286 0 14,25 -80 0 0 0
392249,3 287 0 13,5 -81 0 0 0
392249,3 288 0 16,8125 -82 0 0 0
394499,5 284 0 18,0625 -85 0 0 0
394749,3 162 0 14,6875 -76 0 0 0
390748,7 55 0 1 -86 0 0 0
390748,7 56 0 1 -86 0 0 0
393248,6 293 0 1 -86 0 0 0
393248,5 292 0 1 -85 0 0 0
395749,6 295 0 10,8125 -76 0 0 0
395749,5 296 0 11,0625 -76 0 0 0
395749,5 158 0 10,5625 -75 0 0 0
386498,9 58 0 8 -85 0 0 0
386498,5 57 0 11 -85 0 0 0
391499 293 0 45,25 -80 0 0 0
391499 293 0 43,3125 -81 0 0 0
393999 58 0 10,8125 -74 0 0 0
393999 57 0 12,0625 -75 0 0 0
387248,4 291 0 8,75 -88 0 0 0
389749,4 285 0 9,75 -88 0 0 0
389748,3 289 0 12,6875 -89 0 0 0
391998,7 334 0 19,5625 -87 0 0 0
391999,6 288 0 7,625 -86 0 0 0
392249,5 288 0 21,5625 -83 0 0 0
392249,7 284 0 32,0625 -85 0 0 0
392249,6 288 0,505231 32,9375 -85 0 0 0
394499,2 289 0 18,125 -81 0 0 0
394499,2 286 0 19,3125 -80 0 0 0
394749,4 287 0 17,8125 -80 0 0 0
394749,4 287 0 17,25 -79 0 0 0
409062,6 222 0 9,8125 -89 0 0 0
387748,7 285 0 6,6875 -87 0 0 0
390249 162 0 8 -85 0 0 0
390248,6 162 0 6,875 -85 0 0 0
392749,3 60 0 10,875 -79 0 0 0
392749,3 162 0 9,875 -79 0 0 0
392749,5 61 0 9,875 -78 0 0 0
395249,5 292 0 18,625 -75 0 0 0
395249,6 292 0 18,125 -75 0 0 0
390998,6 294 0 4,1875 -87 0 0 0
390999,4 60 0 11,4375 -89 0 0 0
391248,9 293 0 4,3125 -83 0 0 0
391249 293 0 1 -84 0 0 0
391248,9 293 0 11,5625 -85 0 0 0
393499,7 291 0,5072381 19,8125 -86 0 0 0
393498,6 290 0 17,8125 -84 0 0 0
393748,8 292 0 13,9375 -78 0 0 0
393748,9 56 0 15,0625 -79 0 0 0
395999,2 294 0,5144409 15 -86 0 0 0
395999,6 297 0 17,6875 -82 0 0 0
396249,2 101 0,5239897 12,4375 -82 0 0 0
396249 97 0 15,6875 -84 0 0 0
387248,8 292 0 6,8125 -86 0 0 0
387248,4 293 0 7,125 -86 0 0 0
389748,8 288 0 7,875 -85 0 0 0
389749,3 289 0 6,6875 -85 0 0 0
389749,2 287 0 6,5625 -84 0 0 0
392249,3 286 0 11,8125 -80 0 0 0
392249,3 286 0 11,625 -80 0 0 0
392249,3 287 0 10,5 -79 0 0 0
394749,3 287 0 64,0625 -74 0 0 0
403224,9 199 0 1 -85 0 0 0
409063,2 72 0,6776966 16,4375 -89 0 0 0
386998,6 292 0 6,5625 -84 0 0 0
386998,5 292 0 7,125 -84 0 0 0
386998,5 295 0 6,375 -84 0 0 0
389499,5 287 0 7,625 -85 0 0 0
389499,3 286 0 6,0625 -85 0 0 0
391999,3 286 0 13,375 -80 0 0 0
391999,3 286 0 12,9375 -80 0 0 0
394499,2 287 0 3,6875 -75 0 0 0
394499,2 290 0 3,9375 -75 0 0 0
409063,2 224 0 16,4375 -89 0 0 0
388249 154 0 8,75 -89 0 0 0
390748,7 293 0 1 -86 0 0 0
390748,7 55 0 1 -86 0 0 0
390748,7 292 0 1 -86 0 0 0
393248,7 291 0 1 -86 0 0 0
393248,6 56 0 1 -86 0 0 0
395749,5 296 0 11,0625 -76 0 0 0
395749,6 295 0 10,8125 -76 0 0 0
403223,2 197 0 8,125 -82 0 0 0
386997,9 56 0 1 -89 0 0 0
386998,5 291 0 10,1875 -86 0 0 0
389498,9 288 0 7,125 -86 0 0 0
389499,3 287 0 9,125 -88 0 0 0
391999,2 288 0 16,8125 -81 0 0 0
391999,3 286 0 22,375 -82 0 0 0
394249,7 289 0 19,8125 -87 0 0 0
394249,4 286 0 19,3125 -84 0 0 0
394499,2 287 0 5,1875 -76 0 0 0
394499,3 287 0 11,9375 -76 0 0 0
394499,2 286 0 15,4375 -77 0 0 0
403226,2 198 0 7,9375 -81 0 0 0
387748,6 277 0 7,4375 -88 0 0 0
387748,6 290 0 6,0625 -89 0 0 0
387748,7 162 0 4,8125 -89 0 0 0
390248,7 158 0 7,0625 -85 0 0 0
390248,7 162 0 6,875 -84 0 0 0
392749,3 287 0,5076002 9,5 -78 0 0 0
392749,3 154 0 9,875 -79 0 0 0
395249,5 293 0 15,8125 -74 0 0 0
395249,5 292 0 15,8125 -74 0 0 0
386499,1 57 0 7,875 -83 0 0 0
386499 56 0 8,5 -84 0 0 0
386498,7 292 0 8,5 -85 0 0 0
391499 294 0 45 -80 0 0 0
391499 292 0 45,125 -80 0 0 0
391499 293 0 45,375 -80 0 0 0
393999 58 0 11 -74 0 0 0
390249,8 288 0 12,6875 -89 0 0 0
390249 162 0 9,625 -87 0 0 0
390498,3 42 0 1 -89 0 0 0
392749,6 291 0 18,6875 -85 0 0 0
392748,9 286 0,5143178 21,375 -84 0 0 0
392999,2 290 0 15,875 -84 0 0 0
392999,2 288 0,5002851 13,75 -86 90 0 0
395249,7 290 0 16,375 -80 0 0 0
395249,7 293 0 14,8125 -79 0 0 0
395499,1 294 0 19,6875 -81 0 0 0
395499,7 55 0 37,875 -84 0 0 0
386498,8 55 0 11 -86 0 0 0
386498,9 60 0 8,875 -84 0 0 0
391499,1 293 0 6,3125 -83 0 0 0
391499 294 0 43,625 -81 0 0 0
391749,4 96 0 6,875 -87 0 0 0
393998,9 292 0 16,125 -77 0 0 0
393999 291 0 12,9375 -76 0 0 0
394248,9 57 0 20,875 -83 0 0 0
394248,1 102 0 19,375 -86 0 0 0
387248,2 296 0 9,8125 -89 0 0 0
387248,5 292 0 6,4375 -87 0 0 0
389748,8 288 0 10,6875 -87 0 0 0
389748,8 285 0 8,125 -86 0 0 0
392249,5 287 0 19,625 -84 0 0 0
392249,2 287 0 14,3125 -81 0 0 0
392498,6 288 0 14,25 -87 0 0 0
394749,3 286 0 63,625 -75 0 0 0
394749,3 287 0 16,125 -77 0 0 0
394749,3 162 0 14,75 -76 0 0 0
394999,2 288 0 26,25 -83 0 0 0
394998,9 288 0 15,125 -86 0 0 0
387998,8 162 0 8,8125 -89 0 0 0
390498,8 162 0 1 -89 0 0 0
392999,3 289 0 9,25 -79 0 0 0
392999 291 0 8,625 -78 0 0 0
392999,2 289 0 8,6875 -78 0 0 0
395499,6 292 0 13,5 -75 0 0 0
395499,6 294 0 12,8125 -76 0 0 0
405015,3 33 0 6,5 -86 0 0 0
391249 293 0 1 -85 0 0 0
391249 294 0 1 -84 0 0 0
391499,1 290 0 14,0625 -86 0 0 0
393748,9 293 0 14,625 -79 0 0 0
393748,8 292 0 13,5625 -78 0 0 0
393999 291 0 19,5625 -81 0 0 0
393998,7 288 0 17,875 -85 0 0 0
396249,1 297 0 13,375 -84 0 0 0
396249,1 102 0 13,875 -83 0 0 0
396249,2 294 0 11,875 -81 0 0 0
387248,4 294 0 8,8125 -86 0 0 0
387248,6 289 0 8,375 -87 0 0 0
387248,8 293 0 8,875 -87 0 0 0
389749,1 285 0 8,9375 -86 0 0 0
389749,1 286 0 8,9375 -86 0 0 0
389748,8 289 0 9,75 -86 0 0 0
391999,6 287 0 6,625 -89 0 0 0
392249,5 287 0 19,625 -84 0 0 0
394498,2 162 0 17,8125 -87 0 0 0
394499,2 162 0 22,375 -85 0 0 0
394749,3 285 0 63,75 -75 0 0 0
394749,3 286 0 14,375 -76 0 0 0
390998,8 291 0,5025814 1 -86 0 0 0
393248,9 292 0 13,8125 -86 0 0 0
393249,4 153 0 22,375 -84 0 0 0
393498,8 293 0 15,25 -80 0 0 0
393499,3 292 0 18,0625 -81 0 0 0
395750,5 296 0 6,75 -87 0 0 0
395749,7 295 0,5044442 34,0625 -85 0 0 0
395749,4 294 0 15,125 -82 0 0 0
395999 295 0 13 -79 0 0 0
395999,6 296 0 18,75 -81 0 0 0
395999,2 296 0,5052891 19,8125 -82 0 0 0
386499 58 0 9,3125 -83 0 0 0
386499,1 292 0 10,9375 -83 0 0 0
386499,2 294 0 11,375 -82 0 0 0
388999,3 100 0 9 -89 0 0 0
388999,1 294 0 6,125 -88 0 0 0
388999,2 296 0,596489 7,5 -88 0 0 0
391499,1 294 0 4,0625 -80 0 0 0
393998,9 58 0 10,625 -74 0 0 0
393998,9 58 0 10,3125 -74 0 0 0
387748,7 106 0 7,75 -88 0 0 0
387748,7 284 0 6,5 -89 0 0 0
392749,3 287 0 12,9375 -78 0 0 0
392749,3 151 0 12,625 -78 0 0 0
392749,4 287 0 12,6875 -78 0 0 0
395249,6 293 0 25,25 -74 0 0 0
395249,5 293 0 19,9375 -74 0 0 0
395249,5 293 0 19,75 -74 0 0 0
388499 291 0,5047917 16,1875 -89 0 0 0
390998,8 55 0 1 -85 0 0 0
390998,8 292 0 1 -85 0 0 0
390998,8 55 0 1 -84 0 0 0
393498,7 291 0 1 -83 0 0 0
393498,9 292 0 9,8125 -76 0 0 0
393498,6 292 0 1 -81 0 0 0
395999,5 295 0 10,9375 -77 0 0 0
386748,8 293 0 8,75 -84 0 0 0
386748,8 99 0 9,125 -85 0 0 0
389249,3 290 0 6,25 -88 0 0 0
389249 289 0,5450599 7,1875 -88 0 0 0
391749,3 292 0 45,75 -80 0 0 0
391749,3 101 0 46 -80 0 0 0
391749,2 289 0 43,3125 -81 0 0 0
393998,7 295 0 17,3125 -86 0 0 0
394249 59 0 1 -76 0 0 0
394249,1 290 0 13,5 -76 0 0 0
405015,3 28 0,7938786 4,75 -89 0 0 0
387248,4 292 0,5176063 7,25 -89 0 0 0
389748,8 288 0 10,1875 -89 0 0 0
389749,4 286 0 9,75 -88 0 0 0
392249,1 286 0,6141709 20,375 -84 0 0 0
392249,6 58 0 32,9375 -85 0 0 0
392249,3 287 0 16,8125 -82 0 0 0
392499,7 286 0 33,125 -85 0 0 0
392499,4 288,6191 0,6036246 26,9375 -87 0,6191406 0 0
392498,6 162 0 15,25 -89 0 0 0
394749,4 287 0 16,5 -78 0 0 0
394749,4 287 0 14,375 -77 0 0 0
394999,3 286 0 18 -81 0 0 0
394999,3 105 0 21,375 -84 0 0 0
387248,5 292 0 7,3125 -86 0 0 0
387248,7 294 0 6,4375 -85 0 0 0
387248,4 292 0,5009019 6,5625 -85 0 0 0
389748,8 285 0 6,875 -85 0 0 0
389749,1 286 0 6,1875 -84 0 0 0
392249,4 288 0 11,375 -80 0 0 0
392249,4 287 0 11,1875 -80 0 0 0
394749,4 162 0 63,8125 -74 0 0 0
394749,4 286 0 63,6875 -74 0 0 0
390498,8 55 0 10,5625 -87 0 0 0
390498,5 45 0 1 -88 0 0 0
392999,2 292 0 21,8125 -84 0 0 0
392999,5 288 0 14,5625 -82 0 0 0
392999,2 289 0 13 -81 0 0 0
393248,7 291 0 20,25 -85 0 0 0
393248,9 152 0 14,875 -86 0 0 0
393249,9 55 0 12,6875 -89 0 0 0
395499,4 145 0 26,3125 -81 0 0 0
395499,8 294 0 29,4375 -79 0 0 0
395499,7 294 0 22,0625 -78 0 0 0
395750,1 295 0,5001115 39,3125 -83 90 0 0
395750 293 0 33,5625 -85 0 0 0
395749,4 57 0 15,25 -88 0 0 0
386498,5 61 0 12,1875 -88 0 0 0
391248,4 99 0 24,4375 -88 0 0 0
391248,9 295 0 5 -86 0 0 0
391248,9 295 0 12 -85 0 0 0
391499,3 292 0 1 -84 0 0 0
391499,1 55 0 12,1875 -85 0 0 0
391498,8 55 0 13,25 -86 0 0 0
393748,4 295 0 24,4375 -84 0 0 0
393749,2 292 0 19,0625 -81 0 0 0
393748,9 294 0 15,0625 -79 0 0 0
393998,9 59 0 16,625 -78 0 0 0
393999 291 0 19,5625 -79 0 0 0
393999 59 0 20,3125 -81 0 0 0
396249,5 297 0 12,1875 -86 0 0 0
386998,4 292 0 7,3125 -85 0 0 0
386998,8 289 0 8,5 -85 0 0 0
389498,9 285 0 9,625 -87 0 0 0
391999,3 286 0 16,0625 -81 0 0 0
391999,4 287 0 23,125 -81 0 0 0
391999,3 288 0 22,375 -82 0 0 0
394248,9 286 0 22,375 -86 0 0 0
394499,3 286 0 1 -76 0 0 0
394499,2 286 0 5,1875 -76 0 0 0
394499,2 287 0 14,375 -77 0 0 0
387248,5 294 0 9,125 -88 0 0 0
387248,5 293 0 8 -87 0 0 0
389749,3 285 0 8,875 -87 0 0 0
389748,8 285 0 9,75 -86 0 0 0
392249,4 286 0 20,375 -84 0 0 0
392249,3 287 0 13,875 -81 0 0 0
392499,4 162 0 16 -87 0 0 0
394749,3 286 0 63,0625 -75 0 0 0
394749,3 286 0 16,125 -77 0 0 0
394749,3 162 0 14,3125 -76 0 0 0
394999,2 162 0 18,625 -83 0 0 0
394999,7 286 0 15,75 -86 0 0 0
394999,2 161 0 14,25 -89 0 0 0
390998,8 55 0 1 -87 0 0 0
390999 143 0 19,0625 -89 0 0 0
391248,9 294 0 4,3125 -84 0 0 0
391248,9 55 0 11,5625 -85 0 0 0
391248,9 293 0 11,4375 -86 0 0 0
393498,9 293 0 19,5625 -86 0 0 0
393499,7 291 0,5172814 25,3125 -83 0 0 0
393748,9 292 0 14,625 -79 0 0 0
393748,9 292 0 17,375 -79 0 0 0
395999,7 293 0,5287468 20,4375 -85 0 0 0
395999,2 295 0 21,8125 -84 0 0 0
396249,5 291 0 15,625 -84 0 0 0
396248,7 103 0,560311 12,5625 -85 0 0 0
386749,5 61 0 11,4375 -89 0 0 0
386749,5 293 0 22,875 -89 0 0 0
386998,4 60 0 9,75 -88 0 0 0
389498,9 287 0 8,875 -89 0 0 0
391749,1 55 0 29,3125 -86 0 0 0
391749,1 291 0 13,625 -84 0 0 0
391999,1 285 0 20,375 -84 0 0 0
391999,3 287 0 30,5 -86 0 0 0
394248,9 104 0 19,25 -80 0 0 0
394249,2 286 0 19,3125 -78 0 0 0
394499,2 286 0 16,5625 -79 0 0 0
394499,2 162 0 17,5 -81 0 0 0
390249 33 0 10,6875 -88 0 0 0
390249,3 162 0 10,1875 -89 0 0 0
392499,7 162 0 29,625 -86 0 0 0
392499,1 287 0 17,8125 -87 0 0 0
392749,4 286 0,5145911 15,125 -81 0 0 0
392749,2 287 0 14,5625 -82 0 0 0
392749,6 162 0 16,125 -83 0 0 0
394999,3 162 0 22,5625 -81 0 0 0
394998,9 162 0 18,5 -85 0 0 0
395249,8 293 0 55,3125 -78 0 0 0
395249,7 293 0 14,6875 -79 0 0 0
390748,8 55 0 1 -87 0 0 0
390748,7 294 0 1 -86 0 0 0
390748,7 55 0 1 -86 0 0 0
393248,8 288 0 1 -86 0 0 0
395749,6 295 0 10,8125 -76 0 0 0
395749,7 295 0 11,75 -76 0 0 0
386498,5 56 0 10,6875 -87 0 0 0
386498,8 293 0 8,25 -88 0 0 0
391248,9 295 0 5,8125 -87 0 0 0
391248,9 294 0 11,0625 -85 0 0 0
391499,4 294 0 1 -85 0 0 0
391498,9 292 0 32,0625 -85 0 0 0
393749,2 293 0 19,8125 -81 0 0 0
393748,9 292 0 16,25 -79 0 0 0
393999 56 0 18,8125 -79 0 0 0
393999 290 0 20,3125 -81 0 0 0
396249,5 306 0,5856487 27,4375 -87 0 0 0
396249 100 0 14,375 -85 0 0 0
396249,5 99 0 16,6875 -83 0 0 0
387248,7 291 0 6,5 -86 0 0 0
387248,3 294 0 8,125 -86 0 0 0
389749,1 286 0 6,1875 -84 0 0 0
389748,8 283 0 6,875 -85 0 0 0
392249,4 287 0 11,0625 -80 0 0 0
392249,4 287 0 11,1875 -80 0 0 0
394749,3 162 0 64,4375 -74 0 0 0
394749,3 286 0 64,25 -74 0 0 0
394749,4 287 0 4,75 -75 0 0 0
390998,8 55 0 1 -87 0 0 0
390998,7 55 0 1 -86 0 0 0
390998,9 58 0 1 -86 0 0 0
391248,9 294 0 12,6875 -87 0 0 0
391248,9 293 0 5,3125 -89 0 0 0
393498,9 293 0 14 -79 0 0 0
393748,9 293 0 17,0625 -85 0 0 0
395999,5 296 0,5142173 15 -81 0 0 0
395999,5 296 0 16 -80 0 0 0
395999,5 295 0 14,5 -79 0 0 0
396249,1 56 0 10,875 -86 0 0 0
386999 292 0 6,8125 -84 0 0 0
386998,5 291 0 6,375 -84 0 0 0
389499,2 287 0 6,1875 -85 0 0 0
389499,3 286 0,5001379 6,0625 -85 90 0 0
391999,4 286 0 16,625 -80 0 0 0
391999,3 287 0 13,0625 -80 0 0 0
391999,3 287 0 12,9375 -80 0 0 0
394499,2 289 0 3,75 -75 0 0 0
405015,5 36 0,6869947 5,9375 -86 0 0 0
390498,5 288 0 1 -88 0 0 0
390498,7 55 0 1 -89 0 0 0
390498,7 151 0 1 -89 0 0 0
392999 162 0,5129974 9,125 -78 0 0 0
392999 292 0,5619662 8,5 -78 0 0 0
395499,6 294 0 11,6875 -75 0 0 0
395499,6 293 0 13,8125 -75 0 0 0
403225,9 198 0 8,25 -82 0 0 0
386748,8 293 0 6,6875 -83 0 0 0
386748,5 57 0 6,8125 -83 0 0 0
386748,9 293 0 7,0625 -83 0 0 0
389249,1 290 0,5096513 5,25 -86 0 0 0
389249,3 103 0 5,9375 -87 0 0 0
391749,2 291 0 25 -79 0 0 0
391749,3 291 0 44,75 -80 0 0 0
394249 287 0 1 -76 0 0 0
403226,4 92 0 8,625 -82 0 0 0
405015,5 22 0,8911591 5,5 -89 0 0 0
387248,4 293 0 8,75 -88 0 0 0
387248,8 290 0 8,375 -86 0 0 0
387248,4 293 0 7,6875 -87 0 0 0
389749,3 290 0 8,875 -87 0 0 0
389749,2 286 0 8 -85 0 0 0
392249,3 286 0 16,8125 -82 0 0 0
392249,3 288 0 13,875 -81 0 0 0
394749,2 286 0 34,5 -75 0 0 0
394749,3 162 0 61,875 -75 0 0 0
394998,9 284 0 16,875 -86 0 0 0
403225,1 92 0 1 -86 0 0 0
387998,8 60 0 6,0625 -89 0 0 0
390498,5 46 0 1 -88 0 0 0
390498,5 162 0 1 -88 0 0 0
390498,5 290 0 1 -88 0 0 0
392999,2 291 0 11,5 -79 0 0 0
395499,6 294 0 16,0625 -76 0 0 0
395499,8 293 0 22,3125 -77 0 0 0
403224,9 198 0 1 -86 0 0 0
403225,1 197 0,5033506 1 -86 0 0 0
388749,2 300 0,6171106 16,4375 -89 0 0 0
391249,1 294 0 1 -83 0 0 0
391248,9 294 0 1 -82 0 0 0
393748,8 293 0 10,75 -76 0 0 0
393749 292 0 10,4375 -76 0 0 0
396248,9 98 0 10,5 -80 0 0 0
396249,3 99 0 11,1875 -80 0 0 0
387998,8 66 0 6,125 -89 0 0 0
390498,7 40 0 1 -89 0 0 0
390498,5 162 0 1 -88 0 0 0
392999,3 288,5252 0,5683184 9,875 -78 0,5252075 0 0
392999,4 58 0 8,9375 -78 0 0 0
395499,6 294 0 13,5 -75 0 0 0
395499,5 293 0 11,9375 -75 0 0 0
395499,7 294 0 14,9375 -76 0 0 0
403226 199 0,5922811 9,25 -82 0 0 0
403225,5 198 0 1 -89 0 0 0
388749,1 292 0,5063396 8,75 -89 0 0 0
391248,9 292 0 1 -82 0 0 0
391248,9 295 0 1 -82 0 0 0
393748,7 99 0 1 -80 0 0 0
393748,7 293 0 1 -80 0 0 0
396248,8 101 0 1 -88 0 0 0
396248,9 97 0 1 -89 0 0 0
403225,4 198 0 1 -89 0 0 0
403225,2 197 0 1 -87 0 0 0
386998,5 291 0 6,375 -84 0 0 0
386998,4 293 0 6,875 -84 0 0 0
389499,2 289 0 7,3125 -85 0 0 0
389499,3 288 0 7,0625 -85 0 0 0
391999,3 288 0 13,0625 -80 0 0 0
391999,3 287 0 12,9375 -80 0 0 0
391999,3 287 0 16,75 -80 0 0 0
394499,2 286 0 3,75 -75 0 0 0
394499,2 286 0 3,75 -75 0 0 0
403224,7 200 0 3,0625 -84 0 0 0
403224,6 198 0 35,6875 -83 0 0 0
390248,6 42 0 9,125 -86 0 0 0
390248,8 36 0 10,1875 -86 0 0 0
392749,4 290 0 12,6875 -79 0 0 0
392749,4 287 0 13,4375 -80 0 0 0
392749,4 153 0 14,9375 -81 0 0 0
395000,1 289 0 22,875 -88 0 0 0
395249,5 292 0 21,8125 -75 0 0 0
395249,3 293 0 20,625 -75 0 0 0
403224,7 198 0 3,6875 -84 0 0 0
403223,2 197 0 8,8125 -81 0 0 0
390748,7 294 0 1 -86 0 0 0
390748,7 162 0 1 -86 0 0 0
393248,6 290 0 1 -86 0 0 0
393249,1 292 0 9,375 -78 0 0 0
395749,4 294 0,5065863 11 -76 0 0 0
395749,7 295 0 10,5 -76 0 0 0
395749,5 295 0 10,5625 -75 0 0 0
405015,3 31 0,7900453 5,5 -86 0 0 0
386499,2 57 0 10,8125 -85 0 0 0
386498,8 293 0 8,9375 -86 0 0 0
386499 55 0 10,1875 -86 0 0 0
391249,2 295 0 19,0625 -89 0 0 0
391499,1 294 0 4,8125 -81 0 0 0
391499,3 293 0 1 -83 0 0 0
393748,4 292 0 16,5 -85 0 0 0
393998,9 58 0 18,5 -78 0 0 0
396249 297 0 12,6875 -87 0 0 0
387498,6 296 0 7 -89 0 0 0
387498,6 142 0 7,5 -87 0 0 0
387498,4 290 0 7,75 -88 0 0 0
389998,6 286 0 8,875 -87 0 0 0
389999,1 285 0 9,75 -86 0 0 0
392499,4 286 0 14,875 -81 0 0 0
392499,2 162 0 13,25 -80 0 0 0
394999,4 286 0 35,125 -75 0 0 0
394999,6 287 0 63,6875 -75 0 0 0
395250 294 0,5594609 13,75 -88 0 0 0
390499,1 45 0 15,25 -88 0 0 0
390748,7 45 0 11,625 -85 0 0 0
390748,7 55 0 12,1875 -86 0 0 0
390748,8 41 0 20,375 -89 0 0 0
392999,9 61 0 34,0625 -85 0 0 0
392999,2 284 0,5129781 14,25 -87 0 0 0
393249 290 0 16,375 -81 0 0 0
393249,4 148 0 23,75 -83 0 0 0
395498,7 294 0 19,125 -85 0 0 0
395499,2 294 0 20,1875 -82 0 0 0
395749,7 295 0 27,8125 -80 0 0 0
395749,4 295 0 15,75 -82 0 0 0
386998,8 290 0 10,0625 -85 0 0 0
386998,7 58 0 11 -86 0 0 0
389499,5 286 0 12,5625 -85 0 0 0
391999,4 288 0 24,9375 -80 0 0 0
391999,3 288 0 24,25 -81 0 0 0
391999,3 287 0 24,25 -81 0 0 0
394248,9 101 0 20,375 -88 0 0 0
394499,2 287 0 11,625 -75 0 0 0
394499,2 287 0 15,9375 -75 0 0 0
394499,2 287 0 15,6875 -76 0 0 0
387748,6 106 0 9,125 -89 0 0 0
390248,3 19 0 1 -89 0 0 0
390249 162 0 8,875 -84 0 0 0
392749,3 60 0 12,5625 -78 0 0 0
392749,1 162 0 11,375 -78 0 0 0
392749,4 288 0 13,5625 -79 0 0 0
395249,6 292 0 24,8125 -74 0 0 0
395249,5 291 0 20,1875 -74 0 0 0
395249,5 292 0 19,9375 -74 0 0 0
390748,6 162 0 1 -86 0 0 0
390748,7 45 0 1 -86 0 0 0
390748,6 290 0 1 -86 0 0 0
393249,2 291 0 12,4375 -80 0 0 0
393249 290 0 10,875 -79 0 0 0
393248,9 291 0 10,125 -79 0 0 0
393499,2 295 0 12,6875 -89 0 0 0
395749,5 296 0 15,0625 -78 0 0 0
386498,5 293 0 8,75 -84 0 0 0
386498,9 58 0 9,4375 -85 0 0 0
391499,1 293 0 3,875 -81 0 0 0
391499,1 293 0 4,375 -81 0 0 0
391499 294 0 42,75 -81 0 0 0
393748,4 293 0 19,0625 -87 0 0 0
393999 58 0 10,875 -74 0 0 0
393999,1 57 0 11,5625 -75 0 0 0
393999 101 0 14 -76 0 0 0
390498,5 162 0 1 -87 0 0 0
390498,4 43 0 1 -87 0 0 0
390498,7 57 0 1 -89 0 0 0
392749,3 286 0 10,6875 -88 0 0 0
392749,4 289 0 17,8125 -87 0 0 0
392998,9 56 0 12,4375 -80 0 0 0
392999,2 292 0 13,6875 -81 0 0 0
392999,2 291 0 14,9375 -82 0 0 0
395249,5 289 0,5342872 14,25 -88 0 0 0
395250 292 0 17,25 -85 0 0 0
395499,6 294 0 22,0625 -78 0 0 0
395499,7 293 0 29,375 -79 0 0 0
386749,1 58 0 7,5625 -83 0 0 0
386748,9 293 0 7,0625 -83 0 0 0
386748,8 292 0 7,4375 -83 0 0 0
389249,1 289 0,5342037 5,9375 -86 0 0 0
391749,3 291 0 44,6875 -80 0 0 0
391749,2 291 0 25 -79 0 0 0
394249 105 0 1 -76 0 0 0
394249 290 0 1 -76 0 0 0
387248,4 102 0 10,6875 -89 0 0 0
389748,8 288 0,5151477 10,1875 -89 0 0 0
389749,4 283 0 9,75 -88 0 0 0
392249,5 289 0 32,4375 -85 0 0 0
392249,1 288 0 18,3125 -86 0 0 0
392499,1 162 0 21 -84 0 0 0
392499,4 286 0 29,75 -86 0 0 0
394749,4 289 0 17,8125 -80 0 0 0
394749,2 287 0 17,1875 -78 0 0 0
394749,4 286 0 14,75 -77 0 0 0
394999,4 288 0 18,3125 -79 0 0 0
394999,4 286 0 18,3125 -81 0 0 0
394999,7 58 0 18,8125 -85 0 0 0
390748,6 55 0 1 -86 0 0 0
390748,7 48 0 1 -86 0 0 0
390748,7 290 0 1 -86 0 0 0
393249 292 0 8,9375 -78 0 0 0
395749,6 295 0 15,4375 -77 0 0 0
395749,7 295 0 12,0625 -76 0 0 0
395749,7 296 0 12,0625 -76 0 0 0
386498,7 291 0 8,1875 -84 0 0 0
386498,9 59 0 8,875 -84 0 0 0
391499,1 293 0 3,875 -80 0 0 0
391499,1 293 0 3,75 -81 0 0 0
391499,1 293 0 4,8125 -81 0 0 0
393999 291 0 1 -78 0 0 0
393998,9 101 0 11,1875 -75 0 0 0
393999,1 58 0 12,3125 -75 0 0 0
387498,5 289 0 6,5 -86 0 0 0
387498,5 102 0 6,5 -86 0 0 0
387498,7 290 0 6,9375 -86 0 0 0
389998,7 162 0 5,9375 -85 0 0 0
392499,4 286 0 11,125 -79 0 0 0
392499,4 286 0 11,4375 -79 0 0 0
394999,5 58 0 33,9375 -74 0 0 0
394999,5 287 0 34,125 -74 0 0 0
394999,5 162 0 33,4375 -74 0 0 0
390998,7 55 0 1 -84 0 0 0
390998,8 57 0 1 -85 0 0 0
393498,8 292 0 11,3125 -77 0 0 0
393498,8 291 0 12,5 -78 0 0 0
395999,4 295 0 12,25 -78 0 0 0
395999,5 296 0 14,3125 -79 0 0 0
386498,8 293 0 7,75 -84 0 0 0
386499,1 293 0 7,125 -84 0 0 0
386499 58 0 7 -83 0 0 0
388999,2 292 0,51913 6,1875 -89 0 0 0
388999,2 100 0 4,75 -89 0 0 0
391499,1 293 0 3,375 -80 0 0 0
391499,1 293 0 3,25 -81 0 0 0
393998,8 58 0 1 -77 0 0 0
393998,9 57 0 1 -78 0 0 0
387248,6 296 0 8,375 -87 0 0 0
389749,3 284 0 8,875 -87 0 0 0
389748,8 286 0 15,25 -89 0 0 0
391998,6 287 0,6031226 12,6875 -89 0 0 0
391999,6 288 0 6,875 -87 0 0 0
392249,5 289 0,5623485 34,3125 -85 0 0 0
392249,6 285 0,5000002 22,375 -82 90 0 0
392249,7 288 0 34,875 -84 0 0 0
394499,2 162 0 21,5625 -83 0 0 0
394499,4 162 0 17,3125 -80 0 0 0
394749,4 287 0 15,625 -78 0 0 0
394749,4 287 0 17,25 -79 0 0 0
390249,3 60 0 8,5625 -87 0 0 0
390249 162 0 11 -86 0 0 0
390249,1 162 0 8,9375 -86 0 0 0
392749,5 40 0,5044566 16,25 -83 0 0 0
392749,3 162 0,5272796 13,5625 -80 0 0 0
392998,4 274 0,5236464 10,9375 -87 0 0 0
395249,7 55 0,6138011 54,6875 -78 0 0 0
395249,6 292 0 31,5 -77 0 0 0
395249,7 293 0 32,75 -76 0 0 0
395500,2 265 0,6801631 13 -86 0 0,271057 0
395498,7 290 0 18,3125 -88 0 0 0
388749 292 0,5748864 6,1875 -89 0 0 0
391248,9 293 0 1 -82 0 0 0
391248,9 293 0 1 -82 0 0 0
393748,7 293 0 1 -80 0 0 0
393748,7 294 0 1 -80 0 0 0
396248,8 295 0 1 -88 0 0 0
396248,8 294 0 1 -88 0 0 0
396249,5 294 0 8,3125 -79 0 0 0
386998,8 291 0 8,9375 -86 0 0 0
389499,5 286 0 8,3125 -86 0 0 0
389499,2 287 0 8,375 -87 0 0 0
391999,3 288 0 17,3125 -80 0 0 0
391999,3 287 0 16,5625 -81 0 0 0
391999,3 286 0 22 -82 0 0 0
394249,4 290 0 16,6875 -86 0 0 0
394499,3 286 0 1 -76 0 0 0
394499,3 104 0 1 -76 0 0 0
394499,2 63 0 14,375 -77 0 0 0
387998,9 60 0 6,25 -89 0 0 0
387998,8 161 0,5957242 6,0625 -89 0 0 0
390498,6 43 0 1 -89 0 0 0
390498,7 289 0 1 -89 0 0 0
392999,3 291 0 8,875 -78 0 0 0
395499,7 293 0 13,3125 -75 0 0 0
395499,7 293 0 14,625 -76 0 0 0
395499,6 293 0 13,0625 -76 0 0 0
388749 293 0 6,25 -89 0 0 0
388749,2 296 0 16,375 -89 0 0 0
388749,1 293 0,5197036 8,75 -89 0 0 0
391248,9 294 0 1 -82 0 0 0
391248,9 294 0 1 -82 0 0 0
391248,9 294 0 1 -82 0 0 0
393749 292 0 9,625 -75 0 0 0
396249,5 56 0 10,5 -80 0 0 0
396248,7 297 0 1 -87 0 0 0
387498,6 102 0 5,8125 -87 0 0 0
387498,5 290 0 6,5 -86 0 0 0
389999,4 286 0 6,1875 -85 0 0 0
389998,7 162 0 5,9375 -85 0 0 0
389998,9 288 0 7,375 -85 0 0 0
392499,3 286 0 10,0625 -79 0 0 0
392499,4 287 0 11,125 -79 0 0 0
394999,5 287 0 23,25 -74 0 0 0
394999,5 286 0 33,75 -74 0 0 0
405014,3 38 0,7029228 3,875 -89 0 0 0
390498,5 55 0 1 -87 0 0 0
390498,6 291 0 1 -88 0 0 0
392999,4 291 0 11,9375 -80 0 0 0
392999,3 289 0 11,25 -79 0 0 0
395499,7 294 0 22,5625 -77 0 0 0
395499,7 294 0 18,625 -76 0 0 0
388749 293 0 6,125 -89 0 0 0
391249 293 0 1 -83 0 0 0
391249 294 0 1 -82 0 0 0
393749 292 0 12,5625 -77 0 0 0
393749 293 0 10,875 -75 0 0 0
393998,2 100 0 20,375 -89 0 0 0
396249,5 294 0,535221 12,75 -81 0 0 0
396249,3 100 0 11,0625 -80 0 0 0
396249,1 55 0 9,75 -79 0 0 0
386748,8 290 0 6,125 -84 0 0 0
386748,6 58 0 7,0625 -83 0 0 0
386748,4 59 0 7,5625 -83 0 0 0
389249,2 290 0,5796199 5 -87 0 0 0
389249,4 292 0 5,625 -87 0 0 0
391749,3 292 0 24,875 -79 0 0 0
391749,2 293 0 25,1875 -79 0 0 0
391749,3 292 0 45 -80 0 0 0
394249 287 0 1 -76 0 0 0
403225,1 92 0,585682 6,375 -89 0 0 0
403227,6 91 0 18,625 -83 0 0 0
390248,8 162 0 7,625 -85 0 0 0
390249 162 0 8 -85 0 0 0
390248,9 55 0 9,4375 -85 0 0 0
392749,4 60 0 13,4375 -80 0 0 0
392749,3 291 0 13,5625 -80 0 0 0
395249,4 292 0 20,625 -75 0 0 0
395249,5 292 0 18,625 -75 0 0 0
403227,5 198 0 13,3125 -83 0 0 0
387248,5 294 0 6,6875 -85 0 0 0
387248,7 291 0 6,4375 -85 0 0 0
389748,8 285 0 6,875 -85 0 0 0
389749,2 287 0 5,9375 -85 0 0 0
392249,4 286 0 11,0625 -80 0 0 0
392249,4 286 0 11,0625 -80 0 0 0
392249,5 287 0 10,9375 -80 0 0 0
394749,4 286 0 60,5 -75 0 0 0
394749,4 286 0 63,8125 -74 0 0 0
403223,9 199 0,5125464 12,5625 -83 0 0 0
403227,2 91 0 11,4375 -83 0 0 0
390498,4 40 0 1 -87 0 0 0
390498,5 43 0 1 -88 0 0 0
392748,9 288 0 24,4375 -89 0 0 0
392999,2 288 0,521529 11,8125 -79 0 0 0
392999,4 59 0 13,375 -81 0 0 0
392999,5 288 0 15,4375 -81 0 0 0
395249,2 162 0 17,0625 -84 0 0 0
395499,6 293 0 18,1875 -77 0 0 0
395499,6 294 0 22,375 -78 0 0 0
403224,7 198 0,5070757 3,6875 -84 0 0 0
403225,1 197 0,5006255 1 -86 0 0 0
405015,5 25 0,6475538 7,125 -86 0 0 0
388499,1 293 0 2,5 -89 0 0 0
390998,8 291 0 1 -84 0 0 0
390998,9 55 0 1 -85 0 0 0
393498,7 291 0 1 -83 0 0 0
393498,6 290 0 1 -82 0 0 0
393498,7 289 0,5007007 1 -83 0 0 0
395999,4 296 0 10,25 -77 0 0 0
395999,3 296 0 9,8125 -76 0 0 0
403226,4 91 0 8,375 -81 0 0 0
386748,8 295 0 8,75 -84 0 0 0
386748,8 59 0 8,375 -83 0 0 0
386749,1 291 0 6,875 -84 0 0 0
389249 290 0 7,625 -86 0 0 0
389249,2 292 0 6,0625 -87 0 0 0
391749,2 56 0 24,0625 -80 0 0 0
391749,3 291 0 44,6875 -80 0 0 0
394249,1 286 0 1 -76 0 0 0
394249 287 0 1 -76 0 0 0
403226,2 199 0 15,625 -83 0 0 0
387748,7 342 0 4,875 -89 0 0 0
387748,6 333 0 6,0625 -89 0 0 0
390248,6 41 0 6,5625 -84 0 0 0
390248,7 162 0 6,875 -84 0 0 0
390248,8 162 0 6,4375 -85 0 0 0
392749,4 61 0 10,1875 -78 0 0 0
395249,5 292 0 15,8125 -74 0 0 0
395249,5 292 0 15,625 -74 0 0 0
395249,5 292 0 15,8125 -74 0 0 0
403225,2 198 0,5369099 1 -87 0 0 0
386998,7 291 0 6,875 -84 0 0 0
386998,6 293 0 6,5625 -84 0 0 0
389499,1 290 0 5,75 -85 0 0 0
389499,1 287 0 6,4375 -85 0 0 0
391999,3 287 0 13,0625 -80 0 0 0
391999,3 287 0 13,1875 -80 0 0 0
394499,3 287 0 1 -76 0 0 0
394499,2 287 0 3,4375 -75 0 0 0
394499,2 287 0 3,9375 -75 0 0 0
403226,5 198 0 8,25 -82 0 0 0
407075,1 190 0 16,1875 -83 0 0 0
387748,9 284 0 7,25 -89 0 0 0
390249 44 0 8 -85 0 0 0
390249 55 0 9,625 -87 0 0 0
392749,4 60 0 12,5 -79 0 0 0
392749,3 286 0,524782 13,75 -80 0 0 0
394999,2 287 0,5078243 16,25 -86 0 0 0
395249,5 293 0 19,9375 -75 0 0 0
395249,4 293 0 20,25 -75 0 0 0
395249,6 292 0 31,75 -77 0 0 0
403224,7 200 0 4,3125 -83 0 0 0
407076,3 191 0 5 -86 0 0 0
407076,1 192 0 15,25 -85 0 0 0
390748,7 46 0 10,3125 -86 0 0 0
390748,5 58 0 1 -86 0 0 0
390999 37 0 19,0625 -89 0 0 0
393249,1 292 0 14,0625 -81 0 0 0
393248,9 292 0 12,9375 -80 0 0 0
393498,6 290 0 16,25 -85 0 0 0
393498,2 162 0 13,75 -89 0 0 0
395749,6 296 0 20,0625 -80 0 0 0
395749,6 295 0 19,8125 -80 0 0 0
395749,6 296 0 17,5625 -78 0 0 0
396000 98 0 33,1875 -85 0 0 0
396000 299 0 26,9375 -87 0 0 0
386998,7 292 0 7,75 -84 0 0 0
389499,2 287 0 7,3125 -85 0 0 0
389499,2 287 0 7,3125 -85 0 0 0
389499,3 288 0 7,625 -86 0 0 0
391999,4 289 0 22,1875 -81 0 0 0
391999,2 287 0 13,5 -80 0 0 0
391999,2 285 0 16,8125 -81 0 0 0
394499,2 286 0 4,0625 -75 0 0 0
394499,3 286 0 1 -76 0 0 0
405015,3 26 0 5,5625 -85 0 0 0
387748,8 334 0 7,3125 -87 0 0 0
387748,7 106 0 7,75 -88 0 0 0
387748,6 105 0 6,25 -89 0 0 0
390248,3 284 0 1 -89 0 0 0
390248,3 162 0 1 -89 0 0 0
392749,3 59 0 13,625 -79 0 0 0
392749,1 287 0 12,125 -79 0 0 0
395249,6 293 0 25,5 -74 0 0 0
395249,6 292 0 25,5 -74 0 0 0
388749 296 0,5064247 8,75 -87 0 0 0
388749,1 294 0,5005561 8,8125 -89 0 0 0
388749,1 299 0 8,75 -89 0 0 0
391249 295 0 1 -81 0 0 0
391249 293 0 1 -81 0 0 0
393749 292 0 10,25 -75 0 0 0
393749 292 0 10,125 -75 0 0 0
396249,3 99 0 10,0625 -79 0 0 0
396249,3 98 0 11,1875 -79 0 0 0
409064,6 70 0,5935429 5,0625 -89 0 0 0
386748,5 292 0 9,4375 -84 0 0 0
386749,2 59 0 10,4375 -84 0 0 0
386748,8 293 0 9,5625 -83 0 0 0
389249,2 289 0,5529251 6,1875 -87 0 0 0
389249,1 289 0,5897229 7,3125 -86 0 0 0
391749,3 293 0 46 -80 0 0 0
391749,3 57 0 49,0625 -79 0 0 0
394249 286 0 11,1875 -74 0 0 0
394249 286 0 1 -75 0 0 0
387498,4 102 0 7,875 -86 0 0 0
387498,4 104 0 7,75 -86 0 0 0
387498,4 288 0 9,0625 -87 0 0 0
389999,1 288 0 6,875 -85 0 0 0
389999,1 288 0 9,125 -85 0 0 0
392499,4 285 0 11,4375 -79 0 0 0
392499,4 286 0 11,4375 -79 0 0 0
394999,5 286 0 34,125 -74 0 0 0
394999,3 162 0 24,6875 -74 0 0 0
396646,6 14 0 5,3125 -88 0 0 0
405015,4 31 0,8387263 5,75 -89 0 0 0
390748,6 57 0 1 -86 0 0 0
390748,6 294 0 1 -86 0 0 0
393249 288 0,5243953 11,625 -79 0 0 0
395749,6 296 0 15,625 -77 0 0 0
395749,4 296 0 15,125 -78 0 0 0
388749 291 0,5401402 7,3125 -88 0 0 0
388749 294 0 6,1875 -89 0 0 0
388749,1 297 0,6025132 8,625 -89 0 0 0
391248,9 293 0 1 -82 0 0 0
393748,7 293 0 1 -80 0 0 0
393748,7 294 0 1 -80 0 0 0
396248,8 99 0,5100206 1 -88 0 0 0
396248,8 293 0 1 -88 0 0 0
396249,3 101 0 8 -79 0 0 0
386998,8 291 0 6,1875 -84 0 0 0
386998,6 58 0 6,3125 -83 0 0 0
386999 293 0 6,8125 -84 0 0 0
389499,1 287 0 5,75 -85 0 0 0
389499,1 286 0 5,75 -85 0 0 0
389499,2 288 0 6,1875 -85 0 0 0
391999,3 288 0 13,0625 -80 0 0 0
394499,3 284 0 1 -76 0 0 0
394499,2 287 0 3,5 -75 0 0 0
390499 42 0 9,3125 -86 0 0 0
390498,4 45 0 1 -88 0 0 0
390498,4 55 0 1 -87 0 0 0
392999,2 288 0 13,4375 -81 0 0 0
392999,2 290 0 12,625 -80 0 0 0
393249,4 290 0 18,3125 -88 0 0 0
395499,4 293 0 21,0625 -79 0 0 0
395499,7 294 0 22,625 -77 0 0 0
395749,7 55 0 26,625 -87 0 0 0
386499,1 292 0 8,9375 -85 0 0 0
386499,2 293 0 10,8125 -85 0 0 0
386499 294 0 10,1875 -86 0 0 0
391499,1 293 0 4 -81 0 0 0
391499,1 99 0 4,8125 -81 0 0 0
393749,2 55 0 19,8125 -87 0 0 0
393999,1 292 0 12,3125 -75 0 0 0
393999 58 0 12,9375 -76 0 0 0
387498,9 103 0 8,375 -87 0 0 0
387498,5 292 0 7,9375 -88 0 0 0
387498,4 101 0 7,75 -88 0 0 0
389999,1 288 0 9,125 -85 0 0 0
392499,1 286 0 13,375 -80 0 0 0
392499,5 287 0 15 -80 0 0 0
394999,4 286 0 34,75 -75 0 0 0
394999,6 286 0 63,6875 -75 0 0 0
394999,5 162 0 34,3125 -74 0 0 0
395250 292 0 16,8125 -88 0 0 0
390998,9 55 0 1 -85 0 0 0
390998,8 291 0 1 -85 0 0 0
390998,9 55 0 1 -85 0 0 0
393498,8 291 0 1 -83 0 0 0
393498,6 293 0 1 -83 0 0 0
393498,7 292 0 1 -82 0 0 0
395999,5 296 0 9,75 -76 0 0 0
386748,9 293 0 7,9375 -83 0 0 0
386748,8 293 0 7,4375 -83 0 0 0
389249,2 292 0 5,0625 -87 0 0 0
391749,3 57 0 44,6875 -80 0 0 0
391749,3 292 0 45,125 -80 0 0 0
391749,3 289 0 45 -80 0 0 0
394249 286 0 1 -75 0 0 0
394249 288 0 1 -76 0 0 0
394249 59 0 1 -76 0 0 0
389999,3 284 0 8,9375 -86 0 0 0
392249,9 286 0 6,625 -89 0 0 0
392249,9 287 0 8,625 -87 0 0 0
392249,6 287 0 29,3125 -86 0 0 0
392499,3 286 0 17,9375 -82 0 0 0
392499,4 288 0 20,625 -84 0 0 0
392499,5 286 0 19,25 -85 0 0 0
394749,4 286 0 18 -83 0 0 0
394749,4 286 0 19,25 -80 0 0 0
394749,4 287 0 17,6875 -79 0 0 0
394999,5 287 0 15,375 -77 0 0 0
394999,7 288 0 16,4375 -79 0 0 0
394999,7 286 0 18,6875 -80 0 0 0
387498,7 101 0 6,9375 -86 0 0 0
387498,5 292 0 8,125 -86 0 0 0
389998,9 287 0 7,375 -85 0 0 0
389999,1 288 0 7,875 -85 0 0 0
389999,1 288 0 5,5 -85 0 0 0
392499,5 287 0 13,3125 -79 0 0 0
392499,5 287 0 13 -79 0 0 0
394999,5 286 0 34,3125 -74 0 0 0
394999,5 162 0 33,9375 -74 0 0 0
388749 295 0,5143189 9,125 -89 0 0 0
391249 293 0 1 -83 0 0 0
391249,1 296 0 1 -83 0 0 0
391249 294 0 1 -82 0 0 0
393749 292 0 12,8125 -77 0 0 0
393748,9 292 0 11,25 -76 0 0 0
393749,1 292 0 10,375 -75 0 0 0
393998,7 102 0 19,0625 -87 0 0 0
396249,5 101 0 11,625 -81 0 0 0
396249,3 101 0 10,875 -80 0 0 0
405015,4 18 0 6,875 -85 0 0 0
387248,5 292 0 6,6875 -85 0 0 0
387248,5 291 0 6,875 -85 0 0 0
387248,5 293 0 6,875 -85 0 0 0
389748,7 286 0 5,8125 -85 0 0 0
389748,6 286 0 7,375 -85 0 0 0
392249,5 288 0 10,6875 -80 0 0 0
392249,5 287 0 13,5 -80 0 0 0
394749,4 287 0 63,8125 -74 0 0 0
394749,4 286 0 4,3125 -75 0 0 0
388248,9 282 0 16,375 -89 0 0 0
388248,9 61 0 16,1875 -89 0 0 0
390748,7 293 0 1 -86 0 0 0
393248,4 162 0 1 -86 0 0 0
393249 291 0 8,9375 -78 0 0 0
395749,7 295 0 10,5 -76 0 0 0
395749,7 294 0 11,75 -76 0 0 0
386749 58 0 10,0625 -85 0 0 0
386748,8 58 0 12,1875 -86 0 0 0
386749,8 294 0 24,4375 -88 0 0 0
389249,4 290 0,5571324 9,8125 -89 0 0 0
389248,8 291 0 6,375 -89 0 0 0
391499,1 97 0 12,6875 -87 0 0 0
391748,9 55 0 23,5625 -82 0 0 0
391749,1 55 0 23,8125 -81 0 0 0
393999,4 287 0 22,875 -85 0 0 0
393999,7 295 0 22,5625 -82 0 0 0
394249,1 286 0 14,875 -76 0 0 0
394249,1 286 0 16,6875 -77 0 0 0
387748,8 285 0 6,8125 -89 0 0 0
390249,3 289 0 9,75 -86 0 0 0
390248,9 162 0 8,375 -86 0 0 0
390249 42 0 8 -85 0 0 0
392749,4 152 0 15,125 -81 0 0 0
395249,4 293 0 20,25 -75 0 0 0
395249,8 292 0 14,625 -78 0 0 0
395498,7 294 0 30,5 -86 0 0 0
390998,8 296 0 1 -85 0 0 0
390998,8 57 0 1 -85 0 0 0
390998,8 292 0 1 -85 0 0 0
393498,8 293 0 12,875 -78 0 0 0
393498,9 292 0 12 -77 0 0 0
393748,2 290 0 12,6875 -87 0 0 0
395999,5 297 0 14,9375 -79 0 0 0
395999,6 297 0,5775064 13,4375 -78 0 0 0
386499,4 59 0 12,8125 -88 0 0 0
386499,3 296 0 12,1875 -86 0 0 0
391499,1 294 0 13,125 -85 0 0 0
391498,9 292 0 38,375 -83 0 0 0
391499 292 0 40,3125 -82 0 0 0
391749,4 291 0 13,125 -85 0 0 0
391749 289 0 14,5 -86 0 0 0
393998,9 101 0 18 -79 0 0 0
393998,9 294 0 15 -78 0 0 0
393999 292 0 12,9375 -76 0 0 0
394249,2 102 0 18,6875 -80 0 0 0
394249,4 288 0 22,5625 -82 0 0 0
394248,5 162 0 20,875 -85 0 0 0
387248,4 292 0 6,5625 -85 0 0 0
387248,5 291 0 6,6875 -85 0 0 0
387248,5 291 0 6,875 -85 0 0 0
389749,1 288 0 6,875 -84 0 0 0
389749,1 286 0 6,1875 -85 0 0 0
392249,4 287 0 11,0625 -80 0 0 0
392249,4 287 0,5120063 11,375 -80 0 0 0
394749,4 286 0 63,8125 -74 0 0 0
394749,4 287 0 63,9375 -74 0 0 0
390748,7 293 0 1 -86 0 0 0
390748,7 294 0 1 -86 0 0 0
390748,7 297 0 1 -86 0 0 0
393248,6 291 0 1 -86 0 0 0
393248,6 294 0 1 -86 0 0 0
395749,4 295 0 11,125 -76 0 0 0
395749,5 295 0 11,0625 -76 0 0 0
386998,4 294 0 6 -84 0 0 0
386998,7 290 0 7,75 -84 0 0 0
389499 288 0 5,9375 -85 0 0 0
391999,3 288 0 12,625 -80 0 0 0
391999,4 287 0 16,25 -80 0 0 0
394499,2 286 0 3,6875 -75 0 0 0
394499,2 287 0 3,625 -75 0 0 0
394499,2 287 0 3,625 -75 0 0 0
390498,7 44 0 1 -89 0 0 0
390498,7 152 0 1 -89 0 0 0
390498,7 55 0 1 -88 0 0 0
392999,2 291 0 9 -78 0 0 0
392999,2 289 0 9,625 -78 0 0 0
392999,4 59 0 9,25 -79 0 0 0
395499,7 293 0 13,3125 -75 0 0 0
386499 58 0 8,125 -83 0 0 0
386499 294 0 7,4375 -84 0 0 0
388999,1 296 0 6 -88 0 0 0
388999,1 293 0 5,875 -88 0 0 0
391499,2 292 0 1 -81 0 0 0
391499,1 294 0 3,1875 -80 0 0 0
391499,1 293 0 3,3125 -80 0 0 0
393998,9 57 0 1 -78 0 0 0
393998,9 290 0 1 -78 0 0 0
387248,3 292 0 6,3125 -85 0 0 0
387248,5 293 0 5,9375 -86 0 0 0
389749,3 285 0 6,6875 -85 0 0 0
389749,4 288 0 6,4375 -85 0 0 0
389749 288 0 5,8125 -85 0 0 0
392249,5 289 0 10,9375 -80 0 0 0
392249,4 287 0 11,0625 -80 0 0 0
394749,4 286 0 63,6875 -74 0 0 0
394749,4 287 0 63,5625 -74 0 0 0
403227,5 198 0 13,0625 -83 0 0 0
403227,1 199 0 11,25 -81 0 0 0
388499 292 0 16,25 -89 0 0 0
390998,8 56 0 1 -85 0 0 0
390998,9 294 0 1 -85 0 0 0
390998,8 55 0 1 -85 0 0 0
393498,8 292 0 1 -83 0 0 0
393498,9 291 0 1 -83 0 0 0
395999,5 296 0 11,0625 -77 0 0 0
395999,7 296 0 10,8125 -77 0 0 0
386998,7 292 0 10,6875 -88 0 0 0
386998,5 289 0 8,875 -87 0 0 0
391999,3 289 0 25,625 -87 0 0 0
391999,4 288 0 35,625 -84 0 0 0
392249,5 287 0 19,625 -84 0 0 0
392249,9 285 0 10,6875 -88 0 0 0
394499,2 104 0 17,5 -81 0 0 0
394499,2 291 0 17,8125 -79 0 0 0
394499,2 162 0 15,625 -78 0 0 0
394749,4 287 0 17,25 -79 0 0 0
394749,4 162 0 17,8125 -80 0 0 0
394749,1 287 0 20,8125 -82 0 0 0
390248,6 37 0 11,4375 -89 0 0 0
390249,3 162 0 9,75 -86 0 0 0
390249,3 162 0 10,1875 -89 0 0 0
390499,1 42 0 12,6875 -89 0 0 0
392749,6 288 0 17,0625 -82 0 0 0
392749,3 61 0 13,75 -80 0 0 0
392749,4 60 0 21 -84 0 0 0
392999,2 288,5208 0,5567752 15,875 -85 0,5207825 0 0
392998,8 287 0 12,4375 -87 0 0 0
395249,8 292 0 55,3125 -78 0 0 0
395249,7 293 0 15,375 -79 0 0 0
395499,4 293 0 23,375 -83 0 0 0
395500,2 148 0 7,125 -86 0 0 0
388749 295 0,5215994 6,125 -89 0 0 0
388749,1 293 0,5575075 8,5625 -89 0 0 0
391248,9 293 0 1 -82 0 0 0
391249,1 294 0 1 -83 0 0 0
391248,9 295 0 1 -82 0 0 0
393748,8 291 0 1 -80 0 0 0
393748,7 292 0 1 -80 0 0 0
396248,9 297 0 1 -89 0 0 0
396248,7 294 0 1 -88 0 0 0
387248,4 283 0,5217726 7,6875 -87 0 0 0
387248,8 104 0 12,6875 -89 0 0 0
389749,1 284 0,5355175 8,9375 -86 0 0 0
389749,6 288 0 11,4375 -89 0 0 0
392000 103 0 1 -88 0 0 0
392249,3 286 0 16,8125 -82 0 0 0
392249,4 287 0 20,375 -84 0 0 0
394499,5 286 0 17,5625 -87 0 0 0
394499,2 105 0 18,3125 -85 0 0 0
394499,5 286 0 18,9375 -81 0 0 0
394749,3 289 0,5336552 64,0625 -75 0 0 0
394749,4 286 0 14,375 -77 0 0 0
394749,2 287 0 16,5625 -78 0 0 0
390498,6 56 0 9,75 -85 0 0 0
390498,5 152 0 1 -89 0 0 0
390498,8 291 0,5472745 10,6875 -87 0 0 0
390748,6 293 0 1 -88 0 0 0
392999,2 292 0 16,6875 -83 0 0 0
393248,7 55 0 17,9375 -86 0 0 0
395499,9 294 0 50,375 -80 0 0 0
395499,9 294 0 14,1875 -81 0 0 0
395749,6 297 0 20,75 -80 0 0 0
395748,9 296 0 31 -86 0 0 0
407074,2 188 0 7,125 -84 0 0 0
407077 190 0 7,625 -84 0 0 0
386998,5 294 0 7,125 -84 0 0 0
386998,8 289 0 6,1875 -84 0 0 0
386998,9 290 0 5,8125 -84 0 0 0
389499,3 289 0 7,0625 -85 0 0 0
389499 285 0 7,4375 -84 0 0 0
389499,6 286 0 6,1875 -85 0 0 0
391999,3 287 0 13,375 -80 0 0 0
394499,3 105 0 1 -76 0 0 0
394499,2 287 0 3,75 -75 0 0 0
407075,6 190 0 7,25 -84 0 0 0
407075,5 188 0 8,375 -83 0 0 0
390498,8 55 0 1 -89 0 0 0
390498,5 55 0 1 -88 0 0 0
392999 60 0 8,8125 -78 0 0 0
395499,7 294 0 13,3125 -75 0 0 0
395499,7 293 0 14,625 -76 0 0 0
395499,8 294 0 14,4375 -76 0 0 0
407076,2 187 0 29,0625 -85 0 0 0
409062,6 301 0 5,0625 -89 0 0 0
391249 294 0 1 -82 0 0 0
391248,9 293 0 1 -82 0 0 0
391248,9 293 0 1 -82 0 0 0
393749,1 292 0 10,5625 -75 0 0 0
393748,8 292 0 1 -80 0 0 0
396249,1 99 0 10,4375 -80 0 0 0
396249,3 293 0 10,3125 -80 0 0 0
396248,8 104 0 1 -87 0 0 0
405015,4 28 0,5136427 6,125 -86 0 0 0
386998,9 57 0 7,1875 -84 0 0 0
386998,5 290 0 8,9375 -85 0 0 0
389499,3 288 0 7,0625 -85 0 0 0
389499,3 287 0 7,3125 -86 0 0 0
391999,4 287 0 16,625 -80 0 0 0
391999,3 287 0 15,6875 -81 0 0 0
391999,2 287 0 13,75 -80 0 0 0
394499,3 287 0 1 -76 0 0 0
394499,2 286 0 4,1875 -75 0 0 0
387498,4 103 0 8,875 -87 0 0 0
389999,1 287 0 6,875 -85 0 0 0
389999,4 287 0 6,875 -84 0 0 0
392499,4 162 0 11,125 -79 0 0 0
392499,5 287 0 10,875 -79 0 0 0
394999,5 59 0 33,75 -74 0 0 0
394999,5 286 0 23,375 -74 0 0 0
390999,1 55 0 10,3125 -85 0 0 0
390998,8 55 0 10,0625 -85 0 0 0
391248,9 293 0 5 -86 0 0 0
391248,6 292,9939 0,6109313 11,8125 -88 0,9938965 0 0
393498,9 293 0 17,1875 -81 0 0 0
393498,9 291 0 14 -79 0 0 0
393749,2 291 0,6079324 19,8125 -81 0 0 0
393749,2 291 0 23,375 -84 0 0 0
395999,2 296 0 17,3125 -83 0 0 0
395999,5 291 0 16 -80 0 0 0
396250 292 0 18,4375 -85 0 0 0
396248,4 129 0,6288094 20,375 -89 0 0 0
386999,3 292 0 6,1875 -84 0 0 0
386998,5 293 0 6,375 -84 0 0 0
389499,2 288 0 6,1875 -85 0 0 0
389499,3 59 0 7,0625 -85 0 0 0
391999,4 287 0 16,625 -80 0 0 0
391999,3 287 0 13,1875 -80 0 0 0
394499,2 162 0 3,875 -75 0 0 0
394499,3 286 0 1 -76 0 0 0
405015,4 31 0,8079283 7,3125 -86 0 0 0
390249 162 0 12,4375 -87 0 0 0
390249 162 0 8,875 -89 0 0 0
392499,4 162 0 19,3125 -85 0 0 0
392749,4 287 0 21,875 -84 0 0 0
394999,2 290 0 24,125 -84 0 0 0
394999,3 161 0 19,8125 -81 0 0 0
394999,4 287 0 17,5625 -79 0 0 0
395249,6 55 0 32,0625 -77 0 0 0
395249,7 293 0 14,75 -79 0 0 0
395249,7 293 0 17,3125 -80 0 0 0
386748,8 290 0 6,6875 -83 0 0 0
386748,6 57 0 7,0625 -83 0 0 0
389249,4 289 0,5306982 5,5 -87 0 0 0
389249,3 291 0 5,625 -86 0 0 0
391749,3 292 0 44,5625 -80 0 0 0
391749,3 291 0 45,125 -80 0 0 0
391749,3 63 0 45,125 -80 0 0 0
394249 288 0 1 -76 0 0 0
394249 286 0 1 -76 0 0 0
387748,7 106 0 5,75 -88 0 0 0
387748,8 107 0 8,125 -88 0 0 0
390248,8 162 0 6,375 -84 0 0 0
390249 162 0 8 -85 0 0 0
390249 162 0 8 -85 0 0 0
392749,2 158 0 10,875 -79 0 0 0
392749,3 288 0 9,875 -79 0 0 0
395249,6 292 0 18,125 -75 0 0 0
395249,6 292 0 18,375 -75 0 0 0
405015,3 126 0 6,3125 -86 0 0 0
409062,6 301 0 6,8125 -89 0 0 0
388748,9 293 0,5045316 9,8125 -89 0 0 0
391249 292 0 1 -81 0 0 0
391249 294 0 1 -82 0 0 0
393498,6 287 0 20,375 -89 0 0 0
393748,9 293 0 11,4375 -75 0 0 0
393748,8 292 0 14,625 -76 0 0 0
393748,9 293 0 15,875 -77 0 0 0
396249,3 100 0 10,9375 -79 0 0 0
396249,2 98 0 12,4375 -80 0 0 0
405015,3 25 0,7223657 9,5625 -86 0 0 0
387498,7 102 0 7,8125 -85 0 0 0
389998,9 162 0 9,4375 -84 0 0 0
389998,9 287 0 8,5 -85 0 0 0
392499,4 287 0 13,625 -79 0 0 0
392499,4 286 0 13,3125 -79 0 0 0
394999,6 162 0 65,875 -74 0 0 0
394999,6 287 0 65,375 -74 0 0 0
394999,6 162 0 65,375 -74 0 0 0
409063,4 218 0 9,5625 -89 0 0 0
390498,5 293 0 1 -87 0 0 0
390498,6 291 0 1 -87 0 0 0
392999,2 291 0 12 -78 0 0 0
392999,3 59 0 11,4375 -78 0 0 0
395499,7 293 0 18,3125 -76 0 0 0
395499,7 293 0 18,0625 -76 0 0 0
395499,5 293 0 16,0625 -75 0 0 0
391248,9 56 0 1 -82 0 0 0
391249 293 0 1 -82 0 0 0
391249 294 0 1 -82 0 0 0
393748,7 292 0 1 -79 0 0 0
393748,8 292 0 1 -80 0 0 0
393748,8 294 0 1 -80 0 0 0
396249,2 99 0 8,8125 -79 0 0 0
396249,2 98 0 8,875 -79 0 0 0
409063,2 224 0,5560748 17,1875 -89 0 0 0
386998,7 289 0 6,875 -84 0 0 0
386998,6 57 0 6,5625 -84 0 0 0
389499,3 288 0 7,0625 -85 0 0 0
389499,3 287 0 6,875 -85 0 0 0
391999,3 289 0 16,75 -80 0 0 0
391999,3 288 0 12,6875 -80 0 0 0
394499,3 162 0 1 -76 0 0 0
394499,2 286 0 3,6875 -75 0 0 0
394499,2 287 0 3,625 -75 0 0 0
387998,7 279 0 8,5625 -89 0 0 0
390498,6 161 0 1 -88 0 0 0
390498,7 43 0 1 -89 0 0 0
390498,8 271 0,9023181 5,75 -85 0 0 0
392999,2 287 0,5919692 9,75 -78 0 0 0
395499,7 294 0 13,3125 -75 0 0 0
395499,7 294 0 14,625 -76 0 0 0
395499,7 294 0 13,0625 -75 0 0 0
386498,8 294 0 7,75 -84 0 0 0
386499,1 293 0 7,125 -84 0 0 0
391499,2 294 0 1 -81 0 0 0
391499 293 0 44,875 -80 0 0 0
393998,9 59 0 1 -77 0 0 0
393999 100 0 1 -78 0 0 0
393998,9 58 0 1 -78 0 0 0
405015,6 126 0 6,4375 -88 0 0 0
387498,7 291 0 7,6875 -87 0 0 0
387498,6 101 0 7,3125 -87 0 0 0
389999,3 287 0 7,8125 -87 0 0 0
389998,9 287 0 8,5 -85 0 0 0
392499,3 283 0,5305373 15 -81 0 0 0
392499,4 286 0 12,8125 -80 0 0 0
392499,5 286 0 14,9375 -80 0 0 0
394999,4 287 0 34,8125 -75 0 0 0
394999,4 286 0 37,0625 -74 0 0 0
395250,7 162 0 1 -88 0 0 0
405015,3 28 0,7933778 6,3125 -86 0 0 0
407022,8 42 0 6,125 -88 0 0 0
390999,2 58 0 1 -89 0 0 0
390998,9 293 0 10,625 -86 0 0 0
391248,9 297 0 5,875 -84 0 0 0
391249,1 293 0 1 -86 0 0 0
391249,2 295 0 11,5 -86 0 0 0
393499,3 293 0 16,125 -82 0 0 0
393499,3 292 0 16,375 -81 0 0 0
393749 293 0 16,1875 -80 0 0 0
393749,4 293 0 25,9375 -82 0 0 0
396000 98 0 33,1875 -85 0 0 0
395999,7 298 0 22,25 -83 0 0 0
396249,2 292 0 11,875 -83 0 0 0
396249,5 295 0,6201952 18,5625 -85 0 0 0
387498,5 289 0 10,1875 -89 0 0 0
389998,8 162 0 8,9375 -86 0 0 0
389998,8 287 0 9,625 -87 0 0 0
389999,1 336 0 15,25 -89 0 0 0
392249,6 286 0 25,625 -87 0 0 0
392499,1 287 0 14,9375 -81 0 0 0
392499,3 285 0 16,5625 -83 0 0 0
394748,9 162 0 14,8125 -85 0 0 0
394749,1 19 0 22,625 -82 0 0 0
394999,4 287 0 14,75 -75 0 0 0
394999,5 162 0 16 -77 0 0 0
390498,7 162 0 1 -89 0 0 0
390498,7 292 0 1 -89 0 0 0
390498,4 41 0,5024454 1 -88 0 0 0
392999,2 292 0 10,5625 -79 0 0 0
392999,3 292 0 11,75 -79 0 0 0
395499,5 293 0 14,25 -75 0 0 0
395499,7 294 0 14,625 -76 0 0 0
407024 176 0 0,1875 -89 0 0 0
386998,3 292 0 8,5625 -85 0 0 0
386998,7 291 0 7 -85 0 0 0
386998,6 293 0 6,5625 -84 0 0 0
389498,9 290 0 8 -85 0 0 0
391999,3 288 0 16,25 -81 0 0 0
391999,3 290 0 16,25 -81 0 0 0
394499,2 287 0 4,9375 -76 0 0 0
394499,2 287 0 4,4375 -75 0 0 0
394499,2 286 0 3,9375 -75 0 0 0
407024 149 0 13,375 -87 0 0 0
390498,5 55 0 1 -88 0 0 0
392999,2 291 0 12,1875 -80 0 0 0
392999,2 288 0 13,4375 -81 0 0 0
395248,4 293 0 15,9375 -88 0 0 0
395250 292 0 13,75 -85 0 0 0
395499,7 293 0 22,375 -77 0 0 0
395499,7 293 0 21,5625 -78 0 0 0
395499,7 294 0 29,375 -79 0 0 0
403227,3 198 0 11,75 -82 0 0 0
403227,1 200 0 12,8125 -82 0 0 0
386499,1 293 0 6,75 -83 0 0 0
386499 293 0 6,375 -84 0 0 0
386499,1 55 0 7,875 -83 0 0 0
388999,2 296 0 5,75 -88 0 0 0
388999,2 296 0 4,8125 -89 0 0 0
391499,1 293 0 3,25 -81 0 0 0
393998,8 100 0 1 -78 0 0 0
393998,9 58 0 1 -78 0 0 0
403225,3 91 0 1 -89 0 0 0
403226,2 92 0 13,8125 -83 0 0 0
407024 157 0,5444433 11,4375 -88 0 0 0
387248,8 292 0 8,875 -87 0 0 0
389749,1 286 0,5246821 9,625 -87 0 0 0
389748,8 289 0 8,5625 -87 0 0 0
391999 291 0 10,6875 -89 0 0 0
392249,5 286 0 21,5625 -83 0 0 0
394499,2 336 0 17,3125 -86 0 0 0
394499,5 284 0 18,75 -83 0 0 0
394499,2 287 0 20,875 -81 0 0 0
394749,3 287 0 61,5 -76 0 0 0
394749,3 286 0 15,625 -77 0 0 0
394749,2 162 0 18,3125 -78 0 0 0
403225,2 200 0 1 -86 0 0 0
390498,4 36 0 1 -87 0 0 0
390498,7 55 0 1 -89 0 0 0
390498,7 291 0 1 -89 0 0 0
392999,3 291 0,5960268 10,0625 -79 0 0 0
392999 291 0 9,25 -78 0 0 0
395499,8 293 0 17,375 -76 0 0 0
395499,7 294 0 12,5625 -76 0 0 0
403224,7 91 0 4,3125 -83 0 0 0
403226,4 197 0 7,75 -82 0 0 0
388749 295 0 7,3125 -88 0 0 0
388749 294 0 7,3125 -88 0 0 0
391248,9 294 0 1 -82 0 0 0
391249 293 0 1 -82 0 0 0
391248,9 294 0 1 -81 0 0 0
393749 292 0 9,5625 -75 0 0 0
393749 294 0 10 -75 0 0 0
396248,8 296 0 1 -88 0 0 0
396249,2 100 0 8,9375 -79 0 0 0
403224,4 91 0 19,5625 -83 0 0 0
405015,5 34 0,734152 6,625 -88 0 0 0
407027,5 53 0,5411878 16,375 -89 0 0 0
387248,5 291 0 6,875 -85 0 0 0
387248,5 292 0 6,875 -85 0 0 0
387248,7 291 0 6,4375 -85 0 0 0
389749,4 286 0 6,4375 -85 0 0 0
389749,1 287 0 6,875 -84 0 0 0
389749,3 287 0 5,75 -85 0 0 0
392249,3 287 0 11,625 -80 0 0 0
394749,4 286 0 63,8125 -74 0 0 0
394749,4 286 0 63,5625 -74 0 0 0
403225,2 198 0 16,25 -83 0 0 0
387998,9 286 0 6,1875 -89 0 0 0
390498,6 293 0 1 -88 0 0 0
390498,6 55 0 1 -88 0 0 0
392999 61 0 8,6875 -78 0 0 0
392999,2 291 0 8,875 -78 0 0 0
395499,7 294 0 13,3125 -75 0 0 0
395499,7 293 0 13,3125 -75 0 0 0
395499,7 293 0 13,3125 -75 0 0 0
403225 198 0 1 -86 0 0 0
403224,8 197 0 1 -85 0 0 0
405014,5 21 0,6491408 3,625 -89 0 0 0
407023,7 158 0 7,5 -87 0 0 0
407027,8 45 0,5686677 9,3125 -89 0 0 0
388749,1 290 0 7,0625 -88 0 0 0
391248,9 293 0 1 -82 0 0 0
391248,9 293 0 1 -82 0 0 0
393748,8 55 0 1 -80 0 0 0
393748,7 294 0 1 -80 0 0 0
396248,5 294 0 1 -87 0 0 0
396248,8 97 0 1 -88 0 0 0
396248,8 99 0 1 -88 0 0 0
403225 201 0,5159749 1 -86 0 0 0
403226,1 92 0 7,75 -82 0 0 0
405015,1 127 0 5,9375 -85 0 0 0
386998,7 294 0 8 -85 0 0 0
386998,6 293 0 7,4375 -84 0 0 0
389499,3 285 0 8,25 -85 0 0 0
389499,4 291 0 8,8125 -86 0 0 0
389499,3 287 0 7,0625 -85 0 0 0
391999,3 289 0 16,5625 -81 0 0 0
391999,3 285 0 17,3125 -80 0 0 0
394499,2 290 0 4,75 -76 0 0 0
394499,3 286 0 1 -76 0 0 0
403224 197 0,5120267 10,375 -82 0 0 0
403224,9 92 0 1 -85 0 0 0
390248,6 162 0 11,4375 -89 0 0 0
392499,8 287 0 33,0625 -85 0 0 0
392499,4 286 0 21,75 -83 0 0 0
392499,7 287 0 28,5 -87 0 0 0
392749,4 288 0 21,875 -84 0 0 0
392748,9 288 0 19,4375 -85 0 0 0
392749,6 288 0 26,625 -87 0 0 0
394999,7 286 0 23,1875 -81 0 0 0
394999,5 287 0 15,375 -77 0 0 0
395249,7 291 0 16,5625 -79 0 0 0
395249,5 293 0 17,8125 -83 0 0 0
407024,3 60 0 3,6875 -89 0 0 0
388498,8 293 0 10,4375 -88 0 0 0
388498,9 287 0 16,5625 -89 0 0 0
390998,8 57 0 1 -84 0 0 0
390998,9 55 0 1 -85 0 0 0
390998,8 55 0 1 -84 0 0 0
393498,9 292 0 10,875 -76 0 0 0
393498,8 292 0 11,3125 -77 0 0 0
395999,5 295 0 11,3125 -77 0 0 0
395999,4 297 0 12,25 -78 0 0 0
407024,1 285 0 17,4375 -89 0 0 0
387248,7 293 0 6,1875 -85 0 0 0
389749,1 287 0 6,875 -84 0 0 0
389749,4 59 0 6,1875 -85 0 0 0
389749,4 288 0 6,875 -84 0 0 0
392249,4 287 0 11,0625 -80 0 0 0
392249,4 287 0 11,375 -80 0 0 0
394749,4 287 0 63,5625 -74 0 0 0
394749,4 286 0 63,6875 -74 0 0 0
390498,6 157 0 1 -88 0 0 0
390498,7 40 0 1 -89 0 0 0
390498,6 55 0 1 -88 0 0 0
392999,3 291 0 8,9375 -78 0 0 0
392999 291 0 8,625 -78 0 0 0
392999,3 152 0,5422524 9,125 -78 0 0 0
395499,6 293 0 12,8125 -76 0 0 0
407075,6 306 0 11 -84 0 0 0
388498,9 289 0,6849892 8,5625 -89 0 0 0
390998,8 55 0 1 -85 0 0 0
390998,8 293 0 1 -84 0 0 0
390998,9 293 0 1 -85 0 0 0
393498,7 293 0 1 -82 0 0 0
393498,6 292 0 1 -83 0 0 0
393498,6 293 0 1 -82 0 0 0
395999,5 297 0 10,875 -77 0 0 0
407073,2 306 0 3,125 -85 0 0 0
386748,9 294 0 7,9375 -83 0 0 0
389249,1 290 0 5,9375 -86 0 0 0
389249,3 288 0 6,5 -86 0 0 0
389249,1 290 0 5,9375 -86 0 0 0
391749,2 291 0 25,0625 -79 0 0 0
391749,3 292 0 45 -80 0 0 0
391749,3 297 0 44,75 -80 0 0 0
394249 105 0 1 -76 0 0 0
394249 290 0 1 -76 0 0 0
405015,2 31 0,8398504 6,4375 -85 0 0 0
407076,3 191 0 3,125 -85 0 0 0
388749 299 0,5699283 7,1875 -88 0 0 0
391248,9 293 0 1 -82 0 0 0
393748,7 292 0 1 -80 0 0 0
393748,7 293 0 1 -80 0 0 0
393748,7 292 0 1 -80 0 0 0
396248,8 56 0 1 -87 0 0 0
396249,3 99 0 8,6875 -79 0 0 0
396249,2 60 0 7,6875 -79 0 0 0
386998,6 290 0 6,5625 -84 0 0 0
386998,5 290 0 8,5 -84 0 0 0
389499,2 287 0 6,1875 -85 0 0 0
389499,3 287 0 6,0625 -85 0 0 0
391999,3 286 0 12,9375 -80 0 0 0
391999,3 289 0 16,75 -80 0 0 0
391999,3 287 0 13,0625 -80 0 0 0
394499,2 287 0 3,6875 -75 0 0 0
394499,3 287 0 1 -76 0 0 0
390748,8 293 0 1 -86 0 0 0
390748,6 57 0 1 -85 0 0 0
390748,6 291 0 1 -85 0 0 0
393248,9 291 0 9,875 -78 0 0 0
393248,9 291 0 10,125 -79 0 0 0
395749,6 293 0,5178995 15,625 -77 0 0 0
395749,8 295 0 14,6875 -77 0 0 0
386748,8 57 0 8,75 -84 0 0 0
386748,8 56 0 9,125 -85 0 0 0
389249,2 293 0 7,6875 -87 0 0 0
389249,2 105 0 7,25 -89 0 0 0
391749,3 291 0 42,75 -81 0 0 0
391749,2 292 0 43,3125 -81 0 0 0
393998,7 286 0 17,3125 -86 0 0 0
394249,1 290 0 1 -76 0 0 0
394249 287 0 11,3125 -75 0 0 0
394249,1 287 0 14,875 -76 0 0 0
405015 33 0,8119519 5,3125 -85 0 0 0
390249 162 0 7,75 -84 0 0 0
390248,7 162 0 7,3125 -85 0 0 0
390248,5 162 0 8,8125 -86 0 0 0
392749,3 152 0,5072876 11,125 -79 0 0 0
392749,4 55 0,5230443 12,375 -79 0 0 0
392749,4 281 0,52147 13 -79 0 0 0
395249,5 292 0 20,25 -75 0 0 0
395249,5 292 0 18,625 -75 0 0 0
390748,7 163 0 1 -86 0 0 0
390748,6 294 0 1 -86 0 0 0
393249 291 0 10,625 -79 0 0 0
393249 291 0 10,5 -79 0 0 0
395749,7 296 0 17,5 -78 0 0 0
395749,6 295 0 15,3125 -77 0 0 0
395749,6 58 0 13,25 -77 0 0 0
405014,4 31 0,7708868 5,6875 -88 0 0 0
390498,7 56 0 1 -89 0 0 0
390499,2 45 0 10,6875 -88 0 0 0
390749,1 55 0 10,6875 -87 0 0 0
392999,5 150 0 14,125 -82 0 0 0
392999,2 291 0 13,1875 -81 0 0 0
393248,7 290 0 18,3125 -87 0 0 0
393250,2 157 0 11,4375 -89 0 0 0
395499,4 295 0 24,875 -82 0 0 0
395499,6 292 0 27,1875 -80 0 0 0
395748,9 297 0 16 -81 0 0 0
395749,7 297 0 37,0625 -84 0 0 0
405015,3 28 0,7958638 6,1875 -85 0 0 0
388749 298 0 6,0625 -89 0 0 0
388749 295 0,5405405 6,1875 -89 0 0 0
391248,9 294 0 1 -82 0 0 0
391248,9 293 0 1 -82 0 0 0
391248,9 295 0 1 -82 0 0 0
393748,8 294 0 1 -80 0 0 0
393749 292 0 9,3125 -75 0 0 0
396249,2 294 0 8,875 -79 0 0 0
396248,9 295 0 1 -89 0 0 0
386998,7 291 0 7 -85 0 0 0
386998,7 292 0 7 -85 0 0 0
389499,1 288 0 6,4375 -85 0 0 0
389499 286 0 6,6875 -85 0 0 0
391999,3 287 0 12,5625 -80 0 0 0
391999,3 286 0 17,5 -80 0 0 0
394499,2 286 0 3,875 -75 0 0 0
394499,2 287 0 3,9375 -75 0 0 0
390498,5 290 0,5039012 1 -88 0 0 0
390498,7 160 0 1 -89 0 0 0
392999,3 287 0 9 -78 0 0 0
392999,4 292 0 9,4375 -78 0 0 0
395499,7 294 0 13,3125 -75 0 0 0
395499,7 294 0 12,5625 -76 0 0 0
395499,7 293 0 13,3125 -75 0 0 0
388749,1 295 0 8,5625 -89 0 0 0
388749 294 0,6807258 7,3125 -88 0 0 0
391248,9 295 0 1 -81 0 0 0
391248,9 294 0 1 -82 0 0 0
391249 293 0 1 -83 0 0 0
393748,8 292 0 1 -80 0 0 0
393748,8 294 0 1 -80 0 0 0
396249 298 0 1 -89 0 0 0
396249,5 55 0 8,3125 -79 0 0 0
405015,2 127 0 7,625 -85 0 0 0
387998,8 282 0 8,8125 -89 0 0 0
390498,6 40 0 1 -87 0 0 0
390498,4 55 0 1 -87 0 0 0
392999,2 289 0 10,1875 -79 0 0 0
392999 291 0 8,8125 -78 0 0 0
395499,8 293 0 17,9375 -76 0 0 0
395499,5 294 0 11,9375 -75 0 0 0
386498,9 292 0 10,4375 -84 0 0 0
386499,1 295 0 10,9375 -83 0 0 0
388999,2 294 0 9,3125 -89 0 0 0
388999,1 294 0 6,8125 -89 0 0 0
391499,1 293 0 4,1875 -80 0 0 0
393998,9 59 0 11,8125 -74 0 0 0
393998,9 58 0 11,375 -74 0 0 0
393998,9 59 0 10,4375 -74 0 0 0
389749,8 287 0 20,375 -89 0 0 0
389998,7 284 0 12,4375 -87 0 0 0
392249,5 286 0 22,875 -88 0 0 0
392249,4 287 0 13,625 -86 0 0 0
392499 286 0 18 -82 0 0 0
392499,4 162 0 14,0625 -85 0 0 0
394749,8 162 0 25,1875 -81 0 0 0
394749,4 287 0 19,4375 -79 0 0 0
394999,3 286 0 22,8125 -79 0 0 0
394999,4 162 0 17,6875 -77 0 0 0
387998,8 60 0 8,75 -89 0 0 0
390498,4 294 0 1 -87 0 0 0
390498,4 148 0 1 -87 0 0 0
392999,2 288 0,5123277 10,875 -79 0 0 0
392999,4 289 0 12,3125 -79 0 0 0
395499,7 294 0 19,3125 -75 0 0 0
395499,5 292 0,5492015 16,6875 -75 0 0 0
395499,5 293 0 16,1875 -75 0 0 0
386749,3 59 0 12,6875 -89 0 0 0
386748,8 57 0 12,1875 -86 0 0 0
389249 104 0 6 -89 0 0 0
391749,1 289 0 12,5 -85 0 0 0
391749,4 290 0 6,3125 -83 0 0 0
391999,4 288 0 32,0625 -85 0 0 0
391999 292 0 14,9375 -87 0 0 0
394248,9 289 0 19,9375 -78 0 0 0
394249,1 288 0 14,875 -76 0 0 0
394498,9 287 0 20,125 -81 0 0 0
394499,2 162 0 16 -85 0 0 0
390248,8 55 0 10,1875 -86 0 0 0
390248,8 158 0 10,1875 -86 0 0 0
390249 42 0 10,6875 -88 0 0 0
392499,1 286 0 12,6875 -89 0 0 0
392749,3 290 0 13,375 -80 0 0 0
392749,4 60 0 15,125 -81 0 0 0
394999,7 156 0 14,75 -86 0 0 0
394999,2 342 0 20,375 -83 0 0 0
395249,6 291 0,5073482 32,0625 -77 0 0 0
395249,5 291 0 31,375 -78 0 0 0
390748,8 46 0 12,1875 -88 0 0 0
390748,7 55 0 10,3125 -86 0 0 0
390748,5 293 0 1 -86 0 0 0
390998,8 292 0 1 -87 0 0 0
390999,1 55 0 12,1875 -88 0 0 0
393249,1 291 0 13,75 -81 0 0 0
393499,2 287 0 14,875 -86 0 0 0
395750 295 0 37,125 -84 0 0 0
395749,6 295 0 20,0625 -80 0 0 0
395999,2 295 0 15,6875 -81 0 0 0
395999,2 299 0,5760815 19,8125 -85 0 0 0
389999,6 286 0,502036 10,1875 -86 0 0 0
389999,1 284 0 10,6875 -87 0 0 0
389999,1 290 0 10,1875 -89 0 0 0
392249,6 287 0 25,625 -87 0 0 0
392499,3 287 0 15,5625 -81 0 0 0
392498,6 286 0 15,625 -84 0 0 0
394749,8 335 0 16,625 -85 0 0 0
394749,4 287 0 20,125 -82 0 0 0
394999,5 162 0 14,6875 -76 0 0 0
394999,4 287 0 16,375 -77 0 0 0
388499,1 292 0 2,625 -89 0 0 0
388498,9 293 0 16,4375 -89 0 0 0
390998,9 55 0 1 -85 0 0 0
390998,9 57 0 1 -85 0 0 0
393498,8 292 0 9,875 -76 0 0 0
393498,8 291 0 9,875 -76 0 0 0
395999,5 296 0 10,75 -77 0 0 0
395999,5 296 0 10,125 -77 0 0 0
405015,2 30 0,7240015 5,6875 -86 0 0 0
387248,6 294 0 7,0625 -85 0 0 0
387248,8 293 0 6,6875 -85 0 0 0
389749,2 290 0 7 -85 0 0 0
389748,6 286 0 8,1875 -84 0 0 0
389748,8 287 0 6,875 -85 0 0 0
392249,4 288 0 11,375 -80 0 0 0
394749,4 286 0 63,9375 -74 0 0 0
394749,4 286 0 63,8125 -74 0 0 0
394749,3 286 0 64,0625 -74 0 0 0
403226,1 200 0 8,625 -82 0 0 0
390748,6 294 0 1 -86 0 0 0
390748,7 42 0 1 -86 0 0 0
390748,6 291 0 1 -86 0 0 0
393248,9 292 0 9,3125 -78 0 0 0
393249,3 292 0 9,9375 -78 0 0 0
395749,5 294 0 11,0625 -76 0 0 0
395749,7 294 0 11,75 -76 0 0 0
403223,9 200 0,5214829 10,0625 -83 0 0 0
386499,3 293 0 10,3125 -85 0 0 0
386499 293 0 11,4375 -85 0 0 0
391499,1 294 0 3,875 -81 0 0 0
391499,1 292 0 4,8125 -81 0 0 0
391498,9 293 0 40,6875 -82 0 0 0
393748 297 0,5302001 9,6875 -86 0 0 0
393999,1 290 0 12,625 -75 0 0 0
393998,9 295 0 14,875 -77 0 0 0
403225,4 199 0 1 -87 0 0 0
403227,4 199 0,5025518 13,4375 -83 0 0 0
388749,1 295 0,5418248 8,8125 -89 0 0 0
391248,9 293 0 1 -82 0 0 0
393749 292 0 10,625 -75 0 0 0
393748,9 293 0 9,5625 -75 0 0 0
396249,1 297 0 9,6875 -79 0 0 0
396249,2 99 0 8,9375 -79 0 0 0
396248,7 100 0 1 -88 0 0 0
403225,4 198 0 9,4375 -81 0 0 0
386749,1 59 0 11 -86 0 0 0
386748,8 57 0 9,125 -85 0 0 0
389249,3 287 0 7 -89 0 0 0
391749,1 290 0 23,8125 -81 0 0 0
391749,3 292 0 46 -80 0 0 0
394249,2 287 0 18,1875 -78 0 0 0
394249,1 287 0 13,4375 -75 0 0 0
394499,2 285 0 17,6875 -82 0 0 0
394499,2 161 0 15,25 -88 0 0 0
390498,4 58 0 1 -87 0 0 0
392999,3 289 0 11,125 -79 0 0 0
392999,2 289 0 10,8125 -78 0 0 0
395499,5 294 0 15,4375 -76 0 0 0
395499,7 294 0 18 -76 0 0 0
395499,6 293 0 15,1875 -76 0 0 0
403226,5 92 0 13,4375 -82 0 0 0
403227,5 91 0 38,375 -83 0 0 0
386499 293 0 11,4375 -85 0 0 0
386499,2 293 0 10,8125 -85 0 0 0
391499,1 293 0 5,1875 -82 0 0 0
391499 293 0 42,5 -81 0 0 0
393998,9 58 0 17,4375 -77 0 0 0
393999 292 0 14,375 -76 0 0 0
393999 99 0 12,0625 -75 0 0 0
394249,4 102 0 22,1875 -83 0 0 0
394248,9 285 0 20,9375 -86 0 0 0
394249,7 291 0 22,875 -89 0 0 0
403224,4 200 0 33,3125 -83 0 0 0
387498,7 291 0 7,125 -86 0 0 0
387498,7 111 0 6,9375 -86 0 0 0
389998,9 287 0 7,1875 -84 0 0 0
389999,3 285 0 6,5 -85 0 0 0
392499,6 285 0 12,6875 -79 0 0 0
392499,4 287 0 11,4375 -79 0 0 0
394999,5 286 0 34,125 -74 0 0 0
394999,5 286 0 34,125 -74 0 0 0
394999,5 286 0 34,5625 -74 0 0 0
403224,8 200 0 1 -84 0 0 0
403224,6 200 0 39,4375 -82 0 0 0
388749 293 0 7,25 -88 0 0 0
391248,9 294 0 1 -82 0 0 0
391248,9 292 0 1 -82 0 0 0
393748,7 292 0 1 -80 0 0 0
396248,6 293 0 1 -88 0 0 0
396249,3 293 0 8,6875 -79 0 0 0
387248,9 101 0 10,6875 -88 0 0 0
387248,9 291 0 8,875 -89 0 0 0
389749,3 287 0 9,4375 -85 0 0 0
389749,1 287 0 11 -86 0 0 0
389748,8 290 0 9,125 -88 0 0 0
391998,8 289 0 22,875 -89 0 0 0
392249,4 287 0 16,25 -82 0 0 0
392249,7 286 0 35,625 -84 0 0 0
394499,7 105 0 24,4375 -88 0 0 0
394499,7 162 0 18,8125 -85 0 0 0
394749,3 289 0 63,75 -75 0 0 0
394749,4 286 0 15,3125 -77 0 0 0
388248,7 61 0 16,5625 -89 0 0 0
390748,5 55 0 1 -85 0 0 0
390748,7 291 0 1 -86 0 0 0
393249,1 291 0 10,1875 -78 0 0 0
393249,1 290 0 10,4375 -78 0 0 0
395749,7 296 0 12,0625 -76 0 0 0
395749,6 296 0 10,8125 -76 0 0 0
386998,6 100 0 6,5625 -84 0 0 0
386998,4 292 0 6,1875 -84 0 0 0
389499,3 286 0 8,25 -85 0 0 0
389499,1 288 0 6,4375 -85 0 0 0
391999,2 288 0 13,5 -80 0 0 0
391999,4 287 0 16,625 -80 0 0 0
394499,2 105 0 3,9375 -75 0 0 0
394499,2 290 0 4,1875 -75 0 0 0
394499,3 286 0 1 -76 0 0 0
387498,7 287 0 6,0625 -87 0 0 0
389998,8 286 0,5263535 8,9375 -86 0 0 0
389999,1 286 0 9,125 -85 0 0 0
389998,9 284 0 7,375 -85 0 0 0
392499,5 286 0 13,3125 -79 0 0 0
392499,4 286 0 11,4375 -79 0 0 0
394999,5 286 0 34,875 -74 0 0 0
394999,5 287 0 34,125 -74 0 0 0
394999,5 287 0 34,125 -74 0 0 0
407076,1 190 0 33,5625 -84 0 0 0
388749 293 0 7,3125 -88 0 0 0
388749,1 294 0,5244466 8,8125 -89 0 0 0
391249 293 0 1 -82 0 0 0
391249 293 0 1 -82 0 0 0
393748,9 292 0 9,4375 -75 0 0 0
393748,9 292 0 9,4375 -75 0 0 0
393749,1 294 0,500402 9,9375 -75 90 0 0
396249,5 103 0 1 -89 0 0 0
396249 103 0 1 -89 0 0 0
407076,2 306 0 29,3125 -85 0 0 0
407078,5 190 0 7,625 -84 0 0 0
386748,8 56 0 8,75 -84 0 0 0
386749,1 291 0 9,8125 -83 0 0 0
389249,3 286 0 8,375 -88 0 0 0
389249,2 281 0,5399606 7,125 -86 0 0 0
389249,2 288 0 6,1875 -87 0 0 0
391749,3 289 0 43 -81 0 0 0
391749,3 61 0 45,375 -80 0 0 0
394249,2 105 0 11,4375 -74 0 0 0
394249,1 287 0 1 -76 0 0 0
387748,5 57 0 8,8125 -89 0 0 0
390248,7 162 0 8,5625 -85 0 0 0
390248,8 162 0 7,625 -85 0 0 0
392749,3 287 0 10,4375 -79 0 0 0
395249,5 292 0 16,25 -74 0 0 0
395249,6 292 0 18,375 -75 0 0 0
395249,4 292 0 16,5625 -74 0 0 0
405015,4 31 0,8037071 8,25 -85 0 0 0
386748,9 293 0 8,1875 -84 0 0 0
386748,8 290 0 7,4375 -83 0 0 0
389249,3 289 0 5,9375 -87 0 0 0
389249,2 103 0 5,8125 -86 0 0 0
389249,2 291 0,5138676 6,1875 -87 0 0 0
391749,3 291 0 45,25 -80 0 0 0
391749,2 58 0 23,625 -80 0 0 0
394249 290 0 1 -76 0 0 0
394249 287 0 1 -76 0 0 0
390748,8 289 0 1 -89 0 0 0
390749,9 290 0,5035011 15,25 -89 0 0 0
390999 55 0 1 -89 0 0 0
390999,1 295 0 10,6875 -85 0 0 0
393248,9 291 0 17,6875 -83 0 0 0
393249,1 290 0 14,0625 -81 0 0 0
393248,7 292 0 20,875 -85 0 0 0
393499,3 291 0 18,0625 -81 0 0 0
393499,7 292 0 39,0625 -84 0 0 0
393498,9 292 0 19,5625 -86 0 0 0
395749,6 296 0 20,375 -80 0 0 0
395749,7 294 0 14,6875 -82 0 0 0
395999,7 295 0 22,5625 -83 0 0 0
396000 297 0 34,0625 -85 0 0 0
387498,7 292 0 8,75 -88 0 0 0
387498,5 102 0 10,1875 -89 0 0 0
389999,1 287 0 11 -85 0 0 0
389999,5 286 0 10,6875 -88 0 0 0
392499,5 287 0 17,9375 -81 0 0 0
392499,3 162 0 17,9375 -82 0 0 0
394749,9 332 0 18,0625 -86 0 0 0
394749,8 104 0 18 -83 0 0 0
394999,4 289 0 36,625 -74 0 0 0
394999,5 162 0 15 -76 0 0 0
390498,5 290 0 1 -87 0 0 0
390498,3 40 0 1 -87 0 0 0
390498,4 148 0 1 -87 0 0 0
392999 289 0 10,125 -79 0 0 0
392999,3 150 0 11,5625 -79 0 0 0
395499,7 294 0 18,75 -76 0 0 0
395499,6 294 0 15,1875 -76 0 0 0
386499,3 56 0 13,75 -88 0 0 0
391499,1 293 0 13,125 -85 0 0 0
391498,9 306 0 34,875 -84 0 0 0
391749,1 289 0 32,9375 -85 0 0 0
391749,4 111 0 14,5 -89 0 0 0
393998,7 292 0 19,5625 -81 0 0 0
393999 56 0 18,8125 -79 0 0 0
393999 192 0,5768802 15,375 -76 0 0 0
394249,2 290 0 18,1875 -78 0 0 0
394249,3 286 0 21,6875 -80 0 0 0
394248,9 267 0,8985754 18,0625 -83 0 0,2579289 0
387748,7 283 0,5024076 6,375 -89 0 0 0
387748,6 106 0 6,1875 -89 0 0 0
390248,8 153 0 8,9375 -85 0 0 0
390248,8 162 0 8,9375 -85 0 0 0
392749,3 290 0,5533743 10,6875 -79 0 0 0
392749,3 285 0,5289685 10,75 -79 0 0 0
395249,5 292 0 19,6875 -75 0 0 0
395249,5 293 0 18,875 -75 0 0 0
395249,6 293 0 23,5 -75 0 0 0
386748,8 56 0 8,375 -83 0 0 0
386748,6 58 0 7,9375 -83 0 0 0
389249,1 288 0 6,4375 -87 0 0 0
389249,2 291 0 8 -85 0 0 0
391749,3 292 0 45,375 -80 0 0 0
394249 105 0 1 -76 0 0 0
394249 104 0 1 -76 0 0 0
394249 287 0 1 -76 0 0 0
390248,7 162 0 11,375 -87 0 0 0
392499,7 162 0 33,5625 -85 0 0 0
392500,2 278 0 6,625 -89 0 0 0
392500,2 162 0 8,625 -87 0 0 0
392749,2 287 0 15,6875 -81 0 0 0
392749,6 287 0 22,5 -83 0 0 0
392749,4 284 0,5084683 21,875 -84 0 0 0
394999,7 162 0 18,625 -84 0 0 0
394999,7 289 0 18,625 -81 0 0 0
395249,7 292 0 14,0625 -78 0 0 0
395249,7 291 0 14,875 -79 0 0 0
390748,6 55 0 1 -86 0 0 0
390748,6 55 0 1 -86 0 0 0
393249 291 0 11,5 -79 0 0 0
393249 290 0 11,625 -79 0 0 0
393249,2 290 0 12,6875 -80 0 0 0
395749,7 293 0 15,5625 -77 0 0 0
395749,6 296 0 17,0625 -78 0 0 0
407025,2 300 0 13,1875 -67 0 0 0
386498,8 294 0 11 -86 0 0 0
386499 295 0 10,1875 -86 0 0 0
391249,3 294 0 14,75 -87 0 0 0
391499 294 0 43 -81 0 0 0
391499,1 293 0 5,875 -84 0 0 0
393749,2 295 0 16 -88 0 0 0
393748,9 292 0 17,8125 -84 0 0 0
393999,1 58 0 12,9375 -75 0 0 0
393999,1 59 0 15,8125 -77 0 0 0
396248,7 297 0,701516 14,375 -88 0 0 0
386998,3 58 0 11,4375 -89 0 0 0
386998,7 292 0 9,625 -87 0 0 0
389499,3 291 0 11,4375 -89 0 0 0
389748,3 286 0 12,6875 -89 0 0 0
391999,4 286 0 32,0625 -85 0 0 0
391999,4 290 0 34,875 -84 0 0 0
392249,3 288 0 17,0625 -86 0 0 0
394499,2 286 0 18,5625 -80 0 0 0
394499,4 287 0 17,9375 -78 0 0 0
394749,4 162 0 21,1875 -81 0 0 0
394749,2 287 0 20,125 -79 0 0 0
388749 295 0 9,3125 -89 0 0 0
391249 292 0 1 -83 0 0 0
391249 293 0 1 -83 0 0 0
393749 292 0 9,875 -75 0 0 0
393749,1 293 0 10,375 -75 0 0 0
396249,3 99 0 9,8125 -79 0 0 0
396249,5 101 0 10,9375 -80 0 0 0
387248,5 295 0 7,3125 -86 0 0 0
387248,3 296 0 8,375 -88 0 0 0
389749,5 287 0 9,5625 -86 0 0 0
389748,5 284 0,5390402 9,625 -87 0 0 0
392249,5 287 0 16,8125 -81 0 0 0
392249,3 288 0 16,8125 -82 0 0 0
394498,8 286 0 13 -89 0 0 0
394498,9 333 0 25,9375 -83 0 0 0
394749,3 285 0 64,6875 -75 0 0 0
394749,4 287 0 5,125 -75 0 0 0
394749,3 287 0 16,125 -77 0 0 0
390748,6 55 0 1 -87 0 0 0
390748,5 55 0 1 -87 0 0 0
392999,2 291 0 17,5625 -86 0 0 0
392999,7 46 0 15,25 -88 0 0 0
393249,1 291 0 14,0625 -81 0 0 0
393249 291 0 14,6875 -82 0 0 0
395499,4 292 0 23,375 -83 0 0 0
395499,4 294 0 27,4375 -88 0 0 0
395749,8 295 0 20,75 -79 0 0 0
395749,3 295 0 19,6875 -81 0 0 0
386499,3 289 0 11,4375 -89 0 0 0
386498,9 60 0 10,6875 -88 0 0 0
386498,8 56 0 8,9375 -86 0 0 0
386748,8 59 0 10,1875 -89 0 0 0
391499,1 291 0 12,1875 -85 0 0 0
391498,9 292 0 37,75 -83 0 0 0
391749,4 296 0 7 -85 0 0 0
391749,4 297 0 6,875 -87 0 0 0
393999 291 0 20 -80 0 0 0
393999 102 0 18,3125 -79 0 0 0
394249,2 60 0 20,125 -79 0 0 0
394249,2 106 0 19,5625 -80 0 0 0
387248,5 293 0 5,875 -85 0 0 0
387248,5 101 0 5,875 -85 0 0 0
389749,2 288 0 5,9375 -85 0 0 0
389749,3 286 0 7,4375 -84 0 0 0
392249,5 288 0 10,9375 -80 0 0 0
392249,4 286 0 11,1875 -80 0 0 0
394749,4 286 0 63,5625 -74 0 0 0
394749,4 286 0 63,8125 -74 0 0 0
394749,4 287 0 4,1875 -75 0 0 0
407075,8 193 0 14,25 -83 0 0 0
387748,8 285 0 6,25 -88 0 0 0
390249 156 0 8 -85 0 0 0
390248,8 287 0 7,625 -85 0 0 0
390248,7 43 0 7,3125 -85 0 0 0
392749,4 291 0 10,6875 -79 0 0 0
392749,3 286 0 9,875 -79 0 0 0
395249,6 293 0 23,5 -75 0 0 0
395249,6 293 0 18,125 -75 0 0 0
407075,8 306 0 14,25 -83 0 0 0
407074,9 306 0 7,9375 -83 0 0 0
386499 57 0 9,3125 -83 0 0 0
386499,2 57 0 10,4375 -83 0 0 0
388999,1 292 0,5060259 6,625 -89 0 0 0
388999,3 292 0 9,125 -89 0 0 0
391499,1 292 0 4,25 -79 0 0 0
391499,1 293 0 3,875 -80 0 0 0
391499,1 292 0 4,1875 -80 0 0 0
393998,9 100 0 10,875 -74 0 0 0
387248,4 292 0 8 -85 0 0 0
387248,4 294 0 8 -85 0 0 0
387248,6 293 0 8,5625 -85 0 0 0
389749,3 288 0 9,4375 -85 0 0 0
392249,5 287 0 18,125 -80 0 0 0
392249,3 286 0 14,5625 -80 0 0 0
394749,4 287 0 5,3125 -74 0 0 0
394749,4 287 0 5,625 -74 0 0 0
394749,4 287 0 5,125 -74 0 0 0
387748,6 285 0 9,3125 -89 0 0 0
387748,7 103 0 9,5625 -89 0 0 0
390248,7 55 0 11,375 -87 0 0 0
392749,4 287 0 15,625 -80 0 0 0
392749,3 288 0 18,75 -81 0 0 0
395249,6 293 0 35,125 -75 0 0 0
395249,5 292 0 16,375 -77 0 0 0
395249,5 294 0 13,8125 -76 0 0 0
395497,9 294 0 27,4375 -89 0 0 0
395499,7 295 0,5023909 15,5625 -85 0 0 0
405015,2 23 0,6439168 8,9375 -85 1 0 0
388749,1 296 0 8,8125 -89 0 0 0
388748,9 295 0 7,75 -88 0 0 0
391249 293 0 1 -83 0 0 0
393748,8 56 0 1 -80 0 0 0
393748,9 293 0 10,5625 -75 0 0 0
393749 293 0 10,875 -76 0 0 0
396249,1 297 0,5226658 9,3125 -80 0 0 0
396249,3 99 0 9,9375 -80 0 0 0
386998,8 294 0 8,1875 -84 0 0 0
386998,4 293 0 7,3125 -85 0 0 0
389499,1 286 0 7,625 -85 0 0 0
389499,3 287 0 7,0625 -85 0 0 0
391999,3 287 0 13,1875 -80 0 0 0
391999,4 286 0 16,625 -80 0 0 0
394499,2 290 0 4,5625 -75 0 0 0
394499,3 286 0 1 -76 0 0 0
394499,3 286 0 1 -76 0 0 0
405015 34 0,7492066 6,1875 -86 0 0 0
405015 18 0,5503548 6,1875 -85 0 0 0
387748,6 162 0 9,125 -89 0 0 0
387748,6 106 0 7,4375 -88 0 0 0
390248,8 162 0 6,375 -84 0 0 0
390248,7 162 0 7,0625 -85 0 0 0
390248,6 36 0 6,6875 -84 0 0 0
392749,5 59 0 9,875 -78 0 0 0
392749,3 289 0 9,1875 -78 0 0 0
395249,6 292 0 18,125 -75 0 0 0
395249,6 292 0 15,4375 -74 0 0 0
386748,5 60 0 10,0625 -85 0 0 0
386748,5 60 0 8,5 -85 0 0 0
389249,4 289 0,5291426 9,8125 -89 0 0 0
389249 291 0,5302873 6,625 -87 0 0 0
391749 292 0 22,375 -82 0 0 0
391749,1 56 0 24,625 -80 0 0 0
394249,1 105 0 15,625 -77 0 0 0
394249,2 287 0 14,1875 -75 0 0 0
394499,2 287 0 19,8125 -84 0 0 0
394499,2 162 0 20,875 -87 0 0 0
387498,5 198 0 1 -89 0 0 0
387498,9 103 0 9,5625 -86 0 0 0
389998,9 285 0 9,4375 -84 0 0 0
389998,8 287 0 10,0625 -85 0 0 0
392499,5 162 0 16,875 -78 0 0 0
392499,2 287 0 13,75 -79 0 0 0
394999,4 162 0 37 -73 0 0 0
394999,4 287 0 37,25 -73 0 0 0
388498,9 293 0 16,8125 -89 0 0 0
390998,9 55 0 1 -84 0 0 0
390998,8 55 0 1 -84 0 0 0
393498,8 291 0 10,125 -75 0 0 0
393498,8 291 0 10,0625 -75 0 0 0
393498,8 293 0 10,125 -76 0 0 0
395999,4 295 0 12,625 -76 0 0 0
395999,6 295 0 13,0625 -77 0 0 0
395999,6 297 0 13,3125 -77 0 0 0
403227 198 0 13,75 -82 0 0 0
386748,6 61 0 9 -83 0 0 0
386748,5 292 0 9,4375 -84 0 0 0
386749,2 294 0 11,5 -83 0 0 0
389249,3 290 0 11,1875 -86 0 0 0
391749,3 56 0 49,0625 -79 0 0 0
391749,3 99 0 46,3125 -80 0 0 0
394249,1 288 0 13 -74 0 0 0
394249 290 0 10,9375 -74 0 0 0
394249 104 0 1 -74 0 0 0
403225,9 91 0,5017555 8,6875 -81 0 0 0
387499,1 291 0 8,375 -86 0 0 0
387498,7 291 0 8,8125 -86 0 0 0
387498,6 289 0 8,5625 -86 0 0 0
389999,3 162 0 10,0625 -85 0 0 0
389999,3 287 0 9,4375 -84 0 0 0
392499,3 287 0 16,125 -79 0 0 0
394999,5 286 0 67,125 -74 0 0 0
394999,4 288 0 37,875 -73 0 0 0
394999,4 287 0 37 -73 0 0 0
403225,2 198 0 1 -86 0 0 0
388248,9 290 0 16,5625 -89 0 0 0
388248,9 285 0 16,5625 -89 0 0 0
388248,9 292 0 16,25 -89 0 0 0
390748,8 56 0 1 -85 0 0 0
393249,2 58 0 11 -77 0 0 0
393249 292 0 10,9375 -78 0 0 0
395749,7 294 0 15,3125 -76 0 0 0
395749,7 295 0 15,5 -76 0 0 0
395749,6 296 0 15,5625 -76 0 0 0
391249,2 293 0 13,75 -84 0 0 0
391249 294 0 11,8125 -82 0 0 0
391498,6 292 0,504159 16,25 -86 0 0 0
393748,8 58 0 21,6875 -80 0 0 0
393749,2 292 0 21,375 -78 0 0 0
393749 292 0 18 -77 0 0 0
393999 58 0 22,125 -79 0 0 0
393999,7 291 0,5072384 19,3125 -81 0 0 0
393998,7 285 0 19,8125 -86 0 0 0
396249,5 99 0 21,0625 -85 0 0 0
396249,5 103 0,5191751 18,3125 -82 0 0 0
387248,2 288 0 1 -89 0 0 0
387248,7 293 0 8,9375 -85 0 0 0
389749,3 287 0 11,4375 -85 0 0 0
389749 285 0 8,5 -85 0 0 0
392249,4 286 0 18,5 -80 0 0 0
392249,5 286 0 17,8125 -80 0 0 0
392249,5 287 0 17,8125 -80 0 0 0
394749,4 287 0 7,25 -74 0 0 0
394749,4 287 0 5,625 -74 0 0 0
388499,1 291 0 2,5625 -89 0 0 0
388499,1 291 0 2,9375 -88 0 0 0
390998,8 55 0 1 -84 0 0 0
393499 292 0 10,125 -75 0 0 0
393499 292 0 10,125 -75 0 0 0
393498,8 292 0 10,25 -76 0 0 0
395999,4 295 0 12,1875 -77 0 0 0
395999,6 296 0 13,25 -77 0 0 0
386748,9 58 0 8,625 -82 0 0 0
386748,6 58 0 9 -83 0 0 0
389249,2 288 0 8,5625 -86 0 0 0
389249,2 289 0 8,5625 -86 0 0 0
391749,3 291 0 49,0625 -79 0 0 0
391749,3 291 0 49,0625 -79 0 0 0
394249,1 104 0 1 -75 0 0 0
394249,1 287 0 1 -75 0 0 0
394249,1 286 0 1 -75 0 0 0
387498,6 103 0 12,8125 -88 0 0 0
387498,5 285 0 9,25 -87 0 0 0
389998,5 287 0 9,4375 -86 0 0 0
389999,1 287 0 9,75 -86 0 0 0
389998,7 287 0 9,4375 -85 0 0 0
392499,5 288 0 25,125 -81 0 0 0
392499,4 286 0 20,25 -79 0 0 0
394999,5 287 0 67,125 -74 0 0 0
394999,5 162 0 15,5 -74 0 0 0
395250 291 0 25,9375 -89 0 0 0
390998,6 291 0 12 -86 0 0 0
390999 292 0 13 -87 0 0 0
391249,2 294 0 14,5 -86 0 0 0
391248,6 293 0 13,625 -84 0 0 0
393498,9 293 0 18,3125 -80 0 0 0
393499,7 291 0,5146387 25,3125 -83 0 0 0
393498,1 291 0 16,3125 -86 0 0 0
393749,9 293 0 17,875 -82 0 0 0
393748,4 292 0 24,4375 -80 0 0 0
393749,2 291 0 22 -78 0 0 0
395998,7 295 0 18,8125 -83 0 0 0
396000,8 293 0 14,5625 -86 0 0 0
396248,7 100 0 19,8125 -85 0 0 0
396249,1 101 0 15,625 -82 0 0 0
387248,9 293 0 8 -85 0 0 0
387248,7 291 0 7,3125 -85 0 0 0
389749,2 287 0 8 -85 0 0 0
389749 286 0 9 -83 0 0 0
392249,3 287 0 15,625 -79 0 0 0
392249,5 287 0 18,125 -80 0 0 0
394749,4 286 0 5,3125 -74 0 0 0
394749,4 287 0 5,625 -74 0 0 0
394749,4 286 0 5,625 -74 0 0 0
388498,9 292 0 16,4375 -89 0 0 0
390998,8 58 0 1 -84 0 0 0
390998,8 55 0 1 -84 0 0 0
393499 292 0 10,5 -75 0 0 0
393498,8 291 0 10,0625 -75 0 0 0
393499 292 0 11,375 -75 0 0 0
395999,4 296 0 11,9375 -77 0 0 0
395999,4 295 0 13,3125 -77 0 0 0
395999,4 297 0 12,5 -76 0 0 0
386748,5 58 0 8,9375 -83 0 0 0
386748,8 293 0 8,75 -84 0 0 0
386749,1 99 0 10,6875 -82 0 0 0
389249,2 288 0 8,5625 -86 0 0 0
389249,2 290 0 7,125 -86 0 0 0
391749,3 291 0 48,625 -79 0 0 0
391749,2 99 0 25,9375 -79 0 0 0
394249 287 0 1 -74 0 0 0
394249,1 105 0 10,6875 -73 0 0 0
387748,9 177 0 7,25 -89 0 0 0
390248,6 162 0 11,1875 -86 0 0 0
390499,2 34 0 12,4375 -87 0 0 0
392749,6 149 0 37,0625 -84 0 0 0
392749,3 290 0 18,75 -82 0 0 0
392749,3 287 0 19,3125 -81 0 0 0
392999,9 291 0 18,625 -85 0 0 0
392998,4 289 0,5946813 18,3125 -87 0 0 0
395249,6 292 0 17,4375 -79 0 0 0
395499,2 293 0 16,8125 -82 0 0 0
390749,4 55 0 13,25 -87 0 0 0
390998,8 292 0 11,6875 -85 0 0 0
390998,9 292 0 11,5 -86 0 0 0
393249,4 162 0 24,4375 -83 0 0 0
393250,9 288 0,5620611 9,125 -89 0 0 0
393498,8 292 0 16,1875 -79 0 0 0
393499,3 293 0 18,0625 -81 0 0 0
395750,8 95 0 16,0625 -86 0 0 0
395750,5 298 0,5037612 15,6875 -84 0 0 0
395750 296 0 15,6875 -81 0 0 0
395999,6 296 0 20,6875 -80 0 0 0
395999,2 296 0 25,1875 -82 0 0 0
396000 296 0 38,4375 -84 0 0 0
386499,1 292 0 9,9375 -84 0 0 0
386498,9 57 0 9,8125 -83 0 0 0
386498,9 58 0 9,8125 -83 0 0 0
388999,2 294 0 7,75 -88 0 0 0
391499,1 293 0 4,0625 -80 0 0 0
391499,1 99 0 4,0625 -80 0 0 0
393998,9 59 0 11 -73 0 0 0
393998,9 59 0 10,125 -74 0 0 0
387498,3 102 0 1 -88 0 0 0
387498,4 291 0 1 -89 0 0 0
387498,3 342 0 1 -89 0 0 0
389998,8 162 0 10,0625 -85 0 0 0
389999,1 286 0 11 -85 0 0 0
392499,5 286 0 20,1875 -79 0 0 0
392499,4 286 0 19,3125 -80 0 0 0
394749,9 162 0 18,3125 -87 0 0 0
394999,4 286 0 37,375 -73 0 0 0
394999,5 287 0 15,625 -74 0 0 0
387998,5 162 0,7252322 3,0625 -89 0 0 0
387998,7 280 0,5205405 16,8125 -89 0 0 0
390498,7 55 0 9,75 -83 0 0 0
390498,8 55 0 9,0625 -82 0 0 0
392999,2 288 0,5111712 14,375 -79 0 0 0
392999,2 292 0 12,3125 -79 0 0 0
395499,6 294 0 23,375 -77 0 0 0
395499,7 294 0 23,625 -76 0 0 0
395499,6 293 0 19,8125 -75 0 0 0
386998,4 291 0 6 -84 0 0 0
386998,4 294 0 6,875 -84 0 0 0
389499,3 286 0 7,0625 -85 0 0 0
389499,3 289 0 6,875 -85 0 0 0
391999,3 289 0 12,9375 -80 0 0 0
391999,4 287 0 16,375 -80 0 0 0
394499,2 287 0 3,5 -75 0 0 0
394499,3 286 0 1 -76 0 0 0
394499,3 290 0 1 -76 0 0 0
387498,6 292 0 5,6875 -86 0 0 0
387498,7 102 0 5,9375 -86 0 0 0
387498,7 102 0 5,9375 -86 0 0 0
389998,7 288 0 5,3125 -85 0 0 0
392499,5 286 0 10,875 -79 0 0 0
392499,5 162 0 10,875 -79 0 0 0
394999,4 162 0 23,75 -74 0 0 0
394999,4 162 0 23,5625 -74 0 0 0
394999,5 286 0 33,5625 -74 0 0 0
386748,8 294 0 12,1875 -86 0 0 0
386749,3 290 0 10,1875 -86 0 0 0
391499,5 96 0 1 -88 0 0 0
391499,1 294 0 12,8125 -86 0 0 0
391749,4 290 0 6,3125 -83 0 0 0
391749,1 102 0 35,625 -84 0 0 0
393998,7 291 0 32,375 -86 0 0 0
393998,7 291 0 21,875 -83 0 0 0
393999 291 0 18,9375 -80 0 0 0
394249,1 104 0 14,8125 -76 0 0 0
394249,1 289 0 17 -77 0 0 0
394249,2 287 0 18,625 -79 0 0 0
403226,2 198 0 7,3125 -82 0 0 0
387748,7 55 0 6,875 -87 0 0 0
387748,5 279 0 8,625 -89 0 0 0
390248,9 288 0 6,6875 -85 0 0 0
390248,6 155 0 6,875 -85 0 0 0
392749,5 287 0 12,1875 -79 0 0 0
392749,3 58 0 9,5 -78 0 0 0
392749,4 287 0 10,6875 -79 0 0 0
395249,5 292 0 16 -74 0 0 0
395249,6 292 0 18,375 -75 0 0 0
386499 293 0 8,5 -84 0 0 0
388999,2 294 0 6,25 -89 0 0 0
388999,3 291 0 8,75 -89 0 0 0
391499,1 98 0 4 -81 0 0 0
391499,1 292 0 44,6875 -80 0 0 0
393999 290 0 10,3125 -74 0 0 0
393998,8 99 0 1 -77 0 0 0
393998,9 291 0 1 -78 0 0 0
387248,5 293 0 9,125 -86 0 0 0
387248,3 293 0 9,8125 -87 0 0 0
389749,3 285 0 10,1875 -86 0 0 0
389749,3 283 0 8,875 -87 0 0 0
392249,4 288 0 21,75 -83 0 0 0
392249,4 287 0 16,25 -82 0 0 0
394498,7 161 0 32,5625 -86 0 0 0
394499,2 285 0 18,875 -84 0 0 0
394749,3 287 0 63,3125 -75 0 0 0
394749,4 162 0 14,5625 -76 0 0 0
394749,4 285 0 15,8125 -77 0 0 0
390498,7 155 0 1 -88 0 0 0
390498,6 290 0 1 -88 0 0 0
390498,6 55 0 1 -88 0 0 0
392999 288 0,5316203 8,625 -78 0 0 0
395499,7 294 0 14,625 -76 0 0 0
395499,7 293 0 13,0625 -75 0 0 0
386498,8 60 0 7,75 -84 0 0 0
386498,8 58 0 7,75 -84 0 0 0
388999,2 290 0 6,5 -89 0 0 0
391499,1 294 0 3,5625 -80 0 0 0
391499,1 292 0 3,875 -81 0 0 0
393998,8 291 0 1 -77 0 0 0
393999,1 292 0 10,4375 -74 0 0 0
393998,9 290 0 11,5625 -75 0 0 0
387248,5 295 0 7,3125 -86 0 0 0
387248,4 292 0 8 -85 0 0 0
389749,2 286 0 8,875 -84 0 0 0
389749,2 285 0 7,75 -84 0 0 0
389748,8 287 0 9,5625 -83 0 0 0
392249,3 286 0 14,9375 -80 0 0 0
392249,5 287 0 18,125 -80 0 0 0
392249,4 287 0 18,5 -80 0 0 0
394749,3 286 0 64,875 -74 0 0 0
